=== md5 of self-energy outputs (in SEBK after gwsc) ===
33ba4cdc1feb4e23b284e3c5437cf5ef  SEBK/SECU
ac8764d9bbca1cc2607233dc2a82ed0b  SEBK/SEC2U
71640de8673f8fd98034e606b0297a0c  SEBK/SEXU
de28249151be9f696a3c128d6a08cab0  SEBK/SEX2U

=== diagnostic lines from lcombined ===

=== first 100 SECU rows (text, fp-precise) ===
  *** 
 jband   iq ispin                             qibz            eigen-Ef (in eV)           Re(Sc) 3-points (in eV)                                   In(Sc) 3-points (in eV)                Zfactor(=1)
    1    1    1  0.0000000000000000D+00  0.0000000000000000D+00  0.0000000000000000D+00    -0.8363806712502051D+01     0.5375023984486630D+01    -0.2743767452823009D-14
    2    1    1  0.0000000000000000D+00  0.0000000000000000D+00  0.0000000000000000D+00    -0.2207606190012468D+01     0.8500762795010871D+01     0.0000000000000000D+00
    3    1    1  0.0000000000000000D+00  0.0000000000000000D+00  0.0000000000000000D+00    -0.2207565847561444D+01     0.8500665500923013D+01    -0.5546540657319632D-15
    4    1    1  0.0000000000000000D+00  0.0000000000000000D+00  0.0000000000000000D+00    -0.2207527013227655D+01     0.8500724490933369D+01    -0.7965776475937770D-15
    5    1    1  0.0000000000000000D+00  0.0000000000000000D+00  0.0000000000000000D+00    -0.8808437021962301D+00     0.9547094451549578D+01    -0.4042308873833953D-14
    6    1    1  0.0000000000000000D+00  0.0000000000000000D+00  0.0000000000000000D+00    -0.8807678578843399D+00     0.9547006044829580D+01    -0.4999631096494831D-14
    7    1    1  0.0000000000000000D+00  0.0000000000000000D+00  0.0000000000000000D+00     0.2597695409111275D+02    -0.6085187129041319D+01    -0.6035182038366740D-15
    8    1    1  0.0000000000000000D+00  0.0000000000000000D+00  0.0000000000000000D+00     0.2597696620518729D+02    -0.6085128362207951D+01    -0.3500424021550108D-14
    9    1    1  0.0000000000000000D+00  0.0000000000000000D+00  0.0000000000000000D+00     0.2597697697115368D+02    -0.6085191594029177D+01    -0.1910311210433224D-15
   10    1    1  0.0000000000000000D+00  0.0000000000000000D+00  0.0000000000000000D+00     0.3167494167956404D+02     0.0000000000000000D+00     0.0000000000000000D+00
   11    1    1  0.0000000000000000D+00  0.0000000000000000D+00  0.0000000000000000D+00     0.3167494845412243D+02     0.0000000000000000D+00     0.0000000000000000D+00
   12    1    1  0.0000000000000000D+00  0.0000000000000000D+00  0.0000000000000000D+00     0.3167495708075460D+02     0.0000000000000000D+00     0.0000000000000000D+00
    1    2    1  0.0000000000000000D+00  0.2000000000000000D+00  0.2000000000000000D+00    -0.6854512677720371D+01     0.4705533501209690D+01    -0.2038775490492944D-14
    2    2    1  0.0000000000000000D+00  0.2000000000000000D+00  0.2000000000000000D+00    -0.2584129573081111D+01     0.8777825578735250D+01    -0.8860266792714947D-14
    3    2    1  0.0000000000000000D+00  0.2000000000000000D+00  0.2000000000000000D+00    -0.2313514896090003D+01     0.8216666892694883D+01    -0.2433514749540717D-14
    4    2    1  0.0000000000000000D+00  0.2000000000000000D+00  0.2000000000000000D+00    -0.1410828021026131D+01     0.7258265172096365D+01    -0.1006084944629899D-13
    5    2    1  0.0000000000000000D+00  0.2000000000000000D+00  0.2000000000000000D+00    -0.1096786214108636D+01     0.9358830490040056D+01    -0.2584256005769400D-14
    6    2    1  0.0000000000000000D+00  0.2000000000000000D+00  0.2000000000000000D+00    -0.8450325754801227D+00     0.9385527596119866D+01    -0.2719058794309684D-14
    7    2    1  0.0000000000000000D+00  0.2000000000000000D+00  0.2000000000000000D+00     0.1828630463007404D+02    -0.6386056736020586D+01    -0.1196295516939011D-14
    8    2    1  0.0000000000000000D+00  0.2000000000000000D+00  0.2000000000000000D+00     0.2241173856862905D+02    -0.6392405423638452D+01    -0.4308733672113365D-14
    9    2    1  0.0000000000000000D+00  0.2000000000000000D+00  0.2000000000000000D+00     0.2568961455672986D+02    -0.6417010427303643D+01    -0.7829417871679530D-14
   10    2    1  0.0000000000000000D+00  0.2000000000000000D+00  0.2000000000000000D+00     0.2570674927672025D+02    -0.7252926831981243D+01    -0.3175434286050504D-15
   11    2    1  0.0000000000000000D+00  0.2000000000000000D+00  0.2000000000000000D+00     0.2825859747136957D+02     0.0000000000000000D+00     0.0000000000000000D+00
   12    2    1  0.0000000000000000D+00  0.2000000000000000D+00  0.2000000000000000D+00     0.3115559536417879D+02     0.0000000000000000D+00     0.0000000000000000D+00
    1    3    1  0.0000000000000000D+00  0.4000000000000000D+00  0.4000000000000000D+00    -0.4815297536544223D+01     0.7777113736522366D+01    -0.1385897592433988D-14
    2    3    1  0.0000000000000000D+00  0.4000000000000000D+00  0.4000000000000000D+00    -0.3151408348428784D+01     0.9129667176109336D+01    -0.1082017971314880D-14
    3    3    1  0.0000000000000000D+00  0.4000000000000000D+00  0.4000000000000000D+00    -0.1071515313659089D+01     0.6621426847134809D+01    -0.7946599606643845D-14
    4    3    1  0.0000000000000000D+00  0.4000000000000000D+00  0.4000000000000000D+00    -0.7267829327281559D+00     0.9062326297998116D+01    -0.1090868834065922D-14
    5    3    1  0.0000000000000000D+00  0.4000000000000000D+00  0.4000000000000000D+00    -0.6972082672602319D+00     0.4831387346952888D+01    -0.8504803237124924D-14
    6    3    1  0.0000000000000000D+00  0.4000000000000000D+00  0.4000000000000000D+00     0.1060769504561994D+00     0.2365194510864801D+01    -0.2918479795669098D-14
    7    3    1  0.0000000000000000D+00  0.4000000000000000D+00  0.4000000000000000D+00     0.9223826011225070D+01    -0.5134842274478721D+01    -0.4640894565616661D-14
    8    3    1  0.0000000000000000D+00  0.4000000000000000D+00  0.4000000000000000D+00     0.1861152220892113D+02    -0.6151985377645304D+01    -0.2444344955621826D-14
    9    3    1  0.0000000000000000D+00  0.4000000000000000D+00  0.4000000000000000D+00     0.2010701545485259D+02    -0.6881822597560228D+01    -0.1347569063823051D-13
   10    3    1  0.0000000000000000D+00  0.4000000000000000D+00  0.4000000000000000D+00     0.2596627941576084D+02    -0.6824840789905786D+01    -0.6147246868303110D-14
   11    3    1  0.0000000000000000D+00  0.4000000000000000D+00  0.4000000000000000D+00     0.2858118399233435D+02     0.0000000000000000D+00     0.0000000000000000D+00
   12    3    1  0.0000000000000000D+00  0.4000000000000000D+00  0.4000000000000000D+00     0.3506258476023120D+02     0.0000000000000000D+00     0.0000000000000000D+00
    1    4    1  0.2000000000000000D+00  0.2000000000000000D+00  0.4000000000000000D+00    -0.4673013773738387D+01     0.5426155259326180D+01    -0.1117829391773979D-13
    2    4    1  0.2000000000000000D+00  0.2000000000000000D+00  0.4000000000000000D+00    -0.2974534449142647D+01     0.8855609622767057D+01    -0.8570032251670363D-14
    3    4    1  0.2000000000000000D+00  0.2000000000000000D+00  0.4000000000000000D+00    -0.2706969698854157D+01     0.8038999751896860D+01    -0.3137815238218357D-14
    4    4    1  0.2000000000000000D+00  0.2000000000000000D+00  0.4000000000000000D+00    -0.1132697674251252D+01     0.8970160597137669D+01    -0.5674878167209741D-14
    5    4    1  0.2000000000000000D+00  0.2000000000000000D+00  0.4000000000000000D+00    -0.6399212031336166D+00     0.8668063860938542D+01     0.0000000000000000D+00
    6    4    1  0.2000000000000000D+00  0.2000000000000000D+00  0.4000000000000000D+00     0.4248587549481010D+00     0.1226892265751322D+01    -0.6196525890599276D-14
    7    4    1  0.2000000000000000D+00  0.2000000000000000D+00  0.4000000000000000D+00     0.1391882368605665D+02    -0.5852080150728630D+01    -0.1897864684689572D-15
    8    4    1  0.2000000000000000D+00  0.2000000000000000D+00  0.4000000000000000D+00     0.1444551739735770D+02    -0.6361229205982895D+01    -0.1536166341666847D-15
    9    4    1  0.2000000000000000D+00  0.2000000000000000D+00  0.4000000000000000D+00     0.2049403096381221D+02    -0.6781451815259417D+01    -0.3653193600492572D-14
   10    4    1  0.2000000000000000D+00  0.2000000000000000D+00  0.4000000000000000D+00     0.2699074535689802D+02    -0.6555313435638926D+01    -0.1347803156465799D-14
   11    4    1  0.2000000000000000D+00  0.2000000000000000D+00  0.4000000000000000D+00     0.3147918861518366D+02     0.0000000000000000D+00     0.0000000000000000D+00
   12    4    1  0.2000000000000000D+00  0.2000000000000000D+00  0.4000000000000000D+00     0.3539722078998575D+02     0.0000000000000000D+00     0.0000000000000000D+00
    1    5    1  0.2000000000000000D+00  0.4000000000000000D+00  0.6000000000000001D+00    -0.4059000509742936D+01     0.8519329483195056D+01    -0.1191109464545822D-13
    2    5    1  0.2000000000000000D+00  0.4000000000000000D+00  0.6000000000000001D+00    -0.3166586567892054D+01     0.8914059114986372D+01    -0.7134901735183704D-14
    3    5    1  0.2000000000000000D+00  0.4000000000000000D+00  0.6000000000000001D+00    -0.2176801662781470D+01     0.7311967476399039D+01    -0.3198987607336236D-14
    4    5    1  0.2000000000000000D+00  0.4000000000000000D+00  0.6000000000000001D+00    -0.8834509079536966D+00     0.8727354100017134D+01    -0.3112553400783091D-15
    5    5    1  0.2000000000000000D+00  0.4000000000000000D+00  0.6000000000000001D+00    -0.4186809846622214D+00     0.7542961971296094D+01    -0.1582183913235741D-14
    6    5    1  0.2000000000000000D+00  0.4000000000000000D+00  0.6000000000000001D+00     0.3734381881938575D+01    -0.2719876067190700D+01    -0.3842012005848133D-14
    7    5    1  0.2000000000000000D+00  0.4000000000000000D+00  0.6000000000000001D+00     0.7306301309669990D+01    -0.4706909700014378D+01    -0.8600088306429110D-15
    8    5    1  0.2000000000000000D+00  0.4000000000000000D+00  0.6000000000000001D+00     0.1244772675586598D+02    -0.5927729124538842D+01    -0.4547084640104315D-14
    9    5    1  0.2000000000000000D+00  0.4000000000000000D+00  0.6000000000000001D+00     0.1880031440690737D+02    -0.6653601232294371D+01    -0.1273083666040824D-14
   10    5    1  0.2000000000000000D+00  0.4000000000000000D+00  0.6000000000000001D+00     0.2759701347960648D+02     0.0000000000000000D+00     0.0000000000000000D+00
   11    5    1  0.2000000000000000D+00  0.4000000000000000D+00  0.6000000000000001D+00     0.3140756257904761D+02     0.0000000000000000D+00     0.0000000000000000D+00
   12    5    1  0.2000000000000000D+00  0.4000000000000000D+00  0.6000000000000001D+00     0.3615972162078628D+02     0.0000000000000000D+00     0.0000000000000000D+00
    1    6    1  0.4000000000000000D+00  0.4000000000000000D+00  0.4000000000000000D+00    -0.3276712126218953D+01     0.8565566633808380D+01    -0.1652529832809127D-14
    2    6    1  0.4000000000000000D+00  0.4000000000000000D+00  0.4000000000000000D+00    -0.3276668937391813D+01     0.8565690899921361D+01    -0.5749833911132627D-14
    3    6    1  0.4000000000000000D+00  0.4000000000000000D+00  0.4000000000000000D+00    -0.3024439237241097D+01     0.6636403668033763D+01    -0.6837683310249626D-14
    4    6    1  0.4000000000000000D+00  0.4000000000000000D+00  0.4000000000000000D+00    -0.7084233531597124D+00     0.9147730813366355D+01    -0.1158812747039196D-13
    5    6    1  0.4000000000000000D+00  0.4000000000000000D+00  0.4000000000000000D+00    -0.7083547667237785D+00     0.9147632366817625D+01    -0.2581501635720573D-15
    6    6    1  0.4000000000000000D+00  0.4000000000000000D+00  0.4000000000000000D+00     0.4193673667194948D+01    -0.3097978025033943D+01    -0.2747455312302610D-15
    7    6    1  0.4000000000000000D+00  0.4000000000000000D+00  0.4000000000000000D+00     0.1097055842079072D+02    -0.5565983134113946D+01    -0.7204648377591655D-14
    8    6    1  0.4000000000000000D+00  0.4000000000000000D+00  0.4000000000000000D+00     0.1097057439388010D+02    -0.5565640095096225D+01    -0.2543470584837190D-16
    9    6    1  0.4000000000000000D+00  0.4000000000000000D+00  0.4000000000000000D+00     0.1174696864491647D+02    -0.6261692463489431D+01    -0.7351379086636273D-14
   10    6    1  0.4000000000000000D+00  0.4000000000000000D+00  0.4000000000000000D+00     0.3774367180821789D+02     0.0000000000000000D+00     0.0000000000000000D+00
   11    6    1  0.4000000000000000D+00  0.4000000000000000D+00  0.4000000000000000D+00     0.3774368009558030D+02     0.0000000000000000D+00     0.0000000000000000D+00
   12    6    1  0.4000000000000000D+00  0.4000000000000000D+00  0.4000000000000000D+00     0.3824673863302374D+02     0.0000000000000000D+00     0.0000000000000000D+00
    1    7    1  0.4000000000000000D+00  0.1000000000000000D+01  0.1000000000000000D+01    -0.5564688380218646D+01     0.4506235992869956D+01    -0.7000081659802111D-14
    2    7    1  0.4000000000000000D+00  0.1000000000000000D+01  0.1000000000000000D+01    -0.2181557248346707D+01     0.9877404515262652D+01    -0.6498008403056643D-15
    3    7    1  0.4000000000000000D+00  0.1000000000000000D+01  0.1000000000000000D+01    -0.2026572286074962D+01     0.7975892404640603D+01    -0.5816307578252432D-14
    4    7    1  0.4000000000000000D+00  0.1000000000000000D+01  0.1000000000000000D+01    -0.2026534735414396D+01     0.7976169529901548D+01    -0.8947115883459547D-14
    5    7    1  0.4000000000000000D+00  0.1000000000000000D+01  0.1000000000000000D+01    -0.1423473183895038D+01     0.7442211972020471D+01    -0.3906133919755730D-14
    6    7    1  0.4000000000000000D+00  0.1000000000000000D+01  0.1000000000000000D+01    -0.3182057102913056D+00     0.7882255333650694D+01    -0.6785661442465507D-16
    7    7    1  0.4000000000000000D+00  0.1000000000000000D+01  0.1000000000000000D+01     0.1916373592672713D+02    -0.5933468131637619D+01    -0.1272311520462283D-14
    8    7    1  0.4000000000000000D+00  0.1000000000000000D+01  0.1000000000000000D+01     0.1957173427408701D+02    -0.6780236713132889D+01    -0.1603550449095679D-14
    9    7    1  0.4000000000000000D+00  0.1000000000000000D+01  0.1000000000000000D+01     0.1957174119893876D+02    -0.6780148080999280D+01    -0.4521361820234099D-14
   10    7    1  0.4000000000000000D+00  0.1000000000000000D+01  0.1000000000000000D+01     0.2075832730869849D+02    -0.6702957680643305D+01    -0.2230485480200236D-14
   11    7    1  0.4000000000000000D+00  0.1000000000000000D+01  0.1000000000000000D+01     0.3113301061171106D+02     0.0000000000000000D+00     0.0000000000000000D+00
   12    7    1  0.4000000000000000D+00  0.1000000000000000D+01  0.1000000000000000D+01     0.3113301271292549D+02     0.0000000000000000D+00     0.0000000000000000D+00
    1    8    1  0.6000000000000001D+00  0.8000000000000000D+00  0.1000000000000000D+01    -0.4058181613308731D+01     0.8283559240982699D+01     0.0000000000000000D+00
    2    8    1  0.6000000000000001D+00  0.8000000000000000D+00  0.1000000000000000D+01    -0.3055881783957695D+01     0.9031129332676018D+01    -0.3827998139825650D-14
    3    8    1  0.6000000000000001D+00  0.8000000000000000D+00  0.1000000000000000D+01    -0.2251935607152618D+01     0.8367576932353538D+01    -0.1106173450906266D-13
    4    8    1  0.6000000000000001D+00  0.8000000000000000D+00  0.1000000000000000D+01    -0.1347097697190506D+01     0.8198332906005680D+01    -0.3500516218037097D-14
    5    8    1  0.6000000000000001D+00  0.8000000000000000D+00  0.1000000000000000D+01    -0.9487897087988464D-02     0.4801218381568784D+01    -0.1411897001765174D-14
    6    8    1  0.6000000000000001D+00  0.8000000000000000D+00  0.1000000000000000D+01     0.2049008280610333D+01    -0.1020906690494441D+01    -0.1795704062368105D-13
    7    8    1  0.6000000000000001D+00  0.8000000000000000D+00  0.1000000000000000D+01     0.1006372440507342D+02    -0.5374061643874115D+01    -0.1897110546237395D-14
    8    8    1  0.6000000000000001D+00  0.8000000000000000D+00  0.1000000000000000D+01     0.1542955975550933D+02    -0.6496107655904347D+01    -0.7659972253152745D-15
    9    8    1  0.6000000000000001D+00  0.8000000000000000D+00  0.1000000000000000D+01     0.1785663918783868D+02    -0.6111654524694788D+01    -0.2162468602350930D-15
   10    8    1  0.6000000000000001D+00  0.8000000000000000D+00  0.1000000000000000D+01     0.2388296482400509D+02    -0.6704061762329864D+01    -0.9468855803336073D-14
   11    8    1  0.6000000000000001D+00  0.8000000000000000D+00  0.1000000000000000D+01     0.3191940180123118D+02     0.0000000000000000D+00     0.0000000000000000D+00
   12    8    1  0.6000000000000001D+00  0.8000000000000000D+00  0.1000000000000000D+01     0.3201788334211226D+02     0.0000000000000000D+00     0.0000000000000000D+00
    1    9    1  0.8000000000000000D+00  0.8000000000000000D+00  0.1200000000000000D+01    -0.3683449977758186D+01     0.9551198189424269D+01    -0.9772827620942171D-15
    2    9    1  0.8000000000000000D+00  0.8000000000000000D+00  0.1200000000000000D+01    -0.3683393456442931D+01     0.9551047058426656D+01    -0.2826928684088008D-14

=== last 50 lines of lcombined ===
 MPI outputs in each rank are in stdout.{RankId}.hrcxq
