=== md5 of self-energy outputs (in SEBK after gwsc) ===
dfe25200238fa2d4c234305833cad327  SEBK/SECU
2e6a5b0b53e87b7ca424b724f1309e77  SEBK/SEC2U
6a33f2fb1bae3d1db2d21eb99565fa1c  SEBK/SEXU
6f5e887f9cb77b378f52cea000916b96  SEBK/SEX2U

=== diagnostic lines from lcombined ===

=== first 100 SECU rows (text, fp-precise) ===
 ==========================================
Self-energy correlated SEc(qt,w): is=  1
 ==========================================
  ***
    1   3  25  nspin  nq  ntq
 spin = 1   nbloch ngp ngc=  28 137  27  nqbz =     8  nqibz =     3   ef=    0.2435 Rydberg
 0.2000000000000000D-01 <= deltaw(Hartree)
 0.1026301218684863D+02 <= alat
 0.2434531957596607D+00 <= ef 
 0.3000000000000000D-02 <= esmr
  *** 
 jband   iq ispin                             qibz            eigen-Ef (in eV)           Re(Sc) 3-points (in eV)                                   In(Sc) 3-points (in eV)                Zfactor(=1)
    1    1    1  0.0000000000000000D+00  0.0000000000000000D+00  0.0000000000000000D+00    -0.1226302275307665D+02     0.6742642378327524D+01    -0.5829768265352975D-14
    2    1    1  0.0000000000000000D+00  0.0000000000000000D+00  0.0000000000000000D+00    -0.2704203840664987D+00     0.2548387637566295D+01    -0.1510547242844496D-14
    3    1    1  0.0000000000000000D+00  0.0000000000000000D+00  0.0000000000000000D+00    -0.2704202560543675D+00     0.2548392142213063D+01    -0.1386635164329908D-15
    4    1    1  0.0000000000000000D+00  0.0000000000000000D+00  0.0000000000000000D+00    -0.2704193515158216D+00     0.2548387391263565D+01    -0.7464227586712058D-15
    5    1    1  0.0000000000000000D+00  0.0000000000000000D+00  0.0000000000000000D+00     0.2218618425223896D+01    -0.4678866562042019D+01    -0.1371883726411505D-13
    6    1    1  0.0000000000000000D+00  0.0000000000000000D+00  0.0000000000000000D+00     0.2218619364784627D+01    -0.4678866811549460D+01    -0.7529133913553033D-14
    7    1    1  0.0000000000000000D+00  0.0000000000000000D+00  0.0000000000000000D+00     0.2218623126650543D+01    -0.4678866104123053D+01    -0.5605546408993245D-15
    8    1    1  0.0000000000000000D+00  0.0000000000000000D+00  0.0000000000000000D+00     0.2929809448707225D+01    -0.5451399732222022D+01    -0.5522938356650187D-14
    9    1    1  0.0000000000000000D+00  0.0000000000000000D+00  0.0000000000000000D+00     0.7345145214481270D+01    -0.5413618813890126D+01    -0.5310517650625180D-16
   10    1    1  0.0000000000000000D+00  0.0000000000000000D+00  0.0000000000000000D+00     0.7423150266138058D+01    -0.5099276595314865D+01    -0.1817377151547284D-14
   11    1    1  0.0000000000000000D+00  0.0000000000000000D+00  0.0000000000000000D+00     0.7423161360925267D+01    -0.5099282013824277D+01    -0.4154004917822363D-14
   12    1    1  0.0000000000000000D+00  0.0000000000000000D+00  0.0000000000000000D+00     0.1079353558009789D+02    -0.6094482336299380D+01     0.0000000000000000D+00
   13    1    1  0.0000000000000000D+00  0.0000000000000000D+00  0.0000000000000000D+00     0.1079353573830157D+02    -0.6094481965046363D+01    -0.1288538102172526D-14
   14    1    1  0.0000000000000000D+00  0.0000000000000000D+00  0.0000000000000000D+00     0.1079353801474370D+02    -0.6094481864856284D+01    -0.3355952126436745D-14
   15    1    1  0.0000000000000000D+00  0.0000000000000000D+00  0.0000000000000000D+00     0.1481185819038485D+02    -0.5740650632491858D+01     0.0000000000000000D+00
   16    1    1  0.0000000000000000D+00  0.0000000000000000D+00  0.0000000000000000D+00     0.2278936514699794D+02    -0.7213840267149576D+01    -0.6325416579411325D-14
   17    1    1  0.0000000000000000D+00  0.0000000000000000D+00  0.0000000000000000D+00     0.2278937095222730D+02    -0.7213840047628590D+01    -0.3540345100416786D-14
   18    1    1  0.0000000000000000D+00  0.0000000000000000D+00  0.0000000000000000D+00     0.2278938082486096D+02    -0.7213843956166502D+01    -0.3445935897739005D-14
   19    1    1  0.0000000000000000D+00  0.0000000000000000D+00  0.0000000000000000D+00     0.2457867602178260D+02    -0.7635365197097697D+01    -0.6089393572716873D-14
   20    1    1  0.0000000000000000D+00  0.0000000000000000D+00  0.0000000000000000D+00     0.2457869081322199D+02    -0.7635387177393208D+01    -0.5947779768700201D-14
   21    1    1  0.0000000000000000D+00  0.0000000000000000D+00  0.0000000000000000D+00     0.2565923697384050D+02    -0.7917925580151022D+01    -0.9440920267778096D-14
   22    1    1  0.0000000000000000D+00  0.0000000000000000D+00  0.0000000000000000D+00     0.2565924372829189D+02    -0.7917928395881415D+01    -0.5003687741922391D-14
   23    1    1  0.0000000000000000D+00  0.0000000000000000D+00  0.0000000000000000D+00     0.2565930914732129D+02    -0.7917944679104711D+01    -0.2124207060250072D-15
   24    1    1  0.0000000000000000D+00  0.0000000000000000D+00  0.0000000000000000D+00     0.3484896740464713D+02     0.0000000000000000D+00     0.0000000000000000D+00
   25    1    1  0.0000000000000000D+00  0.0000000000000000D+00  0.0000000000000000D+00     0.3484902785414901D+02     0.0000000000000000D+00     0.0000000000000000D+00
    1    2    1 -0.5000000000000000D+00  0.5000000000000000D+00  0.5000000000000000D+00    -0.9914475032642258D+01     0.5537495501552633D+01    -0.1222599174677264D-13
    2    2    1 -0.5000000000000000D+00  0.5000000000000000D+00  0.5000000000000000D+00    -0.7298261866071903D+01     0.3727128543394454D+01    -0.3540345100416787D-15
    3    2    1 -0.5000000000000000D+00  0.5000000000000000D+00  0.5000000000000000D+00    -0.1474837580134492D+01     0.2677025672612718D+01    -0.1814242470989623D-13
    4    2    1 -0.5000000000000000D+00  0.5000000000000000D+00  0.5000000000000000D+00    -0.1474836949160093D+01     0.2677021959892876D+01    -0.3097801962864688D-15
    5    2    1 -0.5000000000000000D+00  0.5000000000000000D+00  0.5000000000000000D+00     0.1125090252204740D+01    -0.4635207721837120D+01    -0.4024192264140414D-14
    6    2    1 -0.5000000000000000D+00  0.5000000000000000D+00  0.5000000000000000D+00     0.2974781229885031D+01    -0.4784846492161223D+01    -0.9440920267778096D-15
    7    2    1 -0.5000000000000000D+00  0.5000000000000000D+00  0.5000000000000000D+00     0.2974784304789787D+01    -0.4784848948801424D+01    -0.3357427270228586D-14
    8    2    1 -0.5000000000000000D+00  0.5000000000000000D+00  0.5000000000000000D+00     0.7184766016917431D+01    -0.5567619512833238D+01    -0.2690662276316758D-14
    9    2    1 -0.5000000000000000D+00  0.5000000000000000D+00  0.5000000000000000D+00     0.1023207021109011D+02    -0.5701826374133934D+01    -0.1338250447957545D-13
   10    2    1 -0.5000000000000000D+00  0.5000000000000000D+00  0.5000000000000000D+00     0.1023207638061757D+02    -0.5701828616205981D+01    -0.7765156920247485D-14
   11    2    1 -0.5000000000000000D+00  0.5000000000000000D+00  0.5000000000000000D+00     0.1087452665444983D+02    -0.5809274077963578D+01    -0.7481929312214141D-14
   12    2    1 -0.5000000000000000D+00  0.5000000000000000D+00  0.5000000000000000D+00     0.1098293570685786D+02    -0.5991516299570527D+01    -0.4248414120500143D-14
   13    2    1 -0.5000000000000000D+00  0.5000000000000000D+00  0.5000000000000000D+00     0.1098294155103915D+02    -0.5991514266364122D+01    -0.4248414120500144D-15
   14    2    1 -0.5000000000000000D+00  0.5000000000000000D+00  0.5000000000000000D+00     0.1257781074051480D+02    -0.6808481424516843D+01    -0.1357132288493101D-13
   15    2    1 -0.5000000000000000D+00  0.5000000000000000D+00  0.5000000000000000D+00     0.1910680864524441D+02    -0.7368679811808384D+01    -0.4862073937905720D-14
   16    2    1 -0.5000000000000000D+00  0.5000000000000000D+00  0.5000000000000000D+00     0.1962543302488085D+02    -0.6503304375036210D+01    -0.6337217729746048D-14
   17    2    1 -0.5000000000000000D+00  0.5000000000000000D+00  0.5000000000000000D+00     0.2149960715994342D+02    -0.6505445964358005D+01     0.0000000000000000D+00
   18    2    1 -0.5000000000000000D+00  0.5000000000000000D+00  0.5000000000000000D+00     0.2149961174108047D+02    -0.6505456300591637D+01    -0.1003097778451423D-14
   19    2    1 -0.5000000000000000D+00  0.5000000000000000D+00  0.5000000000000000D+00     0.2192770876119821D+02    -0.7393650350554251D+01    -0.1317008377355044D-13
   20    2    1 -0.5000000000000000D+00  0.5000000000000000D+00  0.5000000000000000D+00     0.2192772121308363D+02    -0.7393666947505317D+01    -0.1534149543513941D-13
   21    2    1 -0.5000000000000000D+00  0.5000000000000000D+00  0.5000000000000000D+00     0.2568961317890175D+02    -0.6688335569090962D+01    -0.5239710748616844D-14
   22    2    1 -0.5000000000000000D+00  0.5000000000000000D+00  0.5000000000000000D+00     0.2664688410145263D+02    -0.6897149438694957D+01    -0.7883168423594711D-14
   23    2    1 -0.5000000000000000D+00  0.5000000000000000D+00  0.5000000000000000D+00     0.2664691352939754D+02    -0.6897163313458993D+01    -0.1817377151547284D-14
   24    2    1 -0.5000000000000000D+00  0.5000000000000000D+00  0.5000000000000000D+00     0.2747495952890393D+02     0.0000000000000000D+00     0.0000000000000000D+00
   25    2    1 -0.5000000000000000D+00  0.5000000000000000D+00  0.5000000000000000D+00     0.2747499345801866D+02     0.0000000000000000D+00     0.0000000000000000D+00
    1    3    1  0.0000000000000000D+00  0.0000000000000000D+00  0.1000000000000000D+01    -0.8107835702844117D+01     0.4406478218893191D+01    -0.1498746092509773D-14
    2    3    1  0.0000000000000000D+00  0.0000000000000000D+00  0.1000000000000000D+01    -0.8107835700592185D+01     0.4406478138297382D+01    -0.3988788813136246D-14
    3    3    1  0.0000000000000000D+00  0.0000000000000000D+00  0.1000000000000000D+01    -0.3146952519093243D+01     0.2949707262278229D+01    -0.4856173362738359D-14
    4    3    1  0.0000000000000000D+00  0.0000000000000000D+00  0.1000000000000000D+01    -0.3146952519093243D+01     0.2949707895187967D+01    -0.7453901580169176D-14
    5    3    1  0.0000000000000000D+00  0.0000000000000000D+00  0.1000000000000000D+01     0.2704193515158216D+00    -0.4443936907070270D+01    -0.3363327845395947D-15
    6    3    1  0.0000000000000000D+00  0.0000000000000000D+00  0.1000000000000000D+01     0.2704193560196866D+00    -0.4443936598407915D+01    -0.1394305912047478D-13
    7    3    1  0.0000000000000000D+00  0.0000000000000000D+00  0.1000000000000000D+01     0.9735654004836503D+01    -0.6347226459908262D+01    -0.8496828241000287D-14
    8    3    1  0.0000000000000000D+00  0.0000000000000000D+00  0.1000000000000000D+01     0.9735654032985662D+01    -0.6347228282006659D+01     0.0000000000000000D+00
    9    3    1  0.0000000000000000D+00  0.0000000000000000D+00  0.1000000000000000D+01     0.1065966227991250D+02    -0.5542496223189073D+01    -0.1888184053555619D-15
   10    3    1  0.0000000000000000D+00  0.0000000000000000D+00  0.1000000000000000D+01     0.1065966233170696D+02    -0.5542496764971493D+01    -0.2478241570291750D-14
   11    3    1  0.0000000000000000D+00  0.0000000000000000D+00  0.1000000000000000D+01     0.1222522724519849D+02    -0.5964565737880341D+01    -0.3233515191713998D-14
   12    3    1  0.0000000000000000D+00  0.0000000000000000D+00  0.1000000000000000D+01     0.1222522727222169D+02    -0.5964565393741592D+01    -0.4059595715144582D-14
   13    3    1  0.0000000000000000D+00  0.0000000000000000D+00  0.1000000000000000D+01     0.1265632717960575D+02    -0.6513925962610081D+01    -0.9653340973803105D-14
   14    3    1  0.0000000000000000D+00  0.0000000000000000D+00  0.1000000000000000D+01     0.1265632720099911D+02    -0.6513926379058750D+01    -0.2667059975647312D-14
   15    3    1  0.0000000000000000D+00  0.0000000000000000D+00  0.1000000000000000D+01     0.1848026218785620D+02    -0.6438711199720476D+01    -0.1274524236150043D-14
   16    3    1  0.0000000000000000D+00  0.0000000000000000D+00  0.1000000000000000D+01     0.1848026223965065D+02    -0.6438711612208783D+01    -0.4956483140583501D-14
   17    3    1  0.0000000000000000D+00  0.0000000000000000D+00  0.1000000000000000D+01     0.1949335516425997D+02    -0.6609044726469689D+01    -0.4151054630238682D-14
   18    3    1  0.0000000000000000D+00  0.0000000000000000D+00  0.1000000000000000D+01     0.1949335528136048D+02    -0.6609045751923365D+01    -0.3923882486295271D-14
   19    3    1  0.0000000000000000D+00  0.0000000000000000D+00  0.1000000000000000D+01     0.2050401301435848D+02    -0.6633420945005161D+01    -0.1840979452216729D-14
   20    3    1  0.0000000000000000D+00  0.0000000000000000D+00  0.1000000000000000D+01     0.2050401311569545D+02    -0.6633419089695915D+01    -0.3327924394391779D-14
   21    3    1  0.0000000000000000D+00  0.0000000000000000D+00  0.1000000000000000D+01     0.2131485011405722D+02    -0.6572786578923644D+01    -0.3976987662801523D-14
   22    3    1  0.0000000000000000D+00  0.0000000000000000D+00  0.1000000000000000D+01     0.2131485020976435D+02    -0.6572788451815793D+01    -0.2085853321662223D-14
   23    3    1  0.0000000000000000D+00  0.0000000000000000D+00  0.1000000000000000D+01     0.2528565444536677D+02    -0.7685076896472813D+01    -0.3823572708450129D-14
   24    3    1  0.0000000000000000D+00  0.0000000000000000D+00  0.1000000000000000D+01     0.2528565473924399D+02    -0.7685075999983763D+01    -0.9676943274472549D-14
   25    3    1  0.0000000000000000D+00  0.0000000000000000D+00  0.1000000000000000D+01     0.3149245731881020D+02     0.0000000000000000D+00     0.0000000000000000D+00

=== last 50 lines of lcombined ===
 MPI outputs in each rank are in stdout.{RankId}.hrcxq
