 nbb,nqbz
          12          64
  -4.8572547720620349E-002  -2.5607745102135954E-002  -1.7546043819003536E-002   27.555488612632573     
  -4.8572547720620349E-002   3.3262157648791389E-002   2.2790732776062250E-002   8.4521037038598479E-005
   0.0000000000000000       -5.8869902750927343E-002   2.2790739110104881E-002   6.5391247972002020E-010
   0.0000000000000000       -5.8869902750927343E-002  -4.0336776595065786E-002   92.186155132397957     
  -4.8572547720620349E-002   3.3262157648791389E-002  -4.0336782929108417E-002   92.186188411463192     
  -4.8572547720620349E-002  -2.5607745102135954E-002   4.5581471886167131E-002   92.186188411463192     
   4.8572547720620349E-002   2.5607745102135954E-002   1.7546043819003536E-002   27.555488612632573     
   4.8572547720620349E-002  -3.3262157648791389E-002  -2.2790732776062250E-002   8.4521037038598479E-005
  -0.0000000000000000        5.8869902750927343E-002  -2.2790739110104881E-002   6.5391247972002020E-010
  -0.0000000000000000        5.8869902750927343E-002   4.0336776595065786E-002   92.186155132397957     
   4.8572547720620349E-002  -3.3262157648791389E-002   4.0336782929108417E-002   92.186188411463192     
   4.8572547720620349E-002   2.5607745102135954E-002  -4.5581471886167131E-002   92.186188411463192     
    1      0.0000000000000000      0.0000000000000000      0.0000000000000000
    1    1   64      0.1457176431618610      0.0768232353064079      0.0526381314570106
    1    2    4      0.1457176431618610     -0.0997864729463742     -0.0683721983281868
    1    3   13      0.0000000000000000      0.1766097082527820     -0.0683722173303146
    1    4   61      0.0000000000000000      0.1766097082527820      0.1210103297851974
    1    5   52      0.1457176431618610     -0.0997864729463742      0.1210103487873253
    1    6   16      0.1457176431618610      0.0768232353064079     -0.1367444156585014
    1    7   22      0.0485725477206203      0.0256077451021360      0.0175460438190035
    1    8    2      0.0485725477206203     -0.0332621576487914     -0.0227907327760623
    1    9    5      0.0000000000000000      0.0588699027509273     -0.0227907391101049
    1   10   21      0.0000000000000000      0.0588699027509273      0.0403367765950658
    1   11   18      0.0485725477206203     -0.0332621576487914      0.0403367829291084
    1   12    6      0.0485725477206203      0.0256077451021360     -0.0455814718861671
    2      0.0485725477206203     -0.0332621576487914     -0.0227907327760623
    2    1   61      0.0000000000000000      0.1766097082527820      0.1210103297851974
    2    2    1      0.0000000000000000      0.0000000000000000      0.0000000000000000
    2    3   14      0.0485725477206203      0.1433475506039906     -0.0911629501063769
    2    4   62      0.0485725477206203      0.1433475506039906      0.0982195970091351
    2    5   49      0.0000000000000000      0.0000000000000000      0.1893825471155120
    2    6   13      0.0000000000000000      0.1766097082527820     -0.0683722173303146
    2    7   23      0.0971450954412407     -0.0076544125466554     -0.0052446889570587
    2    8    3      0.0971450954412407     -0.0665243152975828     -0.0455814655521245
    2    9    6      0.0485725477206203      0.0256077451021360     -0.0455814718861671
    2   10   22      0.0485725477206203      0.0256077451021360      0.0175460438190035
    2   11   19      0.0971450954412407     -0.0665243152975828      0.0175460501530462
    2   12    7      0.0971450954412407     -0.0076544125466554     -0.0683722046622294
    3      0.0971450954412407     -0.0665243152975828     -0.0455814655521245
    3    1   62      0.0485725477206203      0.1433475506039906      0.0982195970091351
    3    2    2      0.0485725477206203     -0.0332621576487914     -0.0227907327760623
    3    3   15      0.0971450954412407      0.1100853929551992     -0.1139536828824392
    3    4   63      0.0971450954412407      0.1100853929551992      0.0754288642330729
    3    5   50      0.0485725477206203     -0.0332621576487914      0.1665918143394498
    3    6   14      0.0485725477206203      0.1433475506039906     -0.0911629501063769
    3    7   24      0.1457176431618610     -0.0409165701954468     -0.0280354217331210
    3    8    4      0.1457176431618610     -0.0997864729463742     -0.0683721983281868
    3    9    7      0.0971450954412407     -0.0076544125466554     -0.0683722046622294
    3   10   23      0.0971450954412407     -0.0076544125466554     -0.0052446889570587
    3   11   20      0.1457176431618610     -0.0997864729463742     -0.0052446826230161
    3   12    8      0.1457176431618610     -0.0409165701954468     -0.0911629374382916
    4      0.1457176431618610     -0.0997864729463742     -0.0683721983281868
    4    1   63      0.0971450954412407      0.1100853929551992      0.0754288642330729
    4    2    3      0.0971450954412407     -0.0665243152975828     -0.0455814655521245
    4    3   16      0.1457176431618610      0.0768232353064079     -0.1367444156585014
    4    4   64      0.1457176431618610      0.0768232353064079      0.0526381314570106
    4    5   51      0.0971450954412407     -0.0665243152975828      0.1438010815633875
    4    6   15      0.0971450954412407      0.1100853929551992     -0.1139536828824392
    4    7   21      0.0000000000000000      0.0588699027509273      0.0403367765950658
    4    8    1      0.0000000000000000      0.0000000000000000      0.0000000000000000
    4    9    8      0.1457176431618610     -0.0409165701954468     -0.0911629374382916
    4   10   24      0.1457176431618610     -0.0409165701954468     -0.0280354217331210
    4   11   17      0.0000000000000000      0.0000000000000000      0.0631275157051707
    4   12    5      0.0000000000000000      0.0588699027509273     -0.0227907391101049
    5      0.0000000000000000      0.0588699027509273     -0.0227907391101049
    5    1   52      0.1457176431618610     -0.0997864729463742      0.1210103487873253
    5    2    8      0.1457176431618610     -0.0409165701954468     -0.0911629374382916
    5    3    1      0.0000000000000000      0.0000000000000000      0.0000000000000000
    5    4   49      0.0000000000000000      0.0000000000000000      0.1893825471155120
    5    5   56      0.1457176431618610     -0.0409165701954468      0.0982196096772204
    5    6    4      0.1457176431618610     -0.0997864729463742     -0.0683721983281868
    5    7   26      0.0485725477206203      0.0844776478530633     -0.0052446952911013
    5    8    6      0.0485725477206203      0.0256077451021360     -0.0455814718861671
    5    9    9      0.0000000000000000      0.1177398055018547     -0.0455814782202098
    5   10   25      0.0000000000000000      0.1177398055018547      0.0175460374849609
    5   11   22      0.0485725477206203      0.0256077451021360      0.0175460438190035
    5   12   10      0.0485725477206203      0.0844776478530633     -0.0683722109962720
    6      0.0485725477206203      0.0256077451021360     -0.0455814718861671
    6    1   49      0.0000000000000000      0.0000000000000000      0.1893825471155120
    6    2    5      0.0000000000000000      0.0588699027509273     -0.0227907391101049
    6    3    2      0.0485725477206203     -0.0332621576487914     -0.0227907327760623
    6    4   50      0.0485725477206203     -0.0332621576487914      0.1665918143394498
    6    5   53      0.0000000000000000      0.0588699027509273      0.1665918080054071
    6    6    1      0.0000000000000000      0.0000000000000000      0.0000000000000000
    6    7   27      0.0971450954412407      0.0512154902042719     -0.0280354280671636
    6    8    7      0.0971450954412407     -0.0076544125466554     -0.0683722046622294
    6    9   10      0.0485725477206203      0.0844776478530633     -0.0683722109962720
    6   10   26      0.0485725477206203      0.0844776478530633     -0.0052446952911013
    6   11   23      0.0971450954412407     -0.0076544125466554     -0.0052446889570587
    6   12   11      0.0971450954412407      0.0512154902042719     -0.0911629437723343
    7      0.0971450954412407     -0.0076544125466554     -0.0683722046622294
    7    1   50      0.0485725477206203     -0.0332621576487914      0.1665918143394498
    7    2    6      0.0485725477206203      0.0256077451021360     -0.0455814718861671
    7    3    3      0.0971450954412407     -0.0665243152975828     -0.0455814655521245
    7    4   51      0.0971450954412407     -0.0665243152975828      0.1438010815633875
    7    5   54      0.0485725477206203      0.0256077451021360      0.1438010752293449
    7    6    2      0.0485725477206203     -0.0332621576487914     -0.0227907327760623
    7    7   28      0.1457176431618610      0.0179533325554805     -0.0508261608432258
    7    8    8      0.1457176431618610     -0.0409165701954468     -0.0911629374382916
    7    9   11      0.0971450954412407      0.0512154902042719     -0.0911629437723343
    7   10   27      0.0971450954412407      0.0512154902042719     -0.0280354280671636
    7   11   24      0.1457176431618610     -0.0409165701954468     -0.0280354217331210
    7   12   12      0.1457176431618610      0.0179533325554805     -0.1139536765483965
    8      0.1457176431618610     -0.0409165701954468     -0.0911629374382916
    8    1   51      0.0971450954412407     -0.0665243152975828      0.1438010815633875
    8    2    7      0.0971450954412407     -0.0076544125466554     -0.0683722046622294
    8    3    4      0.1457176431618610     -0.0997864729463742     -0.0683721983281868
    8    4   52      0.1457176431618610     -0.0997864729463742      0.1210103487873253
    8    5   55      0.0971450954412407     -0.0076544125466554      0.1210103424532826
    8    6    3      0.0971450954412407     -0.0665243152975828     -0.0455814655521245
    8    7   25      0.0000000000000000      0.1177398055018547      0.0175460374849609
    8    8    5      0.0000000000000000      0.0588699027509273     -0.0227907391101049
    8    9   12      0.1457176431618610      0.0179533325554805     -0.1139536765483965
    8   10   28      0.1457176431618610      0.0179533325554805     -0.0508261608432258
    8   11   21      0.0000000000000000      0.0588699027509273      0.0403367765950658
    8   12    9      0.0000000000000000      0.1177398055018547     -0.0455814782202098
    9      0.0000000000000000      0.1177398055018547     -0.0455814782202098
    9    1   56      0.1457176431618610     -0.0409165701954468      0.0982196096772204
    9    2   12      0.1457176431618610      0.0179533325554805     -0.1139536765483965
    9    3    5      0.0000000000000000      0.0588699027509273     -0.0227907391101049
    9    4   53      0.0000000000000000      0.0588699027509273      0.1665918080054071
    9    5   60      0.1457176431618610      0.0179533325554805      0.0754288705671155
    9    6    8      0.1457176431618610     -0.0409165701954468     -0.0911629374382916
    9    7   30      0.0485725477206203      0.1433475506039906     -0.0280354344012062
    9    8   10      0.0485725477206203      0.0844776478530633     -0.0683722109962720
    9    9   13      0.0000000000000000      0.1766097082527820     -0.0683722173303146
    9   10   29      0.0000000000000000      0.1766097082527820     -0.0052447016251440
    9   11   26      0.0485725477206203      0.0844776478530633     -0.0052446952911013
    9   12   14      0.0485725477206203      0.1433475506039906     -0.0911629501063769
   10      0.0485725477206203      0.0844776478530633     -0.0683722109962720
   10    1   53      0.0000000000000000      0.0588699027509273      0.1665918080054071
   10    2    9      0.0000000000000000      0.1177398055018547     -0.0455814782202098
   10    3    6      0.0485725477206203      0.0256077451021360     -0.0455814718861671
   10    4   54      0.0485725477206203      0.0256077451021360      0.1438010752293449
   10    5   57      0.0000000000000000      0.1177398055018547      0.1438010688953023
   10    6    5      0.0000000000000000      0.0588699027509273     -0.0227907391101049
   10    7   31      0.0971450954412407      0.1100853929551992     -0.0508261671772685
   10    8   11      0.0971450954412407      0.0512154902042719     -0.0911629437723343
   10    9   14      0.0485725477206203      0.1433475506039906     -0.0911629501063769
   10   10   30      0.0485725477206203      0.1433475506039906     -0.0280354344012062
   10   11   27      0.0971450954412407      0.0512154902042719     -0.0280354280671636
   10   12   15      0.0971450954412407      0.1100853929551992     -0.1139536828824392
   11      0.0971450954412407      0.0512154902042719     -0.0911629437723343
   11    1   54      0.0485725477206203      0.0256077451021360      0.1438010752293449
   11    2   10      0.0485725477206203      0.0844776478530633     -0.0683722109962720
   11    3    7      0.0971450954412407     -0.0076544125466554     -0.0683722046622294
   11    4   55      0.0971450954412407     -0.0076544125466554      0.1210103424532826
   11    5   58      0.0485725477206203      0.0844776478530633      0.1210103361192400
   11    6    6      0.0485725477206203      0.0256077451021360     -0.0455814718861671
   11    7   32      0.1457176431618610      0.0768232353064079     -0.0736168999533307
   11    8   12      0.1457176431618610      0.0179533325554805     -0.1139536765483965
   11    9   15      0.0971450954412407      0.1100853929551992     -0.1139536828824392
   11   10   31      0.0971450954412407      0.1100853929551992     -0.0508261671772685
   11   11   28      0.1457176431618610      0.0179533325554805     -0.0508261608432258
   11   12   16      0.1457176431618610      0.0768232353064079     -0.1367444156585014
   12      0.1457176431618610      0.0179533325554805     -0.1139536765483965
   12    1   55      0.0971450954412407     -0.0076544125466554      0.1210103424532826
   12    2   11      0.0971450954412407      0.0512154902042719     -0.0911629437723343
   12    3    8      0.1457176431618610     -0.0409165701954468     -0.0911629374382916
   12    4   56      0.1457176431618610     -0.0409165701954468      0.0982196096772204
   12    5   59      0.0971450954412407      0.0512154902042719      0.0982196033431777
   12    6    7      0.0971450954412407     -0.0076544125466554     -0.0683722046622294
   12    7   29      0.0000000000000000      0.1766097082527820     -0.0052447016251440
   12    8    9      0.0000000000000000      0.1177398055018547     -0.0455814782202098
   12    9   16      0.1457176431618610      0.0768232353064079     -0.1367444156585014
   12   10   32      0.1457176431618610      0.0768232353064079     -0.0736168999533307
   12   11   25      0.0000000000000000      0.1177398055018547      0.0175460374849609
   12   12   13      0.0000000000000000      0.1766097082527820     -0.0683722173303146
   13      0.0000000000000000      0.1766097082527820     -0.0683722173303146
   13    1   60      0.1457176431618610      0.0179533325554805      0.0754288705671155
   13    2   16      0.1457176431618610      0.0768232353064079     -0.1367444156585014
   13    3    9      0.0000000000000000      0.1177398055018547     -0.0455814782202098
   13    4   57      0.0000000000000000      0.1177398055018547      0.1438010688953023
   13    5   64      0.1457176431618610      0.0768232353064079      0.0526381314570106
   13    6   12      0.1457176431618610      0.0179533325554805     -0.1139536765483965
   13    7   18      0.0485725477206203     -0.0332621576487914      0.0403367829291084
   13    8   14      0.0485725477206203      0.1433475506039906     -0.0911629501063769
   13    9    1      0.0000000000000000      0.0000000000000000      0.0000000000000000
   13   10   17      0.0000000000000000      0.0000000000000000      0.0631275157051707
   13   11   30      0.0485725477206203      0.1433475506039906     -0.0280354344012062
   13   12    2      0.0485725477206203     -0.0332621576487914     -0.0227907327760623
   14      0.0485725477206203      0.1433475506039906     -0.0911629501063769
   14    1   57      0.0000000000000000      0.1177398055018547      0.1438010688953023
   14    2   13      0.0000000000000000      0.1766097082527820     -0.0683722173303146
   14    3   10      0.0485725477206203      0.0844776478530633     -0.0683722109962720
   14    4   58      0.0485725477206203      0.0844776478530633      0.1210103361192400
   14    5   61      0.0000000000000000      0.1766097082527820      0.1210103297851974
   14    6    9      0.0000000000000000      0.1177398055018547     -0.0455814782202098
   14    7   19      0.0971450954412407     -0.0665243152975828      0.0175460501530462
   14    8   15      0.0971450954412407      0.1100853929551992     -0.1139536828824392
   14    9    2      0.0485725477206203     -0.0332621576487914     -0.0227907327760623
   14   10   18      0.0485725477206203     -0.0332621576487914      0.0403367829291084
   14   11   31      0.0971450954412407      0.1100853929551992     -0.0508261671772685
   14   12    3      0.0971450954412407     -0.0665243152975828     -0.0455814655521245
   15      0.0971450954412407      0.1100853929551992     -0.1139536828824392
   15    1   58      0.0485725477206203      0.0844776478530633      0.1210103361192400
   15    2   14      0.0485725477206203      0.1433475506039906     -0.0911629501063769
   15    3   11      0.0971450954412407      0.0512154902042719     -0.0911629437723343
   15    4   59      0.0971450954412407      0.0512154902042719      0.0982196033431777
   15    5   62      0.0485725477206203      0.1433475506039906      0.0982195970091351
   15    6   10      0.0485725477206203      0.0844776478530633     -0.0683722109962720
   15    7   20      0.1457176431618610     -0.0997864729463742     -0.0052446826230161
   15    8   16      0.1457176431618610      0.0768232353064079     -0.1367444156585014
   15    9    3      0.0971450954412407     -0.0665243152975828     -0.0455814655521245
   15   10   19      0.0971450954412407     -0.0665243152975828      0.0175460501530462
   15   11   32      0.1457176431618610      0.0768232353064079     -0.0736168999533307
   15   12    4      0.1457176431618610     -0.0997864729463742     -0.0683721983281868
   16      0.1457176431618610      0.0768232353064079     -0.1367444156585014
   16    1   59      0.0971450954412407      0.0512154902042719      0.0982196033431777
   16    2   15      0.0971450954412407      0.1100853929551992     -0.1139536828824392
   16    3   12      0.1457176431618610      0.0179533325554805     -0.1139536765483965
   16    4   60      0.1457176431618610      0.0179533325554805      0.0754288705671155
   16    5   63      0.0971450954412407      0.1100853929551992      0.0754288642330729
   16    6   11      0.0971450954412407      0.0512154902042719     -0.0911629437723343
   16    7   17      0.0000000000000000      0.0000000000000000      0.0631275157051707
   16    8   13      0.0000000000000000      0.1766097082527820     -0.0683722173303146
   16    9    4      0.1457176431618610     -0.0997864729463742     -0.0683721983281868
   16   10   20      0.1457176431618610     -0.0997864729463742     -0.0052446826230161
   16   11   29      0.0000000000000000      0.1766097082527820     -0.0052447016251440
   16   12    1      0.0000000000000000      0.0000000000000000      0.0000000000000000
   17      0.0000000000000000      0.0000000000000000      0.0631275157051707
   17    1   16      0.1457176431618610      0.0768232353064079     -0.1367444156585014
   17    2   20      0.1457176431618610     -0.0997864729463742     -0.0052446826230161
   17    3   29      0.0000000000000000      0.1766097082527820     -0.0052447016251440
   17    4   13      0.0000000000000000      0.1766097082527820     -0.0683722173303146
   17    5    4      0.1457176431618610     -0.0997864729463742     -0.0683721983281868
   17    6   32      0.1457176431618610      0.0768232353064079     -0.0736168999533307
   17    7   38      0.0485725477206203      0.0256077451021360      0.0806735595241742
   17    8   18      0.0485725477206203     -0.0332621576487914      0.0403367829291084
   17    9   21      0.0000000000000000      0.0588699027509273      0.0403367765950658
   17   10   37      0.0000000000000000      0.0588699027509273      0.1034642923002365
   17   11   34      0.0485725477206203     -0.0332621576487914      0.1034642986342791
   17   12   22      0.0485725477206203      0.0256077451021360      0.0175460438190035
   18      0.0485725477206203     -0.0332621576487914      0.0403367829291084
   18    1   13      0.0000000000000000      0.1766097082527820     -0.0683722173303146
   18    2   17      0.0000000000000000      0.0000000000000000      0.0631275157051707
   18    3   30      0.0485725477206203      0.1433475506039906     -0.0280354344012062
   18    4   14      0.0485725477206203      0.1433475506039906     -0.0911629501063769
   18    5    1      0.0000000000000000      0.0000000000000000      0.0000000000000000
   18    6   29      0.0000000000000000      0.1766097082527820     -0.0052447016251440
   18    7   39      0.0971450954412407     -0.0076544125466554      0.0578828267481120
   18    8   19      0.0971450954412407     -0.0665243152975828      0.0175460501530462
   18    9   22      0.0485725477206203      0.0256077451021360      0.0175460438190035
   18   10   38      0.0485725477206203      0.0256077451021360      0.0806735595241742
   18   11   35      0.0971450954412407     -0.0665243152975828      0.0806735658582168
   18   12   23      0.0971450954412407     -0.0076544125466554     -0.0052446889570587
   19      0.0971450954412407     -0.0665243152975828      0.0175460501530462
   19    1   14      0.0485725477206203      0.1433475506039906     -0.0911629501063769
   19    2   18      0.0485725477206203     -0.0332621576487914      0.0403367829291084
   19    3   31      0.0971450954412407      0.1100853929551992     -0.0508261671772685
   19    4   15      0.0971450954412407      0.1100853929551992     -0.1139536828824392
   19    5    2      0.0485725477206203     -0.0332621576487914     -0.0227907327760623
   19    6   30      0.0485725477206203      0.1433475506039906     -0.0280354344012062
   19    7   40      0.1457176431618610     -0.0409165701954468      0.0350920939720497
   19    8   20      0.1457176431618610     -0.0997864729463742     -0.0052446826230161
   19    9   23      0.0971450954412407     -0.0076544125466554     -0.0052446889570587
   19   10   39      0.0971450954412407     -0.0076544125466554      0.0578828267481120
   19   11   36      0.1457176431618610     -0.0997864729463742      0.0578828330821546
   19   12   24      0.1457176431618610     -0.0409165701954468     -0.0280354217331210
   20      0.1457176431618610     -0.0997864729463742     -0.0052446826230161
   20    1   15      0.0971450954412407      0.1100853929551992     -0.1139536828824392
   20    2   19      0.0971450954412407     -0.0665243152975828      0.0175460501530462
   20    3   32      0.1457176431618610      0.0768232353064079     -0.0736168999533307
   20    4   16      0.1457176431618610      0.0768232353064079     -0.1367444156585014
   20    5    3      0.0971450954412407     -0.0665243152975828     -0.0455814655521245
   20    6   31      0.0971450954412407      0.1100853929551992     -0.0508261671772685
   20    7   37      0.0000000000000000      0.0588699027509273      0.1034642923002365
   20    8   17      0.0000000000000000      0.0000000000000000      0.0631275157051707
   20    9   24      0.1457176431618610     -0.0409165701954468     -0.0280354217331210
   20   10   40      0.1457176431618610     -0.0409165701954468      0.0350920939720497
   20   11   33      0.0000000000000000      0.0000000000000000      0.1262550314103413
   20   12   21      0.0000000000000000      0.0588699027509273      0.0403367765950658
   21      0.0000000000000000      0.0588699027509273      0.0403367765950658
   21    1    4      0.1457176431618610     -0.0997864729463742     -0.0683721983281868
   21    2   24      0.1457176431618610     -0.0409165701954468     -0.0280354217331210
   21    3   17      0.0000000000000000      0.0000000000000000      0.0631275157051707
   21    4    1      0.0000000000000000      0.0000000000000000      0.0000000000000000
   21    5    8      0.1457176431618610     -0.0409165701954468     -0.0911629374382916
   21    6   20      0.1457176431618610     -0.0997864729463742     -0.0052446826230161
   21    7   42      0.0485725477206203      0.0844776478530633      0.0578828204140693
   21    8   22      0.0485725477206203      0.0256077451021360      0.0175460438190035
   21    9   25      0.0000000000000000      0.1177398055018547      0.0175460374849609
   21   10   41      0.0000000000000000      0.1177398055018547      0.0806735531901316
   21   11   38      0.0485725477206203      0.0256077451021360      0.0806735595241742
   21   12   26      0.0485725477206203      0.0844776478530633     -0.0052446952911013
   22      0.0485725477206203      0.0256077451021360      0.0175460438190035
   22    1    1      0.0000000000000000      0.0000000000000000      0.0000000000000000
   22    2   21      0.0000000000000000      0.0588699027509273      0.0403367765950658
   22    3   18      0.0485725477206203     -0.0332621576487914      0.0403367829291084
   22    4    2      0.0485725477206203     -0.0332621576487914     -0.0227907327760623
   22    5    5      0.0000000000000000      0.0588699027509273     -0.0227907391101049
   22    6   17      0.0000000000000000      0.0000000000000000      0.0631275157051707
   22    7   43      0.0971450954412407      0.0512154902042719      0.0350920876380071
   22    8   23      0.0971450954412407     -0.0076544125466554     -0.0052446889570587
   22    9   26      0.0485725477206203      0.0844776478530633     -0.0052446952911013
   22   10   42      0.0485725477206203      0.0844776478530633      0.0578828204140693
   22   11   39      0.0971450954412407     -0.0076544125466554      0.0578828267481120
   22   12   27      0.0971450954412407      0.0512154902042719     -0.0280354280671636
   23      0.0971450954412407     -0.0076544125466554     -0.0052446889570587
   23    1    2      0.0485725477206203     -0.0332621576487914     -0.0227907327760623
   23    2   22      0.0485725477206203      0.0256077451021360      0.0175460438190035
   23    3   19      0.0971450954412407     -0.0665243152975828      0.0175460501530462
   23    4    3      0.0971450954412407     -0.0665243152975828     -0.0455814655521245
   23    5    6      0.0485725477206203      0.0256077451021360     -0.0455814718861671
   23    6   18      0.0485725477206203     -0.0332621576487914      0.0403367829291084
   23    7   44      0.1457176431618610      0.0179533325554805      0.0123013548619448
   23    8   24      0.1457176431618610     -0.0409165701954468     -0.0280354217331210
   23    9   27      0.0971450954412407      0.0512154902042719     -0.0280354280671636
   23   10   43      0.0971450954412407      0.0512154902042719      0.0350920876380071
   23   11   40      0.1457176431618610     -0.0409165701954468      0.0350920939720497
   23   12   28      0.1457176431618610      0.0179533325554805     -0.0508261608432258
   24      0.1457176431618610     -0.0409165701954468     -0.0280354217331210
   24    1    3      0.0971450954412407     -0.0665243152975828     -0.0455814655521245
   24    2   23      0.0971450954412407     -0.0076544125466554     -0.0052446889570587
   24    3   20      0.1457176431618610     -0.0997864729463742     -0.0052446826230161
   24    4    4      0.1457176431618610     -0.0997864729463742     -0.0683721983281868
   24    5    7      0.0971450954412407     -0.0076544125466554     -0.0683722046622294
   24    6   19      0.0971450954412407     -0.0665243152975828      0.0175460501530462
   24    7   41      0.0000000000000000      0.1177398055018547      0.0806735531901316
   24    8   21      0.0000000000000000      0.0588699027509273      0.0403367765950658
   24    9   28      0.1457176431618610      0.0179533325554805     -0.0508261608432258
   24   10   44      0.1457176431618610      0.0179533325554805      0.0123013548619448
   24   11   37      0.0000000000000000      0.0588699027509273      0.1034642923002365
   24   12   25      0.0000000000000000      0.1177398055018547      0.0175460374849609
   25      0.0000000000000000      0.1177398055018547      0.0175460374849609
   25    1    8      0.1457176431618610     -0.0409165701954468     -0.0911629374382916
   25    2   28      0.1457176431618610      0.0179533325554805     -0.0508261608432258
   25    3   21      0.0000000000000000      0.0588699027509273      0.0403367765950658
   25    4    5      0.0000000000000000      0.0588699027509273     -0.0227907391101049
   25    5   12      0.1457176431618610      0.0179533325554805     -0.1139536765483965
   25    6   24      0.1457176431618610     -0.0409165701954468     -0.0280354217331210
   25    7   46      0.0485725477206203      0.1433475506039906      0.0350920813039644
   25    8   26      0.0485725477206203      0.0844776478530633     -0.0052446952911013
   25    9   29      0.0000000000000000      0.1766097082527820     -0.0052447016251440
   25   10   45      0.0000000000000000      0.1766097082527820      0.0578828140800267
   25   11   42      0.0485725477206203      0.0844776478530633      0.0578828204140693
   25   12   30      0.0485725477206203      0.1433475506039906     -0.0280354344012062
   26      0.0485725477206203      0.0844776478530633     -0.0052446952911013
   26    1    5      0.0000000000000000      0.0588699027509273     -0.0227907391101049
   26    2   25      0.0000000000000000      0.1177398055018547      0.0175460374849609
   26    3   22      0.0485725477206203      0.0256077451021360      0.0175460438190035
   26    4    6      0.0485725477206203      0.0256077451021360     -0.0455814718861671
   26    5    9      0.0000000000000000      0.1177398055018547     -0.0455814782202098
   26    6   21      0.0000000000000000      0.0588699027509273      0.0403367765950658
   26    7   47      0.0971450954412407      0.1100853929551992      0.0123013485279022
   26    8   27      0.0971450954412407      0.0512154902042719     -0.0280354280671636
   26    9   30      0.0485725477206203      0.1433475506039906     -0.0280354344012062
   26   10   46      0.0485725477206203      0.1433475506039906      0.0350920813039644
   26   11   43      0.0971450954412407      0.0512154902042719      0.0350920876380071
   26   12   31      0.0971450954412407      0.1100853929551992     -0.0508261671772685
   27      0.0971450954412407      0.0512154902042719     -0.0280354280671636
   27    1    6      0.0485725477206203      0.0256077451021360     -0.0455814718861671
   27    2   26      0.0485725477206203      0.0844776478530633     -0.0052446952911013
   27    3   23      0.0971450954412407     -0.0076544125466554     -0.0052446889570587
   27    4    7      0.0971450954412407     -0.0076544125466554     -0.0683722046622294
   27    5   10      0.0485725477206203      0.0844776478530633     -0.0683722109962720
   27    6   22      0.0485725477206203      0.0256077451021360      0.0175460438190035
   27    7   48      0.1457176431618610      0.0768232353064079     -0.0104893842481601
   27    8   28      0.1457176431618610      0.0179533325554805     -0.0508261608432258
   27    9   31      0.0971450954412407      0.1100853929551992     -0.0508261671772685
   27   10   47      0.0971450954412407      0.1100853929551992      0.0123013485279022
   27   11   44      0.1457176431618610      0.0179533325554805      0.0123013548619448
   27   12   32      0.1457176431618610      0.0768232353064079     -0.0736168999533307
   28      0.1457176431618610      0.0179533325554805     -0.0508261608432258
   28    1    7      0.0971450954412407     -0.0076544125466554     -0.0683722046622294
   28    2   27      0.0971450954412407      0.0512154902042719     -0.0280354280671636
   28    3   24      0.1457176431618610     -0.0409165701954468     -0.0280354217331210
   28    4    8      0.1457176431618610     -0.0409165701954468     -0.0911629374382916
   28    5   11      0.0971450954412407      0.0512154902042719     -0.0911629437723343
   28    6   23      0.0971450954412407     -0.0076544125466554     -0.0052446889570587
   28    7   45      0.0000000000000000      0.1766097082527820      0.0578828140800267
   28    8   25      0.0000000000000000      0.1177398055018547      0.0175460374849609
   28    9   32      0.1457176431618610      0.0768232353064079     -0.0736168999533307
   28   10   48      0.1457176431618610      0.0768232353064079     -0.0104893842481601
   28   11   41      0.0000000000000000      0.1177398055018547      0.0806735531901316
   28   12   29      0.0000000000000000      0.1766097082527820     -0.0052447016251440
   29      0.0000000000000000      0.1766097082527820     -0.0052447016251440
   29    1   12      0.1457176431618610      0.0179533325554805     -0.1139536765483965
   29    2   32      0.1457176431618610      0.0768232353064079     -0.0736168999533307
   29    3   25      0.0000000000000000      0.1177398055018547      0.0175460374849609
   29    4    9      0.0000000000000000      0.1177398055018547     -0.0455814782202098
   29    5   16      0.1457176431618610      0.0768232353064079     -0.1367444156585014
   29    6   28      0.1457176431618610      0.0179533325554805     -0.0508261608432258
   29    7   34      0.0485725477206203     -0.0332621576487914      0.1034642986342791
   29    8   30      0.0485725477206203      0.1433475506039906     -0.0280354344012062
   29    9   17      0.0000000000000000      0.0000000000000000      0.0631275157051707
   29   10   33      0.0000000000000000      0.0000000000000000      0.1262550314103413
   29   11   46      0.0485725477206203      0.1433475506039906      0.0350920813039644
   29   12   18      0.0485725477206203     -0.0332621576487914      0.0403367829291084
   30      0.0485725477206203      0.1433475506039906     -0.0280354344012062
   30    1    9      0.0000000000000000      0.1177398055018547     -0.0455814782202098
   30    2   29      0.0000000000000000      0.1766097082527820     -0.0052447016251440
   30    3   26      0.0485725477206203      0.0844776478530633     -0.0052446952911013
   30    4   10      0.0485725477206203      0.0844776478530633     -0.0683722109962720
   30    5   13      0.0000000000000000      0.1766097082527820     -0.0683722173303146
   30    6   25      0.0000000000000000      0.1177398055018547      0.0175460374849609
   30    7   35      0.0971450954412407     -0.0665243152975828      0.0806735658582168
   30    8   31      0.0971450954412407      0.1100853929551992     -0.0508261671772685
   30    9   18      0.0485725477206203     -0.0332621576487914      0.0403367829291084
   30   10   34      0.0485725477206203     -0.0332621576487914      0.1034642986342791
   30   11   47      0.0971450954412407      0.1100853929551992      0.0123013485279022
   30   12   19      0.0971450954412407     -0.0665243152975828      0.0175460501530462
   31      0.0971450954412407      0.1100853929551992     -0.0508261671772685
   31    1   10      0.0485725477206203      0.0844776478530633     -0.0683722109962720
   31    2   30      0.0485725477206203      0.1433475506039906     -0.0280354344012062
   31    3   27      0.0971450954412407      0.0512154902042719     -0.0280354280671636
   31    4   11      0.0971450954412407      0.0512154902042719     -0.0911629437723343
   31    5   14      0.0485725477206203      0.1433475506039906     -0.0911629501063769
   31    6   26      0.0485725477206203      0.0844776478530633     -0.0052446952911013
   31    7   36      0.1457176431618610     -0.0997864729463742      0.0578828330821546
   31    8   32      0.1457176431618610      0.0768232353064079     -0.0736168999533307
   31    9   19      0.0971450954412407     -0.0665243152975828      0.0175460501530462
   31   10   35      0.0971450954412407     -0.0665243152975828      0.0806735658582168
   31   11   48      0.1457176431618610      0.0768232353064079     -0.0104893842481601
   31   12   20      0.1457176431618610     -0.0997864729463742     -0.0052446826230161
   32      0.1457176431618610      0.0768232353064079     -0.0736168999533307
   32    1   11      0.0971450954412407      0.0512154902042719     -0.0911629437723343
   32    2   31      0.0971450954412407      0.1100853929551992     -0.0508261671772685
   32    3   28      0.1457176431618610      0.0179533325554805     -0.0508261608432258
   32    4   12      0.1457176431618610      0.0179533325554805     -0.1139536765483965
   32    5   15      0.0971450954412407      0.1100853929551992     -0.1139536828824392
   32    6   27      0.0971450954412407      0.0512154902042719     -0.0280354280671636
   32    7   33      0.0000000000000000      0.0000000000000000      0.1262550314103413
   32    8   29      0.0000000000000000      0.1766097082527820     -0.0052447016251440
   32    9   20      0.1457176431618610     -0.0997864729463742     -0.0052446826230161
   32   10   36      0.1457176431618610     -0.0997864729463742      0.0578828330821546
   32   11   45      0.0000000000000000      0.1766097082527820      0.0578828140800267
   32   12   17      0.0000000000000000      0.0000000000000000      0.0631275157051707
   33      0.0000000000000000      0.0000000000000000      0.1262550314103413
   33    1   32      0.1457176431618610      0.0768232353064079     -0.0736168999533307
   33    2   36      0.1457176431618610     -0.0997864729463742      0.0578828330821546
   33    3   45      0.0000000000000000      0.1766097082527820      0.0578828140800267
   33    4   29      0.0000000000000000      0.1766097082527820     -0.0052447016251440
   33    5   20      0.1457176431618610     -0.0997864729463742     -0.0052446826230161
   33    6   48      0.1457176431618610      0.0768232353064079     -0.0104893842481601
   33    7   54      0.0485725477206203      0.0256077451021360      0.1438010752293449
   33    8   34      0.0485725477206203     -0.0332621576487914      0.1034642986342791
   33    9   37      0.0000000000000000      0.0588699027509273      0.1034642923002365
   33   10   53      0.0000000000000000      0.0588699027509273      0.1665918080054071
   33   11   50      0.0485725477206203     -0.0332621576487914      0.1665918143394498
   33   12   38      0.0485725477206203      0.0256077451021360      0.0806735595241742
   34      0.0485725477206203     -0.0332621576487914      0.1034642986342791
   34    1   29      0.0000000000000000      0.1766097082527820     -0.0052447016251440
   34    2   33      0.0000000000000000      0.0000000000000000      0.1262550314103413
   34    3   46      0.0485725477206203      0.1433475506039906      0.0350920813039644
   34    4   30      0.0485725477206203      0.1433475506039906     -0.0280354344012062
   34    5   17      0.0000000000000000      0.0000000000000000      0.0631275157051707
   34    6   45      0.0000000000000000      0.1766097082527820      0.0578828140800267
   34    7   55      0.0971450954412407     -0.0076544125466554      0.1210103424532826
   34    8   35      0.0971450954412407     -0.0665243152975828      0.0806735658582168
   34    9   38      0.0485725477206203      0.0256077451021360      0.0806735595241742
   34   10   54      0.0485725477206203      0.0256077451021360      0.1438010752293449
   34   11   51      0.0971450954412407     -0.0665243152975828      0.1438010815633875
   34   12   39      0.0971450954412407     -0.0076544125466554      0.0578828267481120
   35      0.0971450954412407     -0.0665243152975828      0.0806735658582168
   35    1   30      0.0485725477206203      0.1433475506039906     -0.0280354344012062
   35    2   34      0.0485725477206203     -0.0332621576487914      0.1034642986342791
   35    3   47      0.0971450954412407      0.1100853929551992      0.0123013485279022
   35    4   31      0.0971450954412407      0.1100853929551992     -0.0508261671772685
   35    5   18      0.0485725477206203     -0.0332621576487914      0.0403367829291084
   35    6   46      0.0485725477206203      0.1433475506039906      0.0350920813039644
   35    7   56      0.1457176431618610     -0.0409165701954468      0.0982196096772204
   35    8   36      0.1457176431618610     -0.0997864729463742      0.0578828330821546
   35    9   39      0.0971450954412407     -0.0076544125466554      0.0578828267481120
   35   10   55      0.0971450954412407     -0.0076544125466554      0.1210103424532826
   35   11   52      0.1457176431618610     -0.0997864729463742      0.1210103487873253
   35   12   40      0.1457176431618610     -0.0409165701954468      0.0350920939720497
   36      0.1457176431618610     -0.0997864729463742      0.0578828330821546
   36    1   31      0.0971450954412407      0.1100853929551992     -0.0508261671772685
   36    2   35      0.0971450954412407     -0.0665243152975828      0.0806735658582168
   36    3   48      0.1457176431618610      0.0768232353064079     -0.0104893842481601
   36    4   32      0.1457176431618610      0.0768232353064079     -0.0736168999533307
   36    5   19      0.0971450954412407     -0.0665243152975828      0.0175460501530462
   36    6   47      0.0971450954412407      0.1100853929551992      0.0123013485279022
   36    7   53      0.0000000000000000      0.0588699027509273      0.1665918080054071
   36    8   33      0.0000000000000000      0.0000000000000000      0.1262550314103413
   36    9   40      0.1457176431618610     -0.0409165701954468      0.0350920939720497
   36   10   56      0.1457176431618610     -0.0409165701954468      0.0982196096772204
   36   11   49      0.0000000000000000      0.0000000000000000      0.1893825471155120
   36   12   37      0.0000000000000000      0.0588699027509273      0.1034642923002365
   37      0.0000000000000000      0.0588699027509273      0.1034642923002365
   37    1   20      0.1457176431618610     -0.0997864729463742     -0.0052446826230161
   37    2   40      0.1457176431618610     -0.0409165701954468      0.0350920939720497
   37    3   33      0.0000000000000000      0.0000000000000000      0.1262550314103413
   37    4   17      0.0000000000000000      0.0000000000000000      0.0631275157051707
   37    5   24      0.1457176431618610     -0.0409165701954468     -0.0280354217331210
   37    6   36      0.1457176431618610     -0.0997864729463742      0.0578828330821546
   37    7   58      0.0485725477206203      0.0844776478530633      0.1210103361192400
   37    8   38      0.0485725477206203      0.0256077451021360      0.0806735595241742
   37    9   41      0.0000000000000000      0.1177398055018547      0.0806735531901316
   37   10   57      0.0000000000000000      0.1177398055018547      0.1438010688953023
   37   11   54      0.0485725477206203      0.0256077451021360      0.1438010752293449
   37   12   42      0.0485725477206203      0.0844776478530633      0.0578828204140693
   38      0.0485725477206203      0.0256077451021360      0.0806735595241742
   38    1   17      0.0000000000000000      0.0000000000000000      0.0631275157051707
   38    2   37      0.0000000000000000      0.0588699027509273      0.1034642923002365
   38    3   34      0.0485725477206203     -0.0332621576487914      0.1034642986342791
   38    4   18      0.0485725477206203     -0.0332621576487914      0.0403367829291084
   38    5   21      0.0000000000000000      0.0588699027509273      0.0403367765950658
   38    6   33      0.0000000000000000      0.0000000000000000      0.1262550314103413
   38    7   59      0.0971450954412407      0.0512154902042719      0.0982196033431777
   38    8   39      0.0971450954412407     -0.0076544125466554      0.0578828267481120
   38    9   42      0.0485725477206203      0.0844776478530633      0.0578828204140693
   38   10   58      0.0485725477206203      0.0844776478530633      0.1210103361192400
   38   11   55      0.0971450954412407     -0.0076544125466554      0.1210103424532826
   38   12   43      0.0971450954412407      0.0512154902042719      0.0350920876380071
   39      0.0971450954412407     -0.0076544125466554      0.0578828267481120
   39    1   18      0.0485725477206203     -0.0332621576487914      0.0403367829291084
   39    2   38      0.0485725477206203      0.0256077451021360      0.0806735595241742
   39    3   35      0.0971450954412407     -0.0665243152975828      0.0806735658582168
   39    4   19      0.0971450954412407     -0.0665243152975828      0.0175460501530462
   39    5   22      0.0485725477206203      0.0256077451021360      0.0175460438190035
   39    6   34      0.0485725477206203     -0.0332621576487914      0.1034642986342791
   39    7   60      0.1457176431618610      0.0179533325554805      0.0754288705671155
   39    8   40      0.1457176431618610     -0.0409165701954468      0.0350920939720497
   39    9   43      0.0971450954412407      0.0512154902042719      0.0350920876380071
   39   10   59      0.0971450954412407      0.0512154902042719      0.0982196033431777
   39   11   56      0.1457176431618610     -0.0409165701954468      0.0982196096772204
   39   12   44      0.1457176431618610      0.0179533325554805      0.0123013548619448
   40      0.1457176431618610     -0.0409165701954468      0.0350920939720497
   40    1   19      0.0971450954412407     -0.0665243152975828      0.0175460501530462
   40    2   39      0.0971450954412407     -0.0076544125466554      0.0578828267481120
   40    3   36      0.1457176431618610     -0.0997864729463742      0.0578828330821546
   40    4   20      0.1457176431618610     -0.0997864729463742     -0.0052446826230161
   40    5   23      0.0971450954412407     -0.0076544125466554     -0.0052446889570587
   40    6   35      0.0971450954412407     -0.0665243152975828      0.0806735658582168
   40    7   57      0.0000000000000000      0.1177398055018547      0.1438010688953023
   40    8   37      0.0000000000000000      0.0588699027509273      0.1034642923002365
   40    9   44      0.1457176431618610      0.0179533325554805      0.0123013548619448
   40   10   60      0.1457176431618610      0.0179533325554805      0.0754288705671155
   40   11   53      0.0000000000000000      0.0588699027509273      0.1665918080054071
   40   12   41      0.0000000000000000      0.1177398055018547      0.0806735531901316
   41      0.0000000000000000      0.1177398055018547      0.0806735531901316
   41    1   24      0.1457176431618610     -0.0409165701954468     -0.0280354217331210
   41    2   44      0.1457176431618610      0.0179533325554805      0.0123013548619448
   41    3   37      0.0000000000000000      0.0588699027509273      0.1034642923002365
   41    4   21      0.0000000000000000      0.0588699027509273      0.0403367765950658
   41    5   28      0.1457176431618610      0.0179533325554805     -0.0508261608432258
   41    6   40      0.1457176431618610     -0.0409165701954468      0.0350920939720497
   41    7   62      0.0485725477206203      0.1433475506039906      0.0982195970091351
   41    8   42      0.0485725477206203      0.0844776478530633      0.0578828204140693
   41    9   45      0.0000000000000000      0.1766097082527820      0.0578828140800267
   41   10   61      0.0000000000000000      0.1766097082527820      0.1210103297851974
   41   11   58      0.0485725477206203      0.0844776478530633      0.1210103361192400
   41   12   46      0.0485725477206203      0.1433475506039906      0.0350920813039644
   42      0.0485725477206203      0.0844776478530633      0.0578828204140693
   42    1   21      0.0000000000000000      0.0588699027509273      0.0403367765950658
   42    2   41      0.0000000000000000      0.1177398055018547      0.0806735531901316
   42    3   38      0.0485725477206203      0.0256077451021360      0.0806735595241742
   42    4   22      0.0485725477206203      0.0256077451021360      0.0175460438190035
   42    5   25      0.0000000000000000      0.1177398055018547      0.0175460374849609
   42    6   37      0.0000000000000000      0.0588699027509273      0.1034642923002365
   42    7   63      0.0971450954412407      0.1100853929551992      0.0754288642330729
   42    8   43      0.0971450954412407      0.0512154902042719      0.0350920876380071
   42    9   46      0.0485725477206203      0.1433475506039906      0.0350920813039644
   42   10   62      0.0485725477206203      0.1433475506039906      0.0982195970091351
   42   11   59      0.0971450954412407      0.0512154902042719      0.0982196033431777
   42   12   47      0.0971450954412407      0.1100853929551992      0.0123013485279022
   43      0.0971450954412407      0.0512154902042719      0.0350920876380071
   43    1   22      0.0485725477206203      0.0256077451021360      0.0175460438190035
   43    2   42      0.0485725477206203      0.0844776478530633      0.0578828204140693
   43    3   39      0.0971450954412407     -0.0076544125466554      0.0578828267481120
   43    4   23      0.0971450954412407     -0.0076544125466554     -0.0052446889570587
   43    5   26      0.0485725477206203      0.0844776478530633     -0.0052446952911013
   43    6   38      0.0485725477206203      0.0256077451021360      0.0806735595241742
   43    7   64      0.1457176431618610      0.0768232353064079      0.0526381314570106
   43    8   44      0.1457176431618610      0.0179533325554805      0.0123013548619448
   43    9   47      0.0971450954412407      0.1100853929551992      0.0123013485279022
   43   10   63      0.0971450954412407      0.1100853929551992      0.0754288642330729
   43   11   60      0.1457176431618610      0.0179533325554805      0.0754288705671155
   43   12   48      0.1457176431618610      0.0768232353064079     -0.0104893842481601
   44      0.1457176431618610      0.0179533325554805      0.0123013548619448
   44    1   23      0.0971450954412407     -0.0076544125466554     -0.0052446889570587
   44    2   43      0.0971450954412407      0.0512154902042719      0.0350920876380071
   44    3   40      0.1457176431618610     -0.0409165701954468      0.0350920939720497
   44    4   24      0.1457176431618610     -0.0409165701954468     -0.0280354217331210
   44    5   27      0.0971450954412407      0.0512154902042719     -0.0280354280671636
   44    6   39      0.0971450954412407     -0.0076544125466554      0.0578828267481120
   44    7   61      0.0000000000000000      0.1766097082527820      0.1210103297851974
   44    8   41      0.0000000000000000      0.1177398055018547      0.0806735531901316
   44    9   48      0.1457176431618610      0.0768232353064079     -0.0104893842481601
   44   10   64      0.1457176431618610      0.0768232353064079      0.0526381314570106
   44   11   57      0.0000000000000000      0.1177398055018547      0.1438010688953023
   44   12   45      0.0000000000000000      0.1766097082527820      0.0578828140800267
   45      0.0000000000000000      0.1766097082527820      0.0578828140800267
   45    1   28      0.1457176431618610      0.0179533325554805     -0.0508261608432258
   45    2   48      0.1457176431618610      0.0768232353064079     -0.0104893842481601
   45    3   41      0.0000000000000000      0.1177398055018547      0.0806735531901316
   45    4   25      0.0000000000000000      0.1177398055018547      0.0175460374849609
   45    5   32      0.1457176431618610      0.0768232353064079     -0.0736168999533307
   45    6   44      0.1457176431618610      0.0179533325554805      0.0123013548619448
   45    7   50      0.0485725477206203     -0.0332621576487914      0.1665918143394498
   45    8   46      0.0485725477206203      0.1433475506039906      0.0350920813039644
   45    9   33      0.0000000000000000      0.0000000000000000      0.1262550314103413
   45   10   49      0.0000000000000000      0.0000000000000000      0.1893825471155120
   45   11   62      0.0485725477206203      0.1433475506039906      0.0982195970091351
   45   12   34      0.0485725477206203     -0.0332621576487914      0.1034642986342791
   46      0.0485725477206203      0.1433475506039906      0.0350920813039644
   46    1   25      0.0000000000000000      0.1177398055018547      0.0175460374849609
   46    2   45      0.0000000000000000      0.1766097082527820      0.0578828140800267
   46    3   42      0.0485725477206203      0.0844776478530633      0.0578828204140693
   46    4   26      0.0485725477206203      0.0844776478530633     -0.0052446952911013
   46    5   29      0.0000000000000000      0.1766097082527820     -0.0052447016251440
   46    6   41      0.0000000000000000      0.1177398055018547      0.0806735531901316
   46    7   51      0.0971450954412407     -0.0665243152975828      0.1438010815633875
   46    8   47      0.0971450954412407      0.1100853929551992      0.0123013485279022
   46    9   34      0.0485725477206203     -0.0332621576487914      0.1034642986342791
   46   10   50      0.0485725477206203     -0.0332621576487914      0.1665918143394498
   46   11   63      0.0971450954412407      0.1100853929551992      0.0754288642330729
   46   12   35      0.0971450954412407     -0.0665243152975828      0.0806735658582168
   47      0.0971450954412407      0.1100853929551992      0.0123013485279022
   47    1   26      0.0485725477206203      0.0844776478530633     -0.0052446952911013
   47    2   46      0.0485725477206203      0.1433475506039906      0.0350920813039644
   47    3   43      0.0971450954412407      0.0512154902042719      0.0350920876380071
   47    4   27      0.0971450954412407      0.0512154902042719     -0.0280354280671636
   47    5   30      0.0485725477206203      0.1433475506039906     -0.0280354344012062
   47    6   42      0.0485725477206203      0.0844776478530633      0.0578828204140693
   47    7   52      0.1457176431618610     -0.0997864729463742      0.1210103487873253
   47    8   48      0.1457176431618610      0.0768232353064079     -0.0104893842481601
   47    9   35      0.0971450954412407     -0.0665243152975828      0.0806735658582168
   47   10   51      0.0971450954412407     -0.0665243152975828      0.1438010815633875
   47   11   64      0.1457176431618610      0.0768232353064079      0.0526381314570106
   47   12   36      0.1457176431618610     -0.0997864729463742      0.0578828330821546
   48      0.1457176431618610      0.0768232353064079     -0.0104893842481601
   48    1   27      0.0971450954412407      0.0512154902042719     -0.0280354280671636
   48    2   47      0.0971450954412407      0.1100853929551992      0.0123013485279022
   48    3   44      0.1457176431618610      0.0179533325554805      0.0123013548619448
   48    4   28      0.1457176431618610      0.0179533325554805     -0.0508261608432258
   48    5   31      0.0971450954412407      0.1100853929551992     -0.0508261671772685
   48    6   43      0.0971450954412407      0.0512154902042719      0.0350920876380071
   48    7   49      0.0000000000000000      0.0000000000000000      0.1893825471155120
   48    8   45      0.0000000000000000      0.1766097082527820      0.0578828140800267
   48    9   36      0.1457176431618610     -0.0997864729463742      0.0578828330821546
   48   10   52      0.1457176431618610     -0.0997864729463742      0.1210103487873253
   48   11   61      0.0000000000000000      0.1766097082527820      0.1210103297851974
   48   12   33      0.0000000000000000      0.0000000000000000      0.1262550314103413
   49      0.0000000000000000      0.0000000000000000      0.1893825471155120
   49    1   48      0.1457176431618610      0.0768232353064079     -0.0104893842481601
   49    2   52      0.1457176431618610     -0.0997864729463742      0.1210103487873253
   49    3   61      0.0000000000000000      0.1766097082527820      0.1210103297851974
   49    4   45      0.0000000000000000      0.1766097082527820      0.0578828140800267
   49    5   36      0.1457176431618610     -0.0997864729463742      0.0578828330821546
   49    6   64      0.1457176431618610      0.0768232353064079      0.0526381314570106
   49    7    6      0.0485725477206203      0.0256077451021360     -0.0455814718861671
   49    8   50      0.0485725477206203     -0.0332621576487914      0.1665918143394498
   49    9   53      0.0000000000000000      0.0588699027509273      0.1665918080054071
   49   10    5      0.0000000000000000      0.0588699027509273     -0.0227907391101049
   49   11    2      0.0485725477206203     -0.0332621576487914     -0.0227907327760623
   49   12   54      0.0485725477206203      0.0256077451021360      0.1438010752293449
   50      0.0485725477206203     -0.0332621576487914      0.1665918143394498
   50    1   45      0.0000000000000000      0.1766097082527820      0.0578828140800267
   50    2   49      0.0000000000000000      0.0000000000000000      0.1893825471155120
   50    3   62      0.0485725477206203      0.1433475506039906      0.0982195970091351
   50    4   46      0.0485725477206203      0.1433475506039906      0.0350920813039644
   50    5   33      0.0000000000000000      0.0000000000000000      0.1262550314103413
   50    6   61      0.0000000000000000      0.1766097082527820      0.1210103297851974
   50    7    7      0.0971450954412407     -0.0076544125466554     -0.0683722046622294
   50    8   51      0.0971450954412407     -0.0665243152975828      0.1438010815633875
   50    9   54      0.0485725477206203      0.0256077451021360      0.1438010752293449
   50   10    6      0.0485725477206203      0.0256077451021360     -0.0455814718861671
   50   11    3      0.0971450954412407     -0.0665243152975828     -0.0455814655521245
   50   12   55      0.0971450954412407     -0.0076544125466554      0.1210103424532826
   51      0.0971450954412407     -0.0665243152975828      0.1438010815633875
   51    1   46      0.0485725477206203      0.1433475506039906      0.0350920813039644
   51    2   50      0.0485725477206203     -0.0332621576487914      0.1665918143394498
   51    3   63      0.0971450954412407      0.1100853929551992      0.0754288642330729
   51    4   47      0.0971450954412407      0.1100853929551992      0.0123013485279022
   51    5   34      0.0485725477206203     -0.0332621576487914      0.1034642986342791
   51    6   62      0.0485725477206203      0.1433475506039906      0.0982195970091351
   51    7    8      0.1457176431618610     -0.0409165701954468     -0.0911629374382916
   51    8   52      0.1457176431618610     -0.0997864729463742      0.1210103487873253
   51    9   55      0.0971450954412407     -0.0076544125466554      0.1210103424532826
   51   10    7      0.0971450954412407     -0.0076544125466554     -0.0683722046622294
   51   11    4      0.1457176431618610     -0.0997864729463742     -0.0683721983281868
   51   12   56      0.1457176431618610     -0.0409165701954468      0.0982196096772204
   52      0.1457176431618610     -0.0997864729463742      0.1210103487873253
   52    1   47      0.0971450954412407      0.1100853929551992      0.0123013485279022
   52    2   51      0.0971450954412407     -0.0665243152975828      0.1438010815633875
   52    3   64      0.1457176431618610      0.0768232353064079      0.0526381314570106
   52    4   48      0.1457176431618610      0.0768232353064079     -0.0104893842481601
   52    5   35      0.0971450954412407     -0.0665243152975828      0.0806735658582168
   52    6   63      0.0971450954412407      0.1100853929551992      0.0754288642330729
   52    7    5      0.0000000000000000      0.0588699027509273     -0.0227907391101049
   52    8   49      0.0000000000000000      0.0000000000000000      0.1893825471155120
   52    9   56      0.1457176431618610     -0.0409165701954468      0.0982196096772204
   52   10    8      0.1457176431618610     -0.0409165701954468     -0.0911629374382916
   52   11    1      0.0000000000000000      0.0000000000000000      0.0000000000000000
   52   12   53      0.0000000000000000      0.0588699027509273      0.1665918080054071
   53      0.0000000000000000      0.0588699027509273      0.1665918080054071
   53    1   36      0.1457176431618610     -0.0997864729463742      0.0578828330821546
   53    2   56      0.1457176431618610     -0.0409165701954468      0.0982196096772204
   53    3   49      0.0000000000000000      0.0000000000000000      0.1893825471155120
   53    4   33      0.0000000000000000      0.0000000000000000      0.1262550314103413
   53    5   40      0.1457176431618610     -0.0409165701954468      0.0350920939720497
   53    6   52      0.1457176431618610     -0.0997864729463742      0.1210103487873253
   53    7   10      0.0485725477206203      0.0844776478530633     -0.0683722109962720
   53    8   54      0.0485725477206203      0.0256077451021360      0.1438010752293449
   53    9   57      0.0000000000000000      0.1177398055018547      0.1438010688953023
   53   10    9      0.0000000000000000      0.1177398055018547     -0.0455814782202098
   53   11    6      0.0485725477206203      0.0256077451021360     -0.0455814718861671
   53   12   58      0.0485725477206203      0.0844776478530633      0.1210103361192400
   54      0.0485725477206203      0.0256077451021360      0.1438010752293449
   54    1   33      0.0000000000000000      0.0000000000000000      0.1262550314103413
   54    2   53      0.0000000000000000      0.0588699027509273      0.1665918080054071
   54    3   50      0.0485725477206203     -0.0332621576487914      0.1665918143394498
   54    4   34      0.0485725477206203     -0.0332621576487914      0.1034642986342791
   54    5   37      0.0000000000000000      0.0588699027509273      0.1034642923002365
   54    6   49      0.0000000000000000      0.0000000000000000      0.1893825471155120
   54    7   11      0.0971450954412407      0.0512154902042719     -0.0911629437723343
   54    8   55      0.0971450954412407     -0.0076544125466554      0.1210103424532826
   54    9   58      0.0485725477206203      0.0844776478530633      0.1210103361192400
   54   10   10      0.0485725477206203      0.0844776478530633     -0.0683722109962720
   54   11    7      0.0971450954412407     -0.0076544125466554     -0.0683722046622294
   54   12   59      0.0971450954412407      0.0512154902042719      0.0982196033431777
   55      0.0971450954412407     -0.0076544125466554      0.1210103424532826
   55    1   34      0.0485725477206203     -0.0332621576487914      0.1034642986342791
   55    2   54      0.0485725477206203      0.0256077451021360      0.1438010752293449
   55    3   51      0.0971450954412407     -0.0665243152975828      0.1438010815633875
   55    4   35      0.0971450954412407     -0.0665243152975828      0.0806735658582168
   55    5   38      0.0485725477206203      0.0256077451021360      0.0806735595241742
   55    6   50      0.0485725477206203     -0.0332621576487914      0.1665918143394498
   55    7   12      0.1457176431618610      0.0179533325554805     -0.1139536765483965
   55    8   56      0.1457176431618610     -0.0409165701954468      0.0982196096772204
   55    9   59      0.0971450954412407      0.0512154902042719      0.0982196033431777
   55   10   11      0.0971450954412407      0.0512154902042719     -0.0911629437723343
   55   11    8      0.1457176431618610     -0.0409165701954468     -0.0911629374382916
   55   12   60      0.1457176431618610      0.0179533325554805      0.0754288705671155
   56      0.1457176431618610     -0.0409165701954468      0.0982196096772204
   56    1   35      0.0971450954412407     -0.0665243152975828      0.0806735658582168
   56    2   55      0.0971450954412407     -0.0076544125466554      0.1210103424532826
   56    3   52      0.1457176431618610     -0.0997864729463742      0.1210103487873253
   56    4   36      0.1457176431618610     -0.0997864729463742      0.0578828330821546
   56    5   39      0.0971450954412407     -0.0076544125466554      0.0578828267481120
   56    6   51      0.0971450954412407     -0.0665243152975828      0.1438010815633875
   56    7    9      0.0000000000000000      0.1177398055018547     -0.0455814782202098
   56    8   53      0.0000000000000000      0.0588699027509273      0.1665918080054071
   56    9   60      0.1457176431618610      0.0179533325554805      0.0754288705671155
   56   10   12      0.1457176431618610      0.0179533325554805     -0.1139536765483965
   56   11    5      0.0000000000000000      0.0588699027509273     -0.0227907391101049
   56   12   57      0.0000000000000000      0.1177398055018547      0.1438010688953023
   57      0.0000000000000000      0.1177398055018547      0.1438010688953023
   57    1   40      0.1457176431618610     -0.0409165701954468      0.0350920939720497
   57    2   60      0.1457176431618610      0.0179533325554805      0.0754288705671155
   57    3   53      0.0000000000000000      0.0588699027509273      0.1665918080054071
   57    4   37      0.0000000000000000      0.0588699027509273      0.1034642923002365
   57    5   44      0.1457176431618610      0.0179533325554805      0.0123013548619448
   57    6   56      0.1457176431618610     -0.0409165701954468      0.0982196096772204
   57    7   14      0.0485725477206203      0.1433475506039906     -0.0911629501063769
   57    8   58      0.0485725477206203      0.0844776478530633      0.1210103361192400
   57    9   61      0.0000000000000000      0.1766097082527820      0.1210103297851974
   57   10   13      0.0000000000000000      0.1766097082527820     -0.0683722173303146
   57   11   10      0.0485725477206203      0.0844776478530633     -0.0683722109962720
   57   12   62      0.0485725477206203      0.1433475506039906      0.0982195970091351
   58      0.0485725477206203      0.0844776478530633      0.1210103361192400
   58    1   37      0.0000000000000000      0.0588699027509273      0.1034642923002365
   58    2   57      0.0000000000000000      0.1177398055018547      0.1438010688953023
   58    3   54      0.0485725477206203      0.0256077451021360      0.1438010752293449
   58    4   38      0.0485725477206203      0.0256077451021360      0.0806735595241742
   58    5   41      0.0000000000000000      0.1177398055018547      0.0806735531901316
   58    6   53      0.0000000000000000      0.0588699027509273      0.1665918080054071
   58    7   15      0.0971450954412407      0.1100853929551992     -0.1139536828824392
   58    8   59      0.0971450954412407      0.0512154902042719      0.0982196033431777
   58    9   62      0.0485725477206203      0.1433475506039906      0.0982195970091351
   58   10   14      0.0485725477206203      0.1433475506039906     -0.0911629501063769
   58   11   11      0.0971450954412407      0.0512154902042719     -0.0911629437723343
   58   12   63      0.0971450954412407      0.1100853929551992      0.0754288642330729
   59      0.0971450954412407      0.0512154902042719      0.0982196033431777
   59    1   38      0.0485725477206203      0.0256077451021360      0.0806735595241742
   59    2   58      0.0485725477206203      0.0844776478530633      0.1210103361192400
   59    3   55      0.0971450954412407     -0.0076544125466554      0.1210103424532826
   59    4   39      0.0971450954412407     -0.0076544125466554      0.0578828267481120
   59    5   42      0.0485725477206203      0.0844776478530633      0.0578828204140693
   59    6   54      0.0485725477206203      0.0256077451021360      0.1438010752293449
   59    7   16      0.1457176431618610      0.0768232353064079     -0.1367444156585014
   59    8   60      0.1457176431618610      0.0179533325554805      0.0754288705671155
   59    9   63      0.0971450954412407      0.1100853929551992      0.0754288642330729
   59   10   15      0.0971450954412407      0.1100853929551992     -0.1139536828824392
   59   11   12      0.1457176431618610      0.0179533325554805     -0.1139536765483965
   59   12   64      0.1457176431618610      0.0768232353064079      0.0526381314570106
   60      0.1457176431618610      0.0179533325554805      0.0754288705671155
   60    1   39      0.0971450954412407     -0.0076544125466554      0.0578828267481120
   60    2   59      0.0971450954412407      0.0512154902042719      0.0982196033431777
   60    3   56      0.1457176431618610     -0.0409165701954468      0.0982196096772204
   60    4   40      0.1457176431618610     -0.0409165701954468      0.0350920939720497
   60    5   43      0.0971450954412407      0.0512154902042719      0.0350920876380071
   60    6   55      0.0971450954412407     -0.0076544125466554      0.1210103424532826
   60    7   13      0.0000000000000000      0.1766097082527820     -0.0683722173303146
   60    8   57      0.0000000000000000      0.1177398055018547      0.1438010688953023
   60    9   64      0.1457176431618610      0.0768232353064079      0.0526381314570106
   60   10   16      0.1457176431618610      0.0768232353064079     -0.1367444156585014
   60   11    9      0.0000000000000000      0.1177398055018547     -0.0455814782202098
   60   12   61      0.0000000000000000      0.1766097082527820      0.1210103297851974
   61      0.0000000000000000      0.1766097082527820      0.1210103297851974
   61    1   44      0.1457176431618610      0.0179533325554805      0.0123013548619448
   61    2   64      0.1457176431618610      0.0768232353064079      0.0526381314570106
   61    3   57      0.0000000000000000      0.1177398055018547      0.1438010688953023
   61    4   41      0.0000000000000000      0.1177398055018547      0.0806735531901316
   61    5   48      0.1457176431618610      0.0768232353064079     -0.0104893842481601
   61    6   60      0.1457176431618610      0.0179533325554805      0.0754288705671155
   61    7    2      0.0485725477206203     -0.0332621576487914     -0.0227907327760623
   61    8   62      0.0485725477206203      0.1433475506039906      0.0982195970091351
   61    9   49      0.0000000000000000      0.0000000000000000      0.1893825471155120
   61   10    1      0.0000000000000000      0.0000000000000000      0.0000000000000000
   61   11   14      0.0485725477206203      0.1433475506039906     -0.0911629501063769
   61   12   50      0.0485725477206203     -0.0332621576487914      0.1665918143394498
   62      0.0485725477206203      0.1433475506039906      0.0982195970091351
   62    1   41      0.0000000000000000      0.1177398055018547      0.0806735531901316
   62    2   61      0.0000000000000000      0.1766097082527820      0.1210103297851974
   62    3   58      0.0485725477206203      0.0844776478530633      0.1210103361192400
   62    4   42      0.0485725477206203      0.0844776478530633      0.0578828204140693
   62    5   45      0.0000000000000000      0.1766097082527820      0.0578828140800267
   62    6   57      0.0000000000000000      0.1177398055018547      0.1438010688953023
   62    7    3      0.0971450954412407     -0.0665243152975828     -0.0455814655521245
   62    8   63      0.0971450954412407      0.1100853929551992      0.0754288642330729
   62    9   50      0.0485725477206203     -0.0332621576487914      0.1665918143394498
   62   10    2      0.0485725477206203     -0.0332621576487914     -0.0227907327760623
   62   11   15      0.0971450954412407      0.1100853929551992     -0.1139536828824392
   62   12   51      0.0971450954412407     -0.0665243152975828      0.1438010815633875
   63      0.0971450954412407      0.1100853929551992      0.0754288642330729
   63    1   42      0.0485725477206203      0.0844776478530633      0.0578828204140693
   63    2   62      0.0485725477206203      0.1433475506039906      0.0982195970091351
   63    3   59      0.0971450954412407      0.0512154902042719      0.0982196033431777
   63    4   43      0.0971450954412407      0.0512154902042719      0.0350920876380071
   63    5   46      0.0485725477206203      0.1433475506039906      0.0350920813039644
   63    6   58      0.0485725477206203      0.0844776478530633      0.1210103361192400
   63    7    4      0.1457176431618610     -0.0997864729463742     -0.0683721983281868
   63    8   64      0.1457176431618610      0.0768232353064079      0.0526381314570106
   63    9   51      0.0971450954412407     -0.0665243152975828      0.1438010815633875
   63   10    3      0.0971450954412407     -0.0665243152975828     -0.0455814655521245
   63   11   16      0.1457176431618610      0.0768232353064079     -0.1367444156585014
   63   12   52      0.1457176431618610     -0.0997864729463742      0.1210103487873253
   64      0.1457176431618610      0.0768232353064079      0.0526381314570106
   64    1   43      0.0971450954412407      0.0512154902042719      0.0350920876380071
   64    2   63      0.0971450954412407      0.1100853929551992      0.0754288642330729
   64    3   60      0.1457176431618610      0.0179533325554805      0.0754288705671155
   64    4   44      0.1457176431618610      0.0179533325554805      0.0123013548619448
   64    5   47      0.0971450954412407      0.1100853929551992      0.0123013485279022
   64    6   59      0.0971450954412407      0.0512154902042719      0.0982196033431777
   64    7    1      0.0000000000000000      0.0000000000000000      0.0000000000000000
   64    8   61      0.0000000000000000      0.1766097082527820      0.1210103297851974
   64    9   52      0.1457176431618610     -0.0997864729463742      0.1210103487873253
   64   10    4      0.1457176431618610     -0.0997864729463742     -0.0683721983281868
   64   11   13      0.0000000000000000      0.1766097082527820     -0.0683722173303146
   64   12   49      0.0000000000000000      0.0000000000000000      0.1893825471155120
