    1      0.000000000000000      0.000000000000000      0.000000000000000     0.000000  <-- isyml= 001
    2     -0.007472699985144     -0.003939653298985     -0.002699391669941     0.008868 
    3     -0.014945399970289     -0.007879306597969     -0.005398783339881     0.017737 
    4     -0.022418099955433     -0.011818959896954     -0.008098175009822     0.026605 
    5     -0.029890799940577     -0.015758613195939     -0.010797566679762     0.035474 
    6     -0.037363499925721     -0.019698266494924     -0.013496958349703     0.044342 
    7     -0.044836199910866     -0.023637919793908     -0.016196350019643     0.053211 
    8     -0.052308899896010     -0.027577573092893     -0.018895741689584     0.062079 
    9     -0.059781599881154     -0.031517226391878     -0.021595133359524     0.070947 
   10     -0.067254299866298     -0.035456879690863     -0.024294525029465     0.079816 
   11     -0.074726999851443     -0.039396532989847     -0.026993916699405     0.088684 
   12     -0.082199699836587     -0.043336186288832     -0.029693308369346     0.097553 
   13     -0.089672399821731     -0.047275839587817     -0.032392700039286     0.106421 
   14     -0.097145099806876     -0.051215492886801     -0.035092091709227     0.115289 

   15     -0.097145099806876     -0.051215492886801     -0.035092091709227     0.115289  <-- isyml= 002
   16     -0.101439896395077     -0.043069153577836     -0.035092092017833     0.124499 
   17     -0.105734692983278     -0.034922814268871     -0.035092092326440     0.133708 
   18     -0.110029489571479     -0.026776474959906     -0.035092092635047     0.142917 
   19     -0.114324286159680     -0.018630135650941     -0.035092092943654     0.152126 
   20     -0.118619082747881     -0.010483796341976     -0.035092093252261     0.161335 
   21     -0.122913879336082     -0.002337457033011     -0.035092093560867     0.170544 
   22     -0.127208675924283      0.005808882275954     -0.035092093869474     0.179753 
   23     -0.131503472512485      0.013955221584919     -0.035092094178081     0.188962 
   24     -0.135798269100686      0.022101560893884     -0.035092094486688     0.198172 
   25     -0.140093065688887      0.030247900202849     -0.035092094795295     0.207381 
   26     -0.144387862277088      0.038394239511814     -0.035092095103901     0.216590 
   27     -0.148682658865289      0.046540578820780     -0.035092095412508     0.225799 

   28     -0.097145099806876      0.121800632705757     -0.035092088383385     0.225799  <-- isyml= 003
   29     -0.097145099806876      0.116775513114651     -0.027758128552276     0.234689 
   30     -0.097145099806876      0.111750393523546     -0.020424168721168     0.243580 
   31     -0.097145099806876      0.106725273932440     -0.013090208890059     0.252470 
   32     -0.097145099806876      0.101700154341334     -0.005756249058951     0.261361 
   33     -0.097145099806876      0.096675034750229      0.001577710772158     0.270251 
   34     -0.097145099806876      0.091649915159123      0.008911670603266     0.279141 
   35     -0.097145099806876      0.086624795568017      0.016245630434375     0.288032 
   36     -0.097145099806876      0.081599675976912      0.023579590265483     0.296922 
   37     -0.097145099806876      0.076574556385806      0.030913550096592     0.305812 
   38     -0.097145099806876      0.071549436794700      0.038247509927700     0.314703 
   39     -0.097145099806876      0.066524317203594      0.045581469758809     0.323593 

   40     -0.097145099806876      0.066524317203594      0.045581469758809     0.323593  <-- isyml= 004
   41     -0.090206164106384      0.061772580260481      0.042325650490322     0.332611 
   42     -0.083267228405893      0.057020843317367      0.039069831221836     0.341630 
   43     -0.076328292705402      0.052269106374253      0.035814011953350     0.350648 
   44     -0.069389357004911      0.047517369431139      0.032558192684863     0.359666 
   45     -0.062450421304420      0.042765632488025      0.029302373416377     0.368684 
   46     -0.055511485603929      0.038013895544911      0.026046554147891     0.377702 
   47     -0.048572549903438      0.033262158601797      0.022790734879404     0.386721 
   48     -0.041633614202947      0.028510421658683      0.019534915610918     0.395739 
   49     -0.034694678502456      0.023758684715569      0.016279096342432     0.404757 
   50     -0.027755742801964      0.019006947772456      0.013023277073945     0.413775 
   51     -0.020816807101473      0.014255210829342      0.009767457805459     0.422794 
   52     -0.013877871400982      0.009503473886228      0.006511638536973     0.431812 
   53     -0.006938935700491      0.004751736943114      0.003255819268486     0.440830 
   54      0.000000000000000      0.000000000000000      0.000000000000000     0.449848 

   55      0.000000000000000      0.000000000000000      0.000000000000000     0.449848  <-- isyml= 005
   56     -0.003965351126537      0.007521449524456     -0.000000000284934     0.458351 
   57     -0.007930702253074      0.015042899048911     -0.000000000569868     0.466854 
   58     -0.011896053379611      0.022564348573367     -0.000000000854803     0.475356 
   59     -0.015861404506149      0.030085798097822     -0.000000001139737     0.483859 
   60     -0.019826755632686      0.037607247622278     -0.000000001424671     0.492362 
   61     -0.023792106759223      0.045128697146733     -0.000000001709605     0.500864 
   62     -0.027757457885760      0.052650146671189     -0.000000001994539     0.509367 
   63     -0.031722809012297      0.060171596195644     -0.000000002279473     0.517870 
   64     -0.035688160138834      0.067693045720100     -0.000000002564408     0.526373 
   65     -0.039653511265372      0.075214495244556     -0.000000002849342     0.534875 
   66     -0.043618862391909      0.082735944769011     -0.000000003134276     0.543378 
   67     -0.047584213518446      0.090257394293467     -0.000000003419210     0.551881 
   68     -0.051549564644983      0.097778843817922     -0.000000003704144     0.560383 
   69     -0.055514915771520      0.105300293342378     -0.000000003989078     0.568886 
   70     -0.059480266898057      0.112821742866833     -0.000000004274013     0.577389 
   71     -0.063445618024595      0.120343192391289     -0.000000004558947     0.585892 
   72     -0.067410969151132      0.127864641915744     -0.000000004843881     0.594394 
   73     -0.071376320277669      0.135386091440200     -0.000000005128815     0.602897 

   74     -0.122913879336082      0.084170605763268     -0.035092091897946     0.602897  <-- isyml= 006
   75     -0.117760123430241      0.080641348051334     -0.044208387208055     0.613948 
   76     -0.112606367524400      0.077112090339399     -0.053324682518164     0.624999 
   77     -0.107452611618558      0.073582832627464     -0.062440977828273     0.636050 
   78     -0.102298855712717      0.070053574915529     -0.071557273138382     0.647101 
   79     -0.097145099806876      0.066524317203594     -0.080673568448491     0.658152 

   80     -0.097145099806876      0.066524317203594     -0.080673568448491     0.658152  <-- isyml= 007
   81     -0.091073531068946      0.062366547378370     -0.075631470420460     0.667072 
   82     -0.085001962331016      0.058208777553145     -0.070589372392430     0.675993 
   83     -0.078930393593086      0.054051007727921     -0.065547274364399     0.684913 
   84     -0.072858824855157      0.049893237902696     -0.060505176336368     0.693834 
   85     -0.066787256117227      0.045735468077471     -0.055463078308338     0.702754 
   86     -0.060715687379297      0.041577698252247     -0.050420980280307     0.711674 
   87     -0.054644118641367      0.037419928427022     -0.045378882252276     0.720595 
   88     -0.048572549903438      0.033262158601797     -0.040336784224246     0.729515 
   89     -0.042500981165508      0.029104388776573     -0.035294686196215     0.738436 
   90     -0.036429412427578      0.024946618951348     -0.030252588168184     0.747356 
   91     -0.030357843689649      0.020788849126123     -0.025210490140153     0.756276 
   92     -0.024286274951719      0.016631079300899     -0.020168392112123     0.765197 
   93     -0.018214706213789      0.012473309475674     -0.015126294084092     0.774117 
   94     -0.012143137475859      0.008315539650449     -0.010084196056061     0.783038 
   95     -0.006071568737930      0.004157769825225     -0.005042098028031     0.791958 
   96      0.000000000000000      0.000000000000000      0.000000000000000     0.800878 

