        0.00000       -1.28613   1   1
        0.00000       -0.35499   1   2
        0.00000       -0.35499   1   3
        0.00000       -0.35499   1   4
        0.00000        0.01412   1   5
        0.00000        0.43810   1   6
        0.00000        0.43810   1   7
        0.00000        0.43810   1   8
        0.00000        0.59649   1   9
        0.00000        0.59649   1  10
        0.00000        0.88918   1  11
        0.00000        0.88918   1  12
        0.00000        0.88918   1  13
        0.00000        1.54551   1  14
        0.00000        1.54551   1  15
        0.00000        1.54551   1  16
        0.00000        1.89693   1  17
        0.00000        1.89693   1  18
        0.00852       -1.28594   1   1
        0.00852       -0.35639   1   2
        0.00852       -0.35530   1   3
        0.00852       -0.35530   1   4
        0.00852        0.01620   1   5
        0.00852        0.43558   1   6
        0.00852        0.43916   1   7
        0.00852        0.43916   1   8
        0.00852        0.59323   1   9
        0.00852        0.59707   1  10
        0.00852        0.89025   1  11
        0.00852        0.89025   1  12
        0.00852        0.89227   1  13
        0.00852        1.53890   1  14
        0.00852        1.53890   1  15
        0.00852        1.54614   1  16
        0.00852        1.89093   1  17
        0.00852        1.90089   1  18
        0.01704       -1.28536   1   1
        0.01704       -0.36044   1   2
        0.01704       -0.35620   1   3
        0.01704       -0.35620   1   4
        0.01704        0.02234   1   5
        0.01704        0.42820   1   6
        0.01704        0.44232   1   7
        0.01704        0.44232   1   8
        0.01704        0.58391   1   9
        0.01704        0.59881   1  10
        0.01704        0.89350   1  11
        0.01704        0.89350   1  12
        0.01704        0.90122   1  13
        0.01704        1.51992   1  14
        0.01704        1.51992   1  15
        0.01704        1.54771   1  16
        0.01704        1.87274   1  17
        0.01704        1.91200   1  18
        0.02556       -1.28442   1   1
        0.02556       -0.36678   1   2
        0.02556       -0.35767   1   3
        0.02556       -0.35767   1   4
        0.02556        0.03223   1   5
        0.02556        0.41651   1   6
        0.02556        0.44752   1   7
        0.02556        0.44752   1   8
        0.02556        0.56965   1   9
        0.02556        0.60171   1  10
        0.02556        0.89900   1  11
        0.02556        0.89900   1  12
        0.02556        0.91531   1  13
        0.02556        1.49083   1  14
        0.02556        1.49083   1  15
        0.02556        1.54959   1  16
        0.02556        1.84199   1  17
        0.02556        1.92823   1  18
        0.03409       -1.28313   1   1
        0.03409       -0.37495   1   2
        0.03409       -0.35969   1   3
        0.03409       -0.35969   1   4
        0.03409        0.04540   1   5
        0.03409        0.40139   1   6
        0.03409        0.45470   1   7
        0.03409        0.45470   1   8
        0.03409        0.55178   1   9
        0.03409        0.60574   1  10
        0.03409        0.90680   1  11
        0.03409        0.90680   1  12
        0.03409        0.93382   1  13
        0.03409        1.45466   1  14
        0.03409        1.45466   1  15
        0.03409        1.55137   1  16
        0.03409        1.79874   1  17
        0.03409        1.94699   1  18
        0.04261       -1.28151   1   1
        0.04261       -0.38441   1   2
        0.04261       -0.36217   1   3
        0.04261       -0.36217   1   4
        0.04261        0.06122   1   5
        0.04261        0.38403   1   6
        0.04261        0.46374   1   7
        0.04261        0.46374   1   8
        0.04261        0.53162   1   9
        0.04261        0.61081   1  10
        0.04261        0.91685   1  11
        0.04261        0.91685   1  12
        0.04261        0.95602   1  13
        0.04261        1.41455   1  14
        0.04261        1.41455   1  15
        0.04261        1.55319   1  16
        0.04261        1.74447   1  17
        0.04261        1.96582   1  18
        0.05113       -1.27960   1   1
        0.05113       -0.39471   1   2
        0.05113       -0.36504   1   3
        0.05113       -0.36504   1   4
        0.05113        0.07901   1   5
        0.05113        0.36560   1   6
        0.05113        0.47454   1   7
        0.05113        0.47454   1   8
        0.05113        0.51031   1   9
        0.05113        0.61690   1  10
        0.05113        0.92908   1  11
        0.05113        0.92908   1  12
        0.05113        0.98119   1  13
        0.05113        1.37287   1  14
        0.05113        1.37287   1  15
        0.05113        1.55547   1  16
        0.05113        1.68198   1  17
        0.05113        1.98302   1  18
        0.05965       -1.27748   1   1
        0.05965       -0.40542   1   2
        0.05965       -0.36822   1   3
        0.05965       -0.36822   1   4
        0.05965        0.09806   1   5
        0.05965        0.34708   1   6
        0.05965        0.48697   1   7
        0.05965        0.48697   1   8
        0.05965        0.48882   1   9
        0.05965        0.62402   1  10
        0.05965        0.94330   1  11
        0.05965        0.94330   1  12
        0.05965        1.00846   1  13
        0.05965        1.33121   1  14
        0.05965        1.33121   1  15
        0.05965        1.55843   1  16
        0.05965        1.61519   1  17
        0.05965        1.99765   1  18
        0.06817       -1.27522   1   1
        0.06817       -0.41615   1   2
        0.06817       -0.37162   1   3
        0.06817       -0.37162   1   4
        0.06817        0.11760   1   5
        0.06817        0.32913   1   6
        0.06817        0.46793   1   7
        0.06817        0.50093   1   8
        0.06817        0.50093   1   9
        0.06817        0.63214   1  10
        0.06817        0.95925   1  11
        0.06817        0.95925   1  12
        0.06817        1.03692   1  13
        0.06817        1.29059   1  14
        0.06817        1.29059   1  15
        0.06817        1.54787   1  16
        0.06817        1.56183   1  17
        0.06817        2.00936   1  18
        0.07669       -1.27288   1   1
        0.07669       -0.42653   1   2
        0.07669       -0.37514   1   3
        0.07669       -0.37514   1   4
        0.07669        0.13686   1   5
        0.07669        0.31214   1   6
        0.07669        0.44835   1   7
        0.07669        0.51629   1   8
        0.07669        0.51629   1   9
        0.07669        0.64114   1  10
        0.07669        0.97654   1  11
        0.07669        0.97654   1  12
        0.07669        1.06583   1  13
        0.07669        1.25190   1  14
        0.07669        1.25190   1  15
        0.07669        1.48266   1  16
        0.07669        1.56516   1  17
        0.07669        2.01819   1  18
        0.08521       -1.27053   1   1
        0.08521       -0.43634   1   2
        0.08521       -0.37871   1   3
        0.08521       -0.37871   1   4
        0.08521        0.15499   1   5
        0.08521        0.29631   1   6
        0.08521        0.43087   1   7
        0.08521        0.53289   1   8
        0.08521        0.53289   1   9
        0.08521        0.65080   1  10
        0.08521        0.99452   1  11
        0.08521        0.99452   1  12
        0.08521        1.09476   1  13
        0.08521        1.21627   1  14
        0.08521        1.21627   1  15
        0.08521        1.42076   1  16
        0.08521        1.56799   1  17
        0.08521        2.02453   1  18
        0.09374       -1.26821   1   1
        0.09374       -0.44545   1   2
        0.09374       -0.38223   1   3
        0.09374       -0.38223   1   4
        0.09374        0.17105   1   5
        0.09374        0.28170   1   6
        0.09374        0.41661   1   7
        0.09374        0.55052   1   8
        0.09374        0.55052   1   9
        0.09374        0.66092   1  10
        0.09374        1.01173   1  11
        0.09374        1.01173   1  12
        0.09374        1.12331   1  13
        0.09374        1.18552   1  14
        0.09374        1.18552   1  15
        0.09374        1.36276   1  16
        0.09374        1.57020   1  17
        0.09374        2.02913   1  18
        0.10226       -1.26596   1   1
        0.10226       -0.45378   1   2
        0.10226       -0.38564   1   3
        0.10226       -0.38564   1   4
        0.10226        0.18395   1   5
        0.10226        0.26839   1   6
        0.10226        0.40707   1   7
        0.10226        0.56895   1   8
        0.10226        0.56895   1   9
        0.10226        0.67140   1  10
        0.10226        1.02455   1  11
        0.10226        1.02455   1  12
        0.10226        1.14950   1  13
        0.10226        1.16354   1  14
        0.10226        1.16354   1  15
        0.10226        1.31105   1  16
        0.10226        1.57177   1  17
        0.10226        2.03288   1  18
        0.11078       -1.26379   1   1
        0.11078       -0.46127   1   2
        0.11078       -0.38888   1   3
        0.11078       -0.38888   1   4
        0.11078        0.19276   1   5
        0.11078        0.25636   1   6
        0.11078        0.40369   1   7
        0.11078        0.58814   1   8
        0.11078        0.58814   1   9
        0.11078        0.68220   1  10
        0.11078        1.02635   1  11
        0.11078        1.02635   1  12
        0.11078        1.15699   1  13
        0.11078        1.15699   1  14
        0.11078        1.16452   1  15
        0.11078        1.27512   1  16
        0.11078        1.57260   1  17
        0.11078        2.03640   1  18
        0.11930       -1.26174   1   1
        0.11930       -0.46785   1   2
        0.11930       -0.39190   1   3
        0.11930       -0.39190   1   4
        0.11930        0.19707   1   5
        0.11930        0.24562   1   6
        0.11930        0.40713   1   7
        0.11930        0.60818   1   8
        0.11930        0.60818   1   9
        0.11930        0.69320   1  10
        0.11930        1.01353   1  11
        0.11930        1.01353   1  12
        0.11930        1.14996   1  13
        0.11930        1.16934   1  14
        0.11930        1.16934   1  15
        0.11930        1.27410   1  16
        0.11930        1.57243   1  17
        0.11930        2.03972   1  18
        0.12782       -1.25986   1   1
        0.12782       -0.47343   1   2
        0.12782       -0.39464   1   3
        0.12782       -0.39464   1   4
        0.12782        0.19737   1   5
        0.12782        0.23623   1   6
        0.12782        0.41663   1   7
        0.12782        0.62918   1   8
        0.12782        0.62918   1   9
        0.12782        0.70407   1  10
        0.12782        0.99095   1  11
        0.12782        0.99095   1  12
        0.12782        1.11448   1  13
        0.12782        1.19534   1  14
        0.12782        1.19534   1  15
        0.12782        1.29967   1  16
        0.12782        1.57102   1  17
        0.12782        2.04241   1  18
        0.13634       -1.25819   1   1
        0.13634       -0.47799   1   2
        0.13634       -0.39705   1   3
        0.13634       -0.39705   1   4
        0.13634        0.19490   1   5
        0.13634        0.22827   1   6
        0.13634        0.43008   1   7
        0.13634        0.65097   1   8
        0.13634        0.65097   1   9
        0.13634        0.71433   1  10
        0.13634        0.96431   1  11
        0.13634        0.96431   1  12
        0.13634        1.07638   1  13
        0.13634        1.22831   1  14
        0.13634        1.22831   1  15
        0.13634        1.33341   1  16
        0.13634        1.56838   1  17
        0.13634        2.04409   1  18
        0.14486       -1.25680   1   1
        0.14486       -0.48162   1   2
        0.14486       -0.39908   1   3
        0.14486       -0.39908   1   4
        0.14486        0.19105   1   5
        0.14486        0.22177   1   6
        0.14486        0.44474   1   7
        0.14486        0.67289   1   8
        0.14486        0.67289   1   9
        0.14486        0.72346   1  10
        0.14486        0.93698   1  11
        0.14486        0.93698   1  12
        0.14486        1.04216   1  13
        0.14486        1.26329   1  14
        0.14486        1.26329   1  15
        0.14486        1.36821   1  16
        0.14486        1.56488   1  17
        0.14486        2.04484   1  18
        0.15339       -1.25574   1   1
        0.15339       -0.48442   1   2
        0.15339       -0.40067   1   3
        0.15339       -0.40067   1   4
        0.15339        0.18699   1   5
        0.15339        0.21670   1   6
        0.15339        0.45807   1   7
        0.15339        0.69366   1   8
        0.15339        0.69366   1   9
        0.15339        0.73104   1  10
        0.15339        0.91133   1  11
        0.15339        0.91133   1  12
        0.15339        1.01425   1  13
        0.15339        1.29596   1  14
        0.15339        1.29596   1  15
        0.15339        1.40050   1  16
        0.15339        1.56110   1  17
        0.15339        2.04517   1  18
        0.16191       -1.25499   1   1
        0.16191       -0.48645   1   2
        0.16191       -0.40181   1   3
        0.16191       -0.40181   1   4
        0.16191        0.18357   1   5
        0.16191        0.21307   1   6
        0.16191        0.46824   1   7
        0.16191        0.71135   1   8
        0.16191        0.71135   1   9
        0.16191        0.73673   1  10
        0.16191        0.88982   1  11
        0.16191        0.88982   1  12
        0.16191        0.99391   1  13
        0.16191        1.32235   1  14
        0.16191        1.32235   1  15
        0.16191        1.42702   1  16
        0.16191        1.55776   1  17
        0.16191        2.04552   1  18
        0.17043       -1.25456   1   1
        0.17043       -0.48772   1   2
        0.17043       -0.40249   1   3
        0.17043       -0.40249   1   4
        0.17043        0.18133   1   5
        0.17043        0.21086   1   6
        0.17043        0.47444   1   7
        0.17043        0.72364   1   8
        0.17043        0.72364   1   9
        0.17043        0.74028   1  10
        0.17043        0.87510   1  11
        0.17043        0.87510   1  12
        0.17043        0.98165   1  13
        0.17043        1.33941   1  14
        0.17043        1.33941   1  15
        0.17043        1.44464   1  16
        0.17043        1.55547   1  17
        0.17043        2.04594   1  18
        0.17895       -1.25442   1   1
        0.17895       -0.48816   1   2
        0.17895       -0.40271   1   3
        0.17895       -0.40271   1   4
        0.17895        0.18055   1   5
        0.17895        0.21011   1   6
        0.17895        0.47649   1   7
        0.17895        0.72812   1   8
        0.17895        0.72812   1   9
        0.17895        0.74149   1  10
        0.17895        0.86978   1  11
        0.17895        0.86978   1  12
        0.17895        0.97756   1  13
        0.17895        1.34531   1  14
        0.17895        1.34531   1  15
        0.17895        1.45084   1  16
        0.17895        1.55466   1  17
        0.17895        2.04613   1  18
        0.17895       -1.25442   1   1
        0.17895       -0.48816   1   2
        0.17895       -0.40271   1   3
        0.17895       -0.40271   1   4
        0.17895        0.18055   1   5
        0.17895        0.21011   1   6
        0.17895        0.47649   1   7
        0.17895        0.72812   1   8
        0.17895        0.72812   1   9
        0.17895        0.74149   1  10
        0.17895        0.86978   1  11
        0.17895        0.86978   1  12
        0.17895        0.97756   1  13
        0.17895        1.34531   1  14
        0.17895        1.34531   1  15
        0.17895        1.45084   1  16
        0.17895        1.55466   1  17
        0.17895        2.04613   1  18
        0.18950       -1.25438   1   1
        0.18950       -0.48758   1   2
        0.18950       -0.40435   1   3
        0.18950       -0.40247   1   4
        0.18950        0.18281   1   5
        0.18950        0.21241   1   6
        0.18950        0.47383   1   7
        0.18950        0.70075   1   8
        0.18950        0.72363   1   9
        0.18950        0.77067   1  10
        0.18950        0.86654   1  11
        0.18950        0.87286   1  12
        0.18950        0.98139   1  13
        0.18950        1.34165   1  14
        0.18950        1.34436   1  15
        0.18950        1.45233   1  16
        0.18950        1.54714   1  17
        0.18950        2.03495   1  18
        0.20004       -1.25429   1   1
        0.20004       -0.48586   1   2
        0.20004       -0.40903   1   3
        0.20004       -0.40174   1   4
        0.20004        0.18890   1   5
        0.20004        0.21961   1   6
        0.20004        0.46635   1   7
        0.20004        0.66938   1   8
        0.20004        0.71157   1   9
        0.20004        0.80756   1  10
        0.20004        0.85679   1  11
        0.20004        0.88167   1  12
        0.20004        0.99140   1  13
        0.20004        1.33019   1  14
        0.20004        1.34092   1  15
        0.20004        1.45714   1  16
        0.20004        1.52526   1  17
        0.20004        2.00340   1  18
        0.21059       -1.25414   1   1
        0.21059       -0.48300   1   2
        0.21059       -0.41622   1   3
        0.21059       -0.40057   1   4
        0.21059        0.19735   1   5
        0.21059        0.23220   1   6
        0.21059        0.45509   1   7
        0.21059        0.63963   1   8
        0.21059        0.69508   1   9
        0.21059        0.84061   1  10
        0.21059        0.84677   1  11
        0.21059        0.89543   1  12
        0.21059        1.00415   1  13
        0.21059        1.31012   1  14
        0.21059        1.33377   1  15
        0.21059        1.46609   1  16
        0.21059        1.49107   1  17
        0.21059        1.95639   1  18
        0.22113       -1.25395   1   1
        0.22113       -0.47902   1   2
        0.22113       -0.42515   1   3
        0.22113       -0.39899   1   4
        0.22113        0.20708   1   5
        0.22113        0.24968   1   6
        0.22113        0.44112   1   7
        0.22113        0.61223   1   8
        0.22113        0.67751   1   9
        0.22113        0.81860   1  10
        0.22113        0.88795   1  11
        0.22113        0.91336   1  12
        0.22113        1.01557   1  13
        0.22113        1.28205   1  14
        0.22113        1.32238   1  15
        0.22113        1.44533   1  16
        0.22113        1.48264   1  17
        0.22113        1.90011   1  18
        0.23167       -1.25376   1   1
        0.23167       -0.47401   1   2
        0.23167       -0.43499   1   3
        0.23167       -0.39702   1   4
        0.23167        0.21790   1   5
        0.23167        0.27004   1   6
        0.23167        0.42545   1   7
        0.23167        0.58771   1   8
        0.23167        0.66198   1   9
        0.23167        0.79202   1  10
        0.23167        0.93081   1  11
        0.23167        0.93461   1  12
        0.23167        1.02200   1  13
        0.23167        1.24894   1  14
        0.23167        1.30788   1  15
        0.23167        1.39399   1  16
        0.23167        1.50496   1  17
        0.23167        1.83986   1  18
        0.24222       -1.25365   1   1
        0.24222       -0.46803   1   2
        0.24222       -0.44493   1   3
        0.24222       -0.39468   1   4
        0.24222        0.22979   1   5
        0.24222        0.29034   1   6
        0.24222        0.40916   1   7
        0.24222        0.56610   1   8
        0.24222        0.65168   1   9
        0.24222        0.76258   1  10
        0.24222        0.95794   1  11
        0.24222        0.97536   1  12
        0.24222        1.02096   1  13
        0.24222        1.21538   1  14
        0.24222        1.29301   1  15
        0.24222        1.33813   1  16
        0.24222        1.53442   1  17
        0.24222        1.77853   1  18
        0.24222       -1.25365   1   1
        0.24222       -0.46803   1   2
        0.24222       -0.44493   1   3
        0.24222       -0.39468   1   4
        0.24222        0.22979   1   5
        0.24222        0.29035   1   6
        0.24222        0.40916   1   7
        0.24222        0.56610   1   8
        0.24222        0.65168   1   9
        0.24222        0.76258   1  10
        0.24222        0.95795   1  11
        0.24222        0.97537   1  12
        0.24222        1.02096   1  13
        0.24222        1.21538   1  14
        0.24222        1.29301   1  15
        0.24222        1.33812   1  16
        0.24222        1.53443   1  17
        0.24222        1.77853   1  18
        0.25085       -1.25372   1   1
        0.25085       -0.46248   1   2
        0.25085       -0.45256   1   3
        0.25085       -0.39253   1   4
        0.25085        0.24001   1   5
        0.25085        0.30453   1   6
        0.25085        0.39617   1   7
        0.25085        0.55041   1   8
        0.25085        0.64984   1   9
        0.25085        0.73767   1  10
        0.25085        0.97711   1  11
        0.25085        1.01296   1  12
        0.25085        1.01370   1  13
        0.25085        1.19106   1  14
        0.25085        1.28294   1  15
        0.25085        1.29078   1  16
        0.25085        1.56229   1  17
        0.25085        1.72826   1  18
        0.25947       -1.25399   1   1
        0.25947       -0.45934   1   2
        0.25947       -0.45642   1   3
        0.25947       -0.39021   1   4
        0.25947        0.25010   1   5
        0.25947        0.31497   1   6
        0.25947        0.38394   1   7
        0.25947        0.53632   1   8
        0.25947        0.65618   1   9
        0.25947        0.71289   1  10
        0.25947        0.99465   1  11
        0.25947        1.00053   1  12
        0.25947        1.05153   1  13
        0.25947        1.17203   1  14
        0.25947        1.24294   1  15
        0.25947        1.27645   1  16
        0.25947        1.59192   1  17
        0.25947        1.67769   1  18
        0.26810       -1.25452   1   1
        0.26810       -0.46496   1   2
        0.26810       -0.44991   1   3
        0.26810       -0.38777   1   4
        0.26810        0.25903   1   5
        0.26810        0.32155   1   6
        0.26810        0.37269   1   7
        0.26810        0.52385   1   8
        0.26810        0.67195   1   9
        0.26810        0.68870   1  10
        0.26810        0.98162   1  11
        0.26810        1.00848   1  12
        0.26810        1.09099   1  13
        0.26810        1.16019   1  14
        0.26810        1.19550   1  15
        0.26810        1.27449   1  16
        0.26810        1.62198   1  17
        0.26810        1.62654   1  18
        0.27673       -1.25531   1   1
        0.27673       -0.46922   1   2
        0.27673       -0.44306   1   3
        0.27673       -0.38524   1   4
        0.27673        0.26492   1   5
        0.27673        0.32622   1   6
        0.27673        0.36246   1   7
        0.27673        0.51319   1   8
        0.27673        0.66531   1   9
        0.27673        0.69695   1  10
        0.27673        0.95719   1  11
        0.27673        1.01670   1  12
        0.27673        1.13138   1  13
        0.27673        1.14974   1  14
        0.27673        1.15677   1  15
        0.27673        1.27732   1  16
        0.27673        1.57476   1  17
        0.27673        1.65168   1  18
        0.28536       -1.25636   1   1
        0.28536       -0.47196   1   2
        0.28536       -0.43595   1   3
        0.28536       -0.38264   1   4
        0.28536        0.26539   1   5
        0.28536        0.33235   1   6
        0.28536        0.35335   1   7
        0.28536        0.50460   1   8
        0.28536        0.64275   1   9
        0.28536        0.72972   1  10
        0.28536        0.92769   1  11
        0.28536        1.01885   1  12
        0.28536        1.10730   1  13
        0.28536        1.16147   1  14
        0.28536        1.17287   1  15
        0.28536        1.28463   1  16
        0.28536        1.52265   1  17
        0.28536        1.68085   1  18
        0.29398       -1.25766   1   1
        0.29398       -0.47310   1   2
        0.29398       -0.42868   1   3
        0.29398       -0.37999   1   4
        0.29398        0.25946   1   5
        0.29398        0.34204   1   6
        0.29398        0.34551   1   7
        0.29398        0.49827   1   8
        0.29398        0.62101   1   9
        0.29398        0.76831   1  10
        0.29398        0.89407   1  11
        0.29398        1.01639   1  12
        0.29398        1.06962   1  13
        0.29398        1.17229   1  14
        0.29398        1.21577   1  15
        0.29398        1.29577   1  16
        0.29398        1.47070   1  17
        0.29398        1.70963   1  18
        0.30261       -1.25921   1   1
        0.30261       -0.47256   1   2
        0.30261       -0.42131   1   3
        0.30261       -0.37731   1   4
        0.30261        0.24831   1   5
        0.30261        0.33925   1   6
        0.30261        0.35488   1   7
        0.30261        0.49419   1   8
        0.30261        0.60015   1   9
        0.30261        0.81012   1  10
        0.30261        0.85895   1  11
        0.30261        1.01130   1  12
        0.30261        1.03735   1  13
        0.30261        1.18706   1  14
        0.30261        1.26025   1  15
        0.30261        1.30993   1  16
        0.30261        1.41943   1  17
        0.30261        1.73796   1  18
        0.31124       -1.26100   1   1
        0.31124       -0.47030   1   2
        0.31124       -0.41395   1   3
        0.31124       -0.37467   1   4
        0.31124        0.23363   1   5
        0.31124        0.33491   1   6
        0.31124        0.36964   1   7
        0.31124        0.49219   1   8
        0.31124        0.58027   1   9
        0.31124        0.81472   1  10
        0.31124        0.86379   1  11
        0.31124        1.00486   1  12
        0.31124        1.01018   1  13
        0.31124        1.20447   1  14
        0.31124        1.30578   1  15
        0.31124        1.32632   1  16
        0.31124        1.36972   1  17
        0.31124        1.76527   1  18
        0.31987       -1.26302   1   1
        0.31987       -0.46630   1   2
        0.31987       -0.40667   1   3
        0.31987       -0.37213   1   4
        0.31987        0.21658   1   5
        0.31987        0.33274   1   6
        0.31987        0.38531   1   7
        0.31987        0.49210   1   8
        0.31987        0.56149   1   9
        0.31987        0.77840   1  10
        0.31987        0.91364   1  11
        0.31987        0.98738   1  12
        0.31987        0.99752   1  13
        0.31987        1.22402   1  14
        0.31987        1.31607   1  15
        0.31987        1.34423   1  16
        0.31987        1.35779   1  17
        0.31987        1.79058   1  18
        0.32850       -1.26525   1   1
        0.32850       -0.46060   1   2
        0.32850       -0.39961   1   3
        0.32850       -0.36974   1   4
        0.32850        0.19793   1   5
        0.32850        0.33286   1   6
        0.32850        0.40118   1   7
        0.32850        0.49385   1   8
        0.32850        0.54386   1   9
        0.32850        0.74170   1  10
        0.32850        0.96387   1  11
        0.32850        0.97319   1  12
        0.32850        0.98927   1  13
        0.32850        1.24561   1  14
        0.32850        1.26932   1  15
        0.32850        1.36313   1  16
        0.32850        1.40529   1  17
        0.32850        1.81294   1  18
        0.33712       -1.26763   1   1
        0.33712       -0.45331   1   2
        0.33712       -0.39285   1   3
        0.33712       -0.36752   1   4
        0.33712        0.17825   1   5
        0.33712        0.33527   1   6
        0.33712        0.41667   1   7
        0.33712        0.49745   1   8
        0.33712        0.52743   1   9
        0.33712        0.70692   1  10
        0.33712        0.95057   1  11
        0.33712        0.97997   1  12
        0.33712        1.02900   1  13
        0.33712        1.22246   1  14
        0.33712        1.26930   1  15
        0.33712        1.38266   1  16
        0.33712        1.45549   1  17
        0.33712        1.83201   1  18
        0.34575       -1.27009   1   1
        0.34575       -0.44461   1   2
        0.34575       -0.38651   1   3
        0.34575       -0.36545   1   4
        0.34575        0.15799   1   5
        0.34575        0.33993   1   6
        0.34575        0.43111   1   7
        0.34575        0.50297   1   8
        0.34575        0.51219   1   9
        0.34575        0.67531   1  10
        0.34575        0.93634   1  11
        0.34575        0.96960   1  12
        0.34575        1.09048   1  13
        0.34575        1.17698   1  14
        0.34575        1.29513   1  15
        0.34575        1.40266   1  16
        0.34575        1.50755   1  17
        0.34575        1.84826   1  18
        0.35438       -1.27256   1   1
        0.35438       -0.43469   1   2
        0.35438       -0.38065   1   3
        0.35438       -0.36351   1   4
        0.35438        0.13757   1   5
        0.35438        0.34678   1   6
        0.35438        0.44360   1   7
        0.35438        0.49820   1   8
        0.35438        0.51038   1   9
        0.35438        0.64801   1  10
        0.35438        0.92420   1  11
        0.35438        0.95841   1  12
        0.35438        1.13325   1  13
        0.35438        1.15301   1  14
        0.35438        1.32314   1  15
        0.35438        1.42304   1  16
        0.35438        1.56196   1  17
        0.35438        1.86270   1  18
        0.36301       -1.27498   1   1
        0.36301       -0.42382   1   2
        0.36301       -0.37532   1   3
        0.36301       -0.36170   1   4
        0.36301        0.11733   1   5
        0.36301        0.35581   1   6
        0.36301        0.45308   1   7
        0.36301        0.48552   1   8
        0.36301        0.51950   1   9
        0.36301        0.62598   1  10
        0.36301        0.91414   1  11
        0.36301        0.94678   1  12
        0.36301        1.09144   1  13
        0.36301        1.21545   1  14
        0.36301        1.35332   1  15
        0.36301        1.44367   1  16
        0.36301        1.61886   1  17
        0.36301        1.87615   1  18
        0.37163       -1.27729   1   1
        0.37163       -0.41232   1   2
        0.37163       -0.37057   1   3
        0.37163       -0.36008   1   4
        0.37163        0.09766   1   5
        0.37163        0.36686   1   6
        0.37163        0.45852   1   7
        0.37163        0.47430   1   8
        0.37163        0.53003   1   9
        0.37163        0.60995   1  10
        0.37163        0.90609   1  11
        0.37163        0.93528   1  12
        0.37163        1.05190   1  13
        0.37163        1.27674   1  14
        0.37163        1.38526   1  15
        0.37163        1.46411   1  16
        0.37163        1.67692   1  17
        0.37163        1.88855   1  18
        0.38026       -1.27944   1   1
        0.38026       -0.40056   1   2
        0.38026       -0.36643   1   3
        0.38026       -0.35869   1   4
        0.38026        0.07888   1   5
        0.38026        0.37959   1   6
        0.38026        0.45959   1   7
        0.38026        0.46460   1   8
        0.38026        0.54163   1   9
        0.38026        0.59988   1  10
        0.38026        0.89988   1  11
        0.38026        0.92435   1  12
        0.38026        1.01489   1  13
        0.38026        1.33609   1  14
        0.38026        1.41822   1  15
        0.38026        1.48373   1  16
        0.38026        1.73357   1  17
        0.38026        1.89889   1  18
        0.38889       -1.28137   1   1
        0.38889       -0.38897   1   2
        0.38889       -0.36291   1   3
        0.38889       -0.35758   1   4
        0.38889        0.06138   1   5
        0.38889        0.39331   1   6
        0.38889        0.45646   1   7
        0.38889        0.45700   1   8
        0.38889        0.55387   1   9
        0.38889        0.59488   1  10
        0.38889        0.89531   1  11
        0.38889        0.91441   1  12
        0.38889        0.98088   1  13
        0.38889        1.39216   1  14
        0.38889        1.45087   1  15
        0.38889        1.50172   1  16
        0.38889        1.78516   1  17
        0.38889        1.90570   1  18
        0.39752       -1.28303   1   1
        0.39752       -0.37812   1   2
        0.39752       -0.36004   1   3
        0.39752       -0.35669   1   4
        0.39752        0.04572   1   5
        0.39752        0.40700   1   6
        0.39752        0.44985   1   7
        0.39752        0.45222   1   8
        0.39752        0.56619   1   9
        0.39752        0.59342   1  10
        0.39752        0.89221   1  11
        0.39752        0.90579   1  12
        0.39752        0.95065   1  13
        0.39752        1.44294   1  14
        0.39752        1.48141   1  15
        0.39752        1.51723   1  16
        0.39752        1.82815   1  17
        0.39752        1.90802   1  18
        0.40614       -1.28437   1   1
        0.40614       -0.36867   1   2
        0.40614       -0.35782   1   3
        0.40614       -0.35600   1   4
        0.40614        0.03254   1   5
        0.40614        0.41945   1   6
        0.40614        0.44472   1   7
        0.40614        0.44689   1   8
        0.40614        0.57779   1   9
        0.40614        0.59391   1  10
        0.40614        0.89038   1  11
        0.40614        0.89874   1  12
        0.40614        0.92521   1  13
        0.40614        1.48590   1  14
        0.40614        1.50783   1  15
        0.40614        1.52960   1  16
        0.40614        1.86040   1  17
        0.40614        1.90624   1  18
        0.41477       -1.28534   1   1
        0.41477       -0.36130   1   2
        0.41477       -0.35624   1   3
        0.41477       -0.35547   1   4
        0.41477        0.02252   1   5
        0.41477        0.42942   1   6
        0.41477        0.44106   1   7
        0.41477        0.44226   1   8
        0.41477        0.58753   1   9
        0.41477        0.59508   1  10
        0.41477        0.88951   1  11
        0.41477        0.89350   1  12
        0.41477        0.90573   1  13
        0.41477        1.51847   1  14
        0.41477        1.52823   1  15
        0.41477        1.53847   1  16
        0.41477        1.88167   1  17
        0.41477        1.90220   1  18
        0.42340       -1.28593   1   1
        0.42340       -0.35661   1   2
        0.42340       -0.35531   1   3
        0.42340       -0.35512   1   4
        0.42340        0.01625   1   5
        0.42340        0.43587   1   6
        0.42340        0.43884   1   7
        0.42340        0.43918   1   8
        0.42340        0.59414   1   9
        0.42340        0.59610   1  10
        0.42340        0.88923   1  11
        0.42340        0.89027   1  12
        0.42340        0.89341   1  13
        0.42340        1.53868   1  14
        0.42340        1.54111   1  15
        0.42340        1.54376   1  16
        0.42340        1.89330   1  17
        0.42340        1.89843   1  18
        0.43203       -1.28613   1   1
        0.43203       -0.35499   1   2
        0.43203       -0.35499   1   3
        0.43203       -0.35499   1   4
        0.43203        0.01412   1   5
        0.43203        0.43810   1   6
        0.43203        0.43810   1   7
        0.43203        0.43810   1   8
        0.43203        0.59649   1   9
        0.43203        0.59649   1  10
        0.43203        0.88918   1  11
        0.43203        0.88918   1  12
        0.43203        0.88918   1  13
        0.43203        1.54551   1  14
        0.43203        1.54551   1  15
        0.43203        1.54551   1  16
        0.43203        1.89693   1  17
        0.43203        1.89693   1  18
        0.43203       -1.28613   1   1
        0.43203       -0.35499   1   2
        0.43203       -0.35499   1   3
        0.43203       -0.35499   1   4
        0.43203        0.01412   1   5
        0.43203        0.43810   1   6
        0.43203        0.43810   1   7
        0.43203        0.43810   1   8
        0.43203        0.59649   1   9
        0.43203        0.59649   1  10
        0.43203        0.88918   1  11
        0.43203        0.88918   1  12
        0.43203        0.88918   1  13
        0.43203        1.54551   1  14
        0.43203        1.54551   1  15
        0.43203        1.54551   1  16
        0.43203        1.89693   1  17
        0.43203        1.89693   1  18
        0.44064       -1.28593   1   1
        0.44064       -0.35666   1   2
        0.44064       -0.35518   1   3
        0.44064       -0.35518   1   4
        0.44064        0.01624   1   5
        0.44064        0.43599   1   6
        0.44064        0.43895   1   7
        0.44064        0.43895   1   8
        0.44064        0.59513   1   9
        0.44064        0.59513   1  10
        0.44064        0.88817   1  11
        0.44064        0.89236   1  12
        0.44064        0.89236   1  13
        0.44064        1.53947   1  14
        0.44064        1.54205   1  15
        0.44064        1.54205   1  16
        0.44064        1.89586   1  17
        0.44064        1.89586   1  18
        0.44925       -1.28534   1   1
        0.44925       -0.36155   1   2
        0.44925       -0.35571   1   3
        0.44925       -0.35571   1   4
        0.44925        0.02247   1   5
        0.44925        0.42989   1   6
        0.44925        0.44142   1   7
        0.44925        0.44142   1   8
        0.44925        0.59135   1   9
        0.44925        0.59135   1  10
        0.44925        0.88521   1  11
        0.44925        0.90172   1  12
        0.44925        0.90172   1  13
        0.44925        1.52203   1  14
        0.44925        1.53145   1  15
        0.44925        1.53145   1  16
        0.44925        1.89189   1  17
        0.44925        1.89189   1  18
        0.45785       -1.28437   1   1
        0.45785       -0.36929   1   2
        0.45785       -0.35655   1   3
        0.45785       -0.35655   1   4
        0.45785        0.03241   1   5
        0.45785        0.42048   1   6
        0.45785        0.44528   1   7
        0.45785        0.44528   1   8
        0.45785        0.58603   1   9
        0.45785        0.58603   1  10
        0.45785        0.88051   1  11
        0.45785        0.91677   1  12
        0.45785        0.91677   1  13
        0.45785        1.49503   1  14
        0.45785        1.51321   1  15
        0.45785        1.51321   1  16
        0.45785        1.88318   1  17
        0.45785        1.88318   1  18
        0.46646       -1.28304   1   1
        0.46646       -0.37935   1   2
        0.46646       -0.35765   1   3
        0.46646       -0.35765   1   4
        0.46646        0.04542   1   5
        0.46646        0.40886   1   6
        0.46646        0.45009   1   7
        0.46646        0.45009   1   8
        0.46646        0.58038   1   9
        0.46646        0.58038   1  10
        0.46646        0.87431   1  11
        0.46646        0.93680   1  12
        0.46646        0.93680   1  13
        0.46646        1.46095   1  14
        0.46646        1.48701   1  15
        0.46646        1.48701   1  16
        0.46646        1.86803   1  17
        0.46646        1.86803   1  18
        0.47507       -1.28138   1   1
        0.47507       -0.39109   1   2
        0.47507       -0.35898   1   3
        0.47507       -0.35898   1   4
        0.47507        0.06069   1   5
        0.47507        0.39643   1   6
        0.47507        0.45516   1   7
        0.47507        0.45516   1   8
        0.47507        0.57582   1   9
        0.47507        0.57582   1  10
        0.47507        0.86688   1  11
        0.47507        0.96097   1  12
        0.47507        0.96097   1  13
        0.47507        1.42217   1  14
        0.47507        1.45310   1  15
        0.47507        1.45310   1  16
        0.47507        1.84608   1  17
        0.47507        1.84608   1  18
        0.48368       -1.27944   1   1
        0.48368       -0.40391   1   2
        0.48368       -0.36052   1   3
        0.48368       -0.36052   1   4
        0.48368        0.07731   1   5
        0.48368        0.38463   1   6
        0.48368        0.45951   1   7
        0.48368        0.45951   1   8
        0.48368        0.57387   1   9
        0.48368        0.57387   1  10
        0.48368        0.85844   1  11
        0.48368        0.98850   1  12
        0.48368        0.98850   1  13
        0.48368        1.38039   1  14
        0.48368        1.41239   1  15
        0.48368        1.41239   1  16
        0.48368        1.81864   1  17
        0.48368        1.81864   1  18
        0.49229       -1.27730   1   1
        0.49229       -0.41720   1   2
        0.49229       -0.36224   1   3
        0.49229       -0.36224   1   4
        0.49229        0.09426   1   5
        0.49229        0.37483   1   6
        0.49229        0.46201   1   7
        0.49229        0.46201   1   8
        0.49229        0.57595   1   9
        0.49229        0.57595   1  10
        0.49229        0.84918   1  11
        0.49229        1.01858   1  12
        0.49229        1.01858   1  13
        0.49229        1.33668   1  14
        0.49229        1.36673   1  15
        0.49229        1.36673   1  16
        0.49229        1.78831   1  17
        0.49229        1.78831   1  18
        0.50090       -1.27499   1   1
        0.50090       -0.43053   1   2
        0.50090       -0.36409   1   3
        0.50090       -0.36409   1   4
        0.50090        0.11062   1   5
        0.50090        0.36797   1   6
        0.50090        0.46199   1   7
        0.50090        0.46199   1   8
        0.50090        0.58293   1   9
        0.50090        0.58293   1  10
        0.50090        0.83916   1  11
        0.50090        1.05078   1  12
        0.50090        1.05078   1  13
        0.50090        1.29128   1  14
        0.50090        1.31803   1  15
        0.50090        1.31803   1  16
        0.50090        1.75755   1  17
        0.50090        1.75755   1  18
        0.50951       -1.27259   1   1
        0.50951       -0.44355   1   2
        0.50951       -0.36598   1   3
        0.50951       -0.36598   1   4
        0.50951        0.12552   1   5
        0.50951        0.36470   1   6
        0.50951        0.45956   1   7
        0.50951        0.45956   1   8
        0.50951        0.59485   1   9
        0.50951        0.59485   1  10
        0.50951        0.82828   1  11
        0.50951        1.08481   1  12
        0.50951        1.08481   1  13
        0.50951        1.24443   1  14
        0.50951        1.26812   1  15
        0.50951        1.26812   1  16
        0.50951        1.72792   1  17
        0.50951        1.72792   1  18
        0.51812       -1.27015   1   1
        0.51812       -0.45599   1   2
        0.51812       -0.36785   1   3
        0.51812       -0.36785   1   4
        0.51812        0.13817   1   5
        0.51812        0.36533   1   6
        0.51812        0.45546   1   7
        0.51812        0.45546   1   8
        0.51812        0.61118   1   9
        0.51812        0.61118   1  10
        0.51812        0.81639   1  11
        0.51812        1.12048   1  12
        0.51812        1.12048   1  13
        0.51812        1.19685   1  14
        0.51812        1.21830   1  15
        0.51812        1.21830   1  16
        0.51812        1.69979   1  17
        0.51812        1.69979   1  18
        0.52673       -1.26775   1   1
        0.52673       -0.46760   1   2
        0.52673       -0.36961   1   3
        0.52673       -0.36961   1   4
        0.52673        0.14803   1   5
        0.52673        0.36988   1   6
        0.52673        0.45053   1   7
        0.52673        0.45053   1   8
        0.52673        0.63134   1   9
        0.52673        0.63134   1  10
        0.52673        0.80343   1  11
        0.52673        1.14997   1  12
        0.52673        1.15766   1  13
        0.52673        1.15766   1  14
        0.52673        1.16920   1  15
        0.52673        1.16920   1  16
        0.52673        1.67261   1  17
        0.52673        1.67261   1  18
        0.53534       -1.26549   1   1
        0.53534       -0.47814   1   2
        0.53534       -0.37123   1   3
        0.53534       -0.37123   1   4
        0.53534        0.15497   1   5
        0.53534        0.37783   1   6
        0.53534        0.44544   1   7
        0.53534        0.44544   1   8
        0.53534        0.65485   1   9
        0.53534        0.65485   1  10
        0.53534        0.78973   1  11
        0.53534        1.10567   1  12
        0.53534        1.12109   1  13
        0.53534        1.12109   1  14
        0.53534        1.19618   1  15
        0.53534        1.19618   1  16
        0.53534        1.64539   1  17
        0.53534        1.64539   1  18
        0.54395       -1.26343   1   1
        0.54395       -0.48739   1   2
        0.54395       -0.37268   1   3
        0.54395       -0.37268   1   4
        0.54395        0.15932   1   5
        0.54395        0.38814   1   6
        0.54395        0.44066   1   7
        0.54395        0.44066   1   8
        0.54395        0.68127   1   9
        0.54395        0.68127   1  10
        0.54395        0.77617   1  11
        0.54395        1.06583   1  12
        0.54395        1.07424   1  13
        0.54395        1.07424   1  14
        0.54395        1.23578   1  15
        0.54395        1.23578   1  16
        0.54395        1.61717   1  17
        0.54395        1.61717   1  18
        0.55256       -1.26164   1   1
        0.55256       -0.49518   1   2
        0.55256       -0.37391   1   3
        0.55256       -0.37391   1   4
        0.55256        0.16176   1   5
        0.55256        0.39927   1   6
        0.55256        0.43645   1   7
        0.55256        0.43645   1   8
        0.55256        0.70998   1   9
        0.55256        0.70998   1  10
        0.55256        0.76400   1  11
        0.55256        1.02914   1  12
        0.55256        1.02914   1  13
        0.55256        1.03182   1  14
        0.55256        1.27609   1  15
        0.55256        1.27609   1  16
        0.55256        1.58732   1  17
        0.55256        1.58732   1  18
        0.56117       -1.26017   1   1
        0.56117       -0.50136   1   2
        0.56117       -0.37492   1   3
        0.56117       -0.37492   1   4
        0.56117        0.16302   1   5
        0.56117        0.40963   1   6
        0.56117        0.43300   1   7
        0.56117        0.43300   1   8
        0.56117        0.74002   1   9
        0.56117        0.74002   1  10
        0.56117        0.75440   1  11
        0.56117        0.98663   1  12
        0.56117        0.98663   1  13
        0.56117        1.00450   1  14
        0.56117        1.31658   1  15
        0.56117        1.31658   1  16
        0.56117        1.55566   1  17
        0.56117        1.55566   1  18
        0.56978       -1.25907   1   1
        0.56978       -0.50585   1   2
        0.56978       -0.37565   1   3
        0.56978       -0.37565   1   4
        0.56978        0.16366   1   5
        0.56978        0.41788   1   6
        0.56978        0.43044   1   7
        0.56978        0.43044   1   8
        0.56978        0.74791   1   9
        0.56978        0.76983   1  10
        0.56978        0.76983   1  11
        0.56978        0.94815   1  12
        0.56978        0.94815   1  13
        0.56978        0.98442   1  14
        0.56978        1.35635   1  15
        0.56978        1.35635   1  16
        0.56978        1.52257   1  17
        0.56978        1.52257   1  18
        0.57839       -1.25839   1   1
        0.57839       -0.50857   1   2
        0.57839       -0.37611   1   3
        0.57839       -0.37611   1   4
        0.57839        0.16397   1   5
        0.57839        0.42312   1   6
        0.57839        0.42887   1   7
        0.57839        0.42887   1   8
        0.57839        0.74437   1   9
        0.57839        0.79587   1  10
        0.57839        0.79587   1  11
        0.57839        0.91702   1  12
        0.57839        0.91702   1  13
        0.57839        0.97208   1  14
        0.57839        1.39306   1  15
        0.57839        1.39306   1  16
        0.57839        1.49002   1  17
        0.57839        1.49002   1  18
        0.58700       -1.25816   1   1
        0.58700       -0.50948   1   2
        0.58700       -0.37626   1   3
        0.58700       -0.37626   1   4
        0.58700        0.16406   1   5
        0.58700        0.42492   1   6
        0.58700        0.42834   1   7
        0.58700        0.42834   1   8
        0.58700        0.74327   1   9
        0.58700        0.80809   1  10
        0.58700        0.80809   1  11
        0.58700        0.90312   1  12
        0.58700        0.90312   1  13
        0.58700        0.96790   1  14
        0.58700        1.41385   1  15
        0.58700        1.41385   1  16
        0.58700        1.47065   1  17
        0.58700        1.47065   1  18
        0.58700       -1.25816   1   1
        0.58700       -0.50948   1   2
        0.58700       -0.37626   1   3
        0.58700       -0.37626   1   4
        0.58700        0.16406   1   5
        0.58700        0.42492   1   6
        0.58700        0.42834   1   7
        0.58700        0.42834   1   8
        0.58700        0.74327   1   9
        0.58700        0.80809   1  10
        0.58700        0.80809   1  11
        0.58700        0.90312   1  12
        0.58700        0.90312   1  13
        0.58700        0.96790   1  14
        0.58700        1.41385   1  15
        0.58700        1.41385   1  16
        0.58700        1.47065   1  17
        0.58700        1.47065   1  18
        0.59604       -1.25809   1   1
        0.59604       -0.50900   1   2
        0.59604       -0.37739   1   3
        0.59604       -0.37649   1   4
        0.59604        0.16606   1   5
        0.59604        0.41896   1   6
        0.59604        0.42968   1   7
        0.59604        0.42971   1   8
        0.59604        0.74745   1   9
        0.59604        0.80490   1  10
        0.59604        0.80826   1  11
        0.59604        0.89557   1  12
        0.59604        0.90733   1  13
        0.59604        0.97836   1  14
        0.59604        1.40402   1  15
        0.59604        1.40559   1  16
        0.59604        1.47903   1  17
        0.59604        1.47912   1  18
        0.60508       -1.25790   1   1
        0.60508       -0.50756   1   2
        0.60508       -0.38068   1   3
        0.60508       -0.37717   1   4
        0.60508        0.17196   1   5
        0.60508        0.40755   1   6
        0.60508        0.42818   1   7
        0.60508        0.43372   1   8
        0.60508        0.75799   1   9
        0.60508        0.79496   1  10
        0.60508        0.81064   1  11
        0.60508        0.88265   1  12
        0.60508        0.91877   1  13
        0.60508        1.00018   1  14
        0.60508        1.38299   1  15
        0.60508        1.38828   1  16
        0.60508        1.49624   1  17
        0.60508        1.49669   1  18
        0.61412       -1.25759   1   1
        0.61412       -0.50520   1   2
        0.61412       -0.38583   1   3
        0.61412       -0.37833   1   4
        0.61412        0.18147   1   5
        0.61412        0.39301   1   6
        0.61412        0.42328   1   7
        0.61412        0.44048   1   8
        0.61412        0.76898   1   9
        0.61412        0.77846   1  10
        0.61412        0.82052   1  11
        0.61412        0.87300   1  12
        0.61412        0.93518   1  13
        0.61412        1.02410   1  14
        0.61412        1.35822   1  15
        0.61412        1.36866   1  16
        0.61412        1.51502   1  17
        0.61412        1.51690   1  18
        0.62316       -1.25720   1   1
        0.62316       -0.50198   1   2
        0.62316       -0.39245   1   3
        0.62316       -0.37998   1   4
        0.62316        0.19407   1   5
        0.62316        0.37677   1   6
        0.62316        0.41576   1   7
        0.62316        0.44985   1   8
        0.62316        0.75755   1   9
        0.62316        0.77485   1  10
        0.62316        0.84279   1  11
        0.62316        0.86763   1  12
        0.62316        0.95493   1  13
        0.62316        1.04634   1  14
        0.62316        1.33244   1  15
        0.62316        1.34883   1  16
        0.62316        1.53349   1  17
        0.62316        1.53769   1  18
        0.63219       -1.25672   1   1
        0.63219       -0.49794   1   2
        0.63219       -0.40010   1   3
        0.63219       -0.38215   1   4
        0.63219        0.20906   1   5
        0.63219        0.36001   1   6
        0.63219        0.40644   1   7
        0.63219        0.46140   1   8
        0.63219        0.73514   1   9
        0.63219        0.77676   1  10
        0.63219        0.86520   1  11
        0.63219        0.87642   1  12
        0.63219        0.97728   1  13
        0.63219        1.06449   1  14
        0.63219        1.30766   1  15
        0.63219        1.32981   1  16
        0.63219        1.55095   1  17
        0.63219        1.55846   1  18
        0.64123       -1.25617   1   1
        0.64123       -0.49317   1   2
        0.64123       -0.40833   1   3
        0.64123       -0.38488   1   4
        0.64123        0.22568   1   5
        0.64123        0.34365   1   6
        0.64123        0.39611   1   7
        0.64123        0.47425   1   8
        0.64123        0.71375   1   9
        0.64123        0.77778   1  10
        0.64123        0.86451   1  11
        0.64123        0.91914   1  12
        0.64123        1.00177   1  13
        0.64123        1.07589   1  14
        0.64123        1.28634   1  15
        0.64123        1.31276   1  16
        0.64123        1.56691   1  17
        0.64123        1.57899   1  18
        0.65027       -1.25559   1   1
        0.65027       -0.48776   1   2
        0.65027       -0.41667   1   3
        0.65027       -0.38817   1   4
        0.65027        0.24329   1   5
        0.65027        0.32838   1   6
        0.65027        0.38548   1   7
        0.65027        0.48689   1   8
        0.65027        0.69590   1   9
        0.65027        0.77962   1  10
        0.65027        0.86480   1  11
        0.65027        0.96891   1  12
        0.65027        1.02792   1  13
        0.65027        1.07714   1  14
        0.65027        1.27146   1  15
        0.65027        1.29928   1  16
        0.65027        1.58097   1  17
        0.65027        1.59911   1  18
        0.65931       -1.25500   1   1
        0.65931       -0.48181   1   2
        0.65931       -0.42471   1   3
        0.65931       -0.39200   1   4
        0.65931        0.26138   1   5
        0.65931        0.31470   1   6
        0.65931        0.37510   1   7
        0.65931        0.49702   1   8
        0.65931        0.68466   1   9
        0.65931        0.78285   1  10
        0.65931        0.86554   1  11
        0.65931        1.01926   1  12
        0.65931        1.05790   1  13
        0.65931        1.06561   1  14
        0.65931        1.26485   1  15
        0.65931        1.29104   1  16
        0.65931        1.59284   1  17
        0.65931        1.61872   1  18
        0.66835       -1.25443   1   1
        0.66835       -0.47547   1   2
        0.66835       -0.43207   1   3
        0.66835       -0.39634   1   4
        0.66835        0.27950   1   5
        0.66835        0.30295   1   6
        0.66835        0.36542   1   7
        0.66835        0.50188   1   8
        0.66835        0.68363   1   9
        0.66835        0.78708   1  10
        0.66835        0.86634   1  11
        0.66835        1.04168   1  12
        0.66835        1.05280   1  13
        0.66835        1.10282   1  14
        0.66835        1.26510   1  15
        0.66835        1.28888   1  16
        0.66835        1.60240   1  17
        0.66835        1.63773   1  18
        0.67739       -1.25394   1   1
        0.67739       -0.46895   1   2
        0.67739       -0.43844   1   3
        0.67739       -0.40106   1   4
        0.67739        0.29330   1   5
        0.67739        0.29708   1   6
        0.67739        0.35680   1   7
        0.67739        0.50001   1   8
        0.67739        0.69500   1   9
        0.67739        0.79146   1  10
        0.67739        0.86698   1  11
        0.67739        1.00834   1  12
        0.67739        1.06944   1  13
        0.67739        1.15623   1  14
        0.67739        1.26869   1  15
        0.67739        1.29182   1  16
        0.67739        1.60969   1  17
        0.67739        1.65582   1  18
        0.68642       -1.25352   1   1
        0.68642       -0.46253   1   2
        0.68642       -0.44361   1   3
        0.68642       -0.40596   1   4
        0.68642        0.28580   1   5
        0.68642        0.31325   1   6
        0.68642        0.34959   1   7
        0.68642        0.49290   1   8
        0.68642        0.71761   1   9
        0.68642        0.79515   1  10
        0.68642        0.86740   1  11
        0.68642        0.96921   1  12
        0.68642        1.07823   1  13
        0.68642        1.20450   1  14
        0.68642        1.27266   1  15
        0.68642        1.29698   1  16
        0.68642        1.61491   1  17
        0.68642        1.67225   1  18
        0.69546       -1.25321   1   1
        0.69546       -0.45669   1   2
        0.69546       -0.44741   1   3
        0.69546       -0.41066   1   4
        0.69546        0.28044   1   5
        0.69546        0.32680   1   6
        0.69546        0.34411   1   7
        0.69546        0.48394   1   8
        0.69546        0.74781   1   9
        0.69546        0.79770   1  10
        0.69546        0.86758   1  11
        0.69546        0.92793   1  12
        0.69546        1.08261   1  13
        0.69546        1.24238   1  14
        0.69546        1.27559   1  15
        0.69546        1.30104   1  16
        0.69546        1.61833   1  17
        0.69546        1.68578   1  18
        0.70450       -1.25302   1   1
        0.70450       -0.45227   1   2
        0.70450       -0.44975   1   3
        0.70450       -0.41437   1   4
        0.70450        0.27722   1   5
        0.70450        0.33612   1   6
        0.70450        0.34067   1   7
        0.70450        0.47665   1   8
        0.70450        0.78026   1   9
        0.70450        0.79909   1  10
        0.70450        0.86688   1  11
        0.70450        0.88990   1  12
        0.70450        1.08450   1  13
        0.70450        1.26776   1  14
        0.70450        1.27721   1  15
        0.70450        1.30180   1  16
        0.70450        1.62024   1  17
        0.70450        1.69482   1  18
        0.71354       -1.25295   1   1
        0.71354       -0.45054   1   2
        0.71354       -0.45054   1   3
        0.71354       -0.41585   1   4
        0.71354        0.27615   1   5
        0.71354        0.33948   1   6
        0.71354        0.33950   1   7
        0.71354        0.47383   1   8
        0.71354        0.79952   1   9
        0.71354        0.79953   1  10
        0.71354        0.86164   1  11
        0.71354        0.87381   1  12
        0.71354        1.08500   1  13
        0.71354        1.27769   1  14
        0.71354        1.27772   1  15
        0.71354        1.30066   1  16
        0.71354        1.62085   1  17
        0.71354        1.69802   1  18
        0.71354       -1.25295   1   1
        0.71354       -0.45054   1   2
        0.71354       -0.45054   1   3
        0.71354       -0.41585   1   4
        0.71354        0.27615   1   5
        0.71354        0.33948   1   6
        0.71354        0.33950   1   7
        0.71354        0.47383   1   8
        0.71354        0.79952   1   9
        0.71354        0.79953   1  10
        0.71354        0.86164   1  11
        0.71354        0.87381   1  12
        0.71354        1.08500   1  13
        0.71354        1.27769   1  14
        0.71354        1.27772   1  15
        0.71354        1.30066   1  16
        0.71354        1.62085   1  17
        0.71354        1.69802   1  18
        0.72249       -1.25298   1   1
        0.72249       -0.45698   1   2
        0.72249       -0.44382   1   3
        0.72249       -0.41555   1   4
        0.72249        0.27245   1   5
        0.72249        0.31887   1   6
        0.72249        0.36033   1   7
        0.72249        0.47916   1   8
        0.72249        0.78813   1   9
        0.72249        0.81133   1  10
        0.72249        0.86087   1  11
        0.72249        0.87371   1  12
        0.72249        1.08306   1  13
        0.72249        1.25561   1  14
        0.72249        1.30176   1  15
        0.72249        1.30690   1  16
        0.72249        1.60584   1  17
        0.72249        1.71559   1  18
        0.73143       -1.25308   1   1
        0.73143       -0.46302   1   2
        0.73143       -0.43702   1   3
        0.73143       -0.41467   1   4
        0.73143        0.26253   1   5
        0.73143        0.29907   1   6
        0.73143        0.38073   1   7
        0.73143        0.49403   1   8
        0.73143        0.77703   1   9
        0.73143        0.82350   1  10
        0.73143        0.85841   1  11
        0.73143        0.87339   1  12
        0.73143        1.07716   1  13
        0.73143        1.24343   1  14
        0.73143        1.30494   1  15
        0.73143        1.34046   1  16
        0.73143        1.57695   1  17
        0.73143        1.75239   1  18
        0.74038       -1.25323   1   1
        0.74038       -0.46857   1   2
        0.74038       -0.43033   1   3
        0.74038       -0.41327   1   4
        0.74038        0.24891   1   5
        0.74038        0.28053   1   6
        0.74038        0.40013   1   7
        0.74038        0.51601   1   8
        0.74038        0.76626   1   9
        0.74038        0.83550   1  10
        0.74038        0.85393   1  11
        0.74038        0.87290   1  12
        0.74038        1.06727   1  13
        0.74038        1.24315   1  14
        0.74038        1.30992   1  15
        0.74038        1.37607   1  16
        0.74038        1.54632   1  17
        0.74038        1.79667   1  18
        0.74933       -1.25344   1   1
        0.74933       -0.47355   1   2
        0.74933       -0.42400   1   3
        0.74933       -0.41147   1   4
        0.74933        0.23394   1   5
        0.74933        0.26356   1   6
        0.74933        0.41807   1   7
        0.74933        0.54287   1   8
        0.74933        0.75612   1   9
        0.74933        0.84642   1  10
        0.74933        0.84702   1  11
        0.74933        0.87230   1  12
        0.74933        1.05363   1  13
        0.74933        1.25469   1  14
        0.74933        1.31627   1  15
        0.74933        1.41205   1  16
        0.74933        1.51791   1  17
        0.74933        1.84443   1  18
        0.75828       -1.25369   1   1
        0.75828       -0.47790   1   2
        0.75828       -0.41818   1   3
        0.75828       -0.40941   1   4
        0.75828        0.21929   1   5
        0.75828        0.24834   1   6
        0.75828        0.43427   1   7
        0.75828        0.57303   1   8
        0.75828        0.74709   1   9
        0.75828        0.83730   1  10
        0.75828        0.85543   1  11
        0.75828        0.87167   1  12
        0.75828        1.03706   1  13
        0.75828        1.27507   1  14
        0.75828        1.32347   1  15
        0.75828        1.44727   1  16
        0.75828        1.49392   1  17
        0.75828        1.89288   1  18
        0.76722       -1.25394   1   1
        0.76722       -0.48155   1   2
        0.76722       -0.41304   1   3
        0.76722       -0.40731   1   4
        0.76722        0.20613   1   5
        0.76722        0.23519   1   6
        0.76722        0.44838   1   7
        0.76722        0.60522   1   8
        0.76722        0.73968   1   9
        0.76722        0.82445   1  10
        0.76722        0.86207   1  11
        0.76722        0.87109   1  12
        0.76722        1.01920   1  13
        0.76722        1.29876   1  14
        0.76722        1.33069   1  15
        0.76722        1.47561   1  16
        0.76722        1.48050   1  17
        0.76722        1.93934   1  18
        0.77617       -1.25415   1   1
        0.77617       -0.48443   1   2
        0.77617       -0.40875   1   3
        0.77617       -0.40540   1   4
        0.77617        0.19525   1   5
        0.77617        0.22449   1   6
        0.77617        0.46007   1   7
        0.77617        0.63835   1   8
        0.77617        0.73421   1   9
        0.77617        0.80807   1  10
        0.77617        0.86633   1  11
        0.77617        0.87059   1  12
        0.77617        1.00234   1  13
        0.77617        1.31991   1  14
        0.77617        1.33700   1  15
        0.77617        1.46311   1  16
        0.77617        1.51008   1  17
        0.77617        1.98120   1  18
        0.78512       -1.25431   1   1
        0.78512       -0.48650   1   2
        0.78512       -0.40548   1   3
        0.78512       -0.40393   1   4
        0.78512        0.18718   1   5
        0.78512        0.21659   1   6
        0.78512        0.46894   1   7
        0.78512        0.67139   1   8
        0.78512        0.73064   1   9
        0.78512        0.78777   1  10
        0.78512        0.86862   1  11
        0.78512        0.87017   1  12
        0.78512        0.98888   1  13
        0.78512        1.33480   1  14
        0.78512        1.34167   1  15
        0.78512        1.45565   1  16
        0.78512        1.53378   1  17
        0.78512        2.01532   1  18
        0.79407       -1.25439   1   1
        0.79407       -0.48774   1   2
        0.79407       -0.40342   1   3
        0.79407       -0.40302   1   4
        0.79407        0.18222   1   5
        0.79407        0.21174   1   6
        0.79407        0.47456   1   7
        0.79407        0.70339   1   8
        0.79407        0.72871   1   9
        0.79407        0.76361   1  10
        0.79407        0.86956   1  11
        0.79407        0.86989   1  12
        0.79407        0.98041   1  13
        0.79407        1.34287   1  14
        0.79407        1.34442   1  15
        0.79407        1.45193   1  16
        0.79407        1.54927   1  17
        0.79407        2.03809   1  18
        0.80301       -1.25442   1   1
        0.80301       -0.48816   1   2
        0.80301       -0.40271   1   3
        0.80301       -0.40271   1   4
        0.80301        0.18055   1   5
        0.80301        0.21011   1   6
        0.80301        0.47649   1   7
        0.80301        0.72812   1   8
        0.80301        0.72812   1   9
        0.80301        0.74149   1  10
        0.80301        0.86978   1  11
        0.80301        0.86978   1  12
        0.80301        0.97756   1  13
        0.80301        1.34531   1  14
        0.80301        1.34531   1  15
        0.80301        1.45084   1  16
        0.80301        1.55466   1  17
        0.80301        2.04613   1  18
