# impact ionization rate 1/tau = |FWHM|/hbar, FWHM = 2 Z Im Sigma; made by iir_rate.py on 2026-09-30 04:41
# from /home/takao/ecalj/Samples/IIR/C_work/QPU_life
# band edges on this mesh, from the Fermi energy (eV): VBM -2.862 CBM 2.862 ; gap 5.724
#   q1       q2       q3    band  E-E_VBM(eV)    FWHM(eV)      rate(1/s)
 0.00000  0.00000  0.00000    1    -22.833   1.4499405664   2.202848e+15
 0.00000  0.00000  0.00000    2      0.000  -0.0000000000   0.000000e+00
 0.00000  0.00000  0.00000    3      0.000  -0.0000000000   0.000000e+00
 0.00000  0.00000  0.00000    4      0.000  -0.0000000000   0.000000e+00
 0.00000  0.00000  0.00000    5      7.551   0.0000000000   0.000000e+00
 0.00000  0.00000  0.00000    6      7.551   0.0000000000   0.000000e+00
 0.00000  0.00000  0.00000    7      7.551   0.0000000000   0.000000e+00
 0.00000  0.00000  0.00000    8     15.161  -0.0011985550   1.820926e+12
 0.00000  0.00000  0.00000    9     20.524  -0.1536484729   2.334331e+14
 0.00000  0.00000  0.00000   10     28.650  -0.8884209371   1.349749e+15
 0.00000  0.00000  0.00000   11     28.650  -0.8884211363   1.349749e+15
 0.00000  0.00000  0.00000   12     28.650  -0.8884212574   1.349749e+15
-0.16667  0.16667  0.16667    1    -22.017   1.2986077060   1.972932e+15
-0.16667  0.16667  0.16667    2     -4.084  -0.0000000000   0.000000e+00
-0.16667  0.16667  0.16667    3     -1.086  -0.0000000000   0.000000e+00
-0.16667  0.16667  0.16667    4     -1.086  -0.0000000000   0.000000e+00
-0.16667  0.16667  0.16667    5      8.973   0.0000000000   0.000000e+00
-0.16667  0.16667  0.16667    6      8.973  -0.0000000000   0.000000e+00
-0.16667  0.16667  0.16667    7      9.297   0.0000000000   0.000000e+00
-0.16667  0.16667  0.16667    8     15.888  -0.0025907212   3.935998e+12
-0.16667  0.16667  0.16667    9     21.642  -0.2008586690   3.051580e+14
-0.16667  0.16667  0.16667   10     24.684  -0.3785136081   5.750634e+14
-0.16667  0.16667  0.16667   11     24.684  -0.3785137784   5.750637e+14
-0.16667  0.16667  0.16667   12     27.191  -0.6911599678   1.050057e+15
-0.33333  0.33333  0.33333    1    -19.661   0.8181845596   1.243041e+15
-0.33333  0.33333  0.33333    2    -10.201   0.0045107435   6.853026e+12
-0.33333  0.33333  0.33333    3     -2.511   0.0000000000   0.000000e+00
-0.33333  0.33333  0.33333    4     -2.511  -0.0000000000   0.000000e+00
-0.33333  0.33333  0.33333    5     10.341  -0.0000000000   0.000000e+00
-0.33333  0.33333  0.33333    6     10.420   0.0000000000   0.000000e+00
-0.33333  0.33333  0.33333    7     10.420  -0.0000000000   0.000000e+00
-0.33333  0.33333  0.33333    8     17.243  -0.0136981965   2.081122e+13
-0.33333  0.33333  0.33333    9     22.548  -0.2310844906   3.510791e+14
-0.33333  0.33333  0.33333   10     25.429  -0.4875776033   7.407608e+14
-0.33333  0.33333  0.33333   11     25.429  -0.4875783512   7.407619e+14
-0.33333  0.33333  0.33333   12     26.970  -0.6681408992   1.015085e+15
-0.50000  0.50000  0.50000    1    -16.839   0.4224519710   6.418175e+14
-0.50000  0.50000  0.50000    2    -14.383   0.0968545321   1.471479e+14
-0.50000  0.50000  0.50000    3     -3.048   0.0000000000   0.000000e+00
-0.50000  0.50000  0.50000    4     -3.048  -0.0000000000   0.000000e+00
-0.50000  0.50000  0.50000    5     10.569  -0.0000000000   0.000000e+00
-0.50000  0.50000  0.50000    6     10.575   0.0000000000   0.000000e+00
-0.50000  0.50000  0.50000    7     10.575   0.0000000000   0.000000e+00
-0.50000  0.50000  0.50000    8     17.621  -0.0203729850   3.095201e+13
-0.50000  0.50000  0.50000    9     23.639  -0.2578904469   3.918046e+14
-0.50000  0.50000  0.50000   10     25.930  -0.5901423074   8.965840e+14
-0.50000  0.50000  0.50000   11     28.061  -0.7821784425   1.188338e+15
-0.50000  0.50000  0.50000   12     28.061  -0.7821793608   1.188340e+15
 0.00000  0.00000  0.33333    1    -21.749   1.2657199005   1.922967e+15
 0.00000  0.00000  0.33333    2     -2.748   0.0000000000   0.000000e+00
 0.00000  0.00000  0.33333    3     -2.748  -0.0000000000   0.000000e+00
 0.00000  0.00000  0.33333    4     -2.504   0.0000000000   0.000000e+00
 0.00000  0.00000  0.33333    5      6.719   0.0000000000   0.000000e+00
 0.00000  0.00000  0.33333    6     11.215   0.0000000000   0.000000e+00
 0.00000  0.00000  0.33333    7     11.215  -0.0000000000   0.000000e+00
 0.00000  0.00000  0.33333    8     14.530  -0.0006474973   9.837216e+11
 0.00000  0.00000  0.33333    9     22.009  -0.1995795834   3.032148e+14
 0.00000  0.00000  0.33333   10     22.284  -0.2239897537   3.403003e+14
 0.00000  0.00000  0.33333   11     33.852  -1.4115786622   2.144566e+15
 0.00000  0.00000  0.33333   12     33.852  -1.4115806944   2.144569e+15
-0.16667  0.16667  0.50000    1    -19.906   0.8678829605   1.318546e+15
-0.16667  0.16667  0.50000    2     -7.897   0.0001545679   2.348300e+11
-0.16667  0.16667  0.50000    3     -4.145   0.0000000000   0.000000e+00
-0.16667  0.16667  0.50000    4     -3.751  -0.0000000000   0.000000e+00
-0.16667  0.16667  0.50000    5      7.831  -0.0000000000   0.000000e+00
-0.16667  0.16667  0.50000    6     12.955  -0.0000026952   4.094730e+09
-0.16667  0.16667  0.50000    7     13.188  -0.0000058928   8.952739e+09
-0.16667  0.16667  0.50000    8     13.627  -0.0001096330   1.665618e+11
-0.16667  0.16667  0.50000    9     23.111  -0.3064537171   4.655852e+14
-0.16667  0.16667  0.50000   10     23.381  -0.2982239295   4.530819e+14
-0.16667  0.16667  0.50000   11     32.550  -1.0888078037   1.654190e+15
-0.16667  0.16667  0.50000   12     32.939  -1.1541136858   1.753407e+15
-0.33333  0.33333  0.66667    1    -16.853   0.4088280541   6.211192e+14
-0.33333  0.33333  0.66667    2    -12.989   0.0429192465   6.520581e+13
-0.33333  0.33333  0.66667    3     -5.458   0.0000000000   0.000000e+00
-0.33333  0.33333  0.66667    4     -4.308   0.0000000000   0.000000e+00
-0.33333  0.33333  0.66667    5      8.923  -0.0000000000   0.000000e+00
-0.33333  0.33333  0.66667    6     12.980  -0.0000001143   1.736523e+08
-0.33333  0.33333  0.66667    7     13.261  -0.0000115814   1.759524e+10
-0.33333  0.33333  0.66667    8     16.479  -0.0081499933   1.238202e+13
-0.33333  0.33333  0.66667    9     22.103  -0.1807725878   2.746419e+14
-0.33333  0.33333  0.66667   10     25.826  -0.5805604947   8.820267e+14
-0.33333  0.33333  0.66667   11     28.916  -0.8098865255   1.230434e+15
-0.33333  0.33333  0.66667   12     29.881  -0.8365935779   1.271009e+15
-0.50000  0.50000  0.83333    1    -17.937   0.5603355429   8.512996e+14
-0.50000  0.50000  0.83333    2    -11.447   0.0137122889   2.083263e+13
-0.50000  0.50000  0.83333    3     -6.188  -0.0000000000   0.000000e+00
-0.50000  0.50000  0.83333    4     -3.219   0.0000000000   0.000000e+00
-0.50000  0.50000  0.83333    5      9.973   0.0000000000   0.000000e+00
-0.50000  0.50000  0.83333    6     11.824  -0.0000000000   0.000000e+00
-0.50000  0.50000  0.83333    7     13.016  -0.0000080420   1.221795e+10
-0.50000  0.50000  0.83333    8     17.092  -0.0125778753   1.910916e+13
-0.50000  0.50000  0.83333    9     21.950  -0.1860540032   2.826658e+14
-0.50000  0.50000  0.83333   10     24.089  -0.3485895191   5.296007e+14
-0.50000  0.50000  0.83333   11     26.589  -0.6443324752   9.789134e+14
-0.50000  0.50000  0.83333   12     32.245  -1.0378054433   1.576704e+15
-0.66667  0.66667  1.00000    1    -20.689   1.0208167528   1.550894e+15
-0.66667  0.66667  1.00000    2     -6.254  -0.0000000000   0.000000e+00
-0.66667  0.66667  1.00000    3     -5.194  -0.0000000000   0.000000e+00
-0.66667  0.66667  1.00000    4     -1.493  -0.0000000000   0.000000e+00
-0.66667  0.66667  1.00000    5      9.762  -0.0000000000   0.000000e+00
-0.66667  0.66667  1.00000    6     10.682   0.0000000000   0.000000e+00
-0.66667  0.66667  1.00000    7     11.327   0.0000000000   0.000000e+00
-0.66667  0.66667  1.00000    8     15.642  -0.0023848980   3.623298e+12
-0.66667  0.66667  1.00000    9     21.847  -0.1761358440   2.675975e+14
-0.66667  0.66667  1.00000   10     22.647  -0.2568783445   3.902669e+14
-0.66667  0.66667  1.00000   11     25.433  -0.5448718950   8.278061e+14
-0.66667  0.66667  1.00000   12     33.606  -1.2456199530   1.892430e+15
 0.00000  0.00000  0.66667    1    -18.621   0.6316021589   9.595726e+14
 0.00000  0.00000  0.66667    2     -7.927   0.0001910508   2.902573e+11
 0.00000  0.00000  0.66667    3     -5.762   0.0000008852   1.344856e+09
 0.00000  0.00000  0.66667    4     -5.762   0.0000008852   1.344856e+09
 0.00000  0.00000  0.66667    5      5.724   0.0000000000   0.000000e+00
 0.00000  0.00000  0.66667    6      9.391   0.0000000000   0.000000e+00
 0.00000  0.00000  0.66667    7     16.465  -0.0045984882   6.986333e+12
 0.00000  0.00000  0.66667    8     16.465  -0.0045984906   6.986337e+12
 0.00000  0.00000  0.66667    9     23.294  -0.3310494079   5.029526e+14
 0.00000  0.00000  0.66667   10     24.921  -0.4411289531   6.701929e+14
 0.00000  0.00000  0.66667   11     37.070  -1.4547138139   2.210099e+15
 0.00000  0.00000  0.66667   12     37.070  -1.4547146299   2.210101e+15
-0.16667  0.16667  0.83333    1    -15.979   0.2723602757   4.137881e+14
-0.16667  0.16667  0.83333    2    -11.169   0.0087623473   1.331235e+13
-0.16667  0.16667  0.83333    3     -8.302   0.0001585891   2.409393e+11
-0.16667  0.16667  0.83333    4     -6.126   0.0000000000   0.000000e+00
-0.16667  0.16667  0.83333    5      6.865  -0.0000000000   0.000000e+00
-0.16667  0.16667  0.83333    6     10.135   0.0000000000   0.000000e+00
-0.16667  0.16667  0.83333    7     17.375  -0.0113260322   1.720727e+13
-0.16667  0.16667  0.83333    8     17.561  -0.0164592079   2.500594e+13
-0.16667  0.16667  0.83333    9     23.203  -0.2967483282   4.508401e+14
-0.16667  0.16667  0.83333   10     25.381  -0.5042269874   7.660556e+14
-0.16667  0.16667  0.83333   11     32.590  -0.9953145020   1.512149e+15
-0.16667  0.16667  0.83333   12     36.239  -1.3726068114   2.085357e+15
-0.33333  0.33333  1.00000    1    -15.147   0.1909421695   2.900922e+14
-0.33333  0.33333  1.00000    2    -11.909   0.0208407490   3.166267e+13
-0.33333  0.33333  1.00000    3    -10.154   0.0018164536   2.759679e+12
-0.33333  0.33333  1.00000    4     -5.096  -0.0000000000   0.000000e+00
-0.33333  0.33333  1.00000    5      8.040   0.0000000000   0.000000e+00
-0.33333  0.33333  1.00000    6     15.511  -0.0026226960   3.984577e+12
-0.33333  0.33333  1.00000    7     15.927  -0.0073173517   1.111701e+13
-0.33333  0.33333  1.00000    8     17.263  -0.0145224181   2.206344e+13
-0.33333  0.33333  1.00000    9     18.857  -0.0368778479   5.602731e+13
-0.33333  0.33333  1.00000   10     26.596  -0.5297362225   8.048110e+14
-0.33333  0.33333  1.00000   11     26.787  -0.6611588574   1.004477e+15
-0.33333  0.33333  1.00000   12     37.098  -1.5808566489   2.401744e+15
 0.00000  0.00000  1.00000    1    -13.816   0.0903956155   1.373351e+14
 0.00000  0.00000  1.00000    2    -13.816   0.0903956142   1.373351e+14
 0.00000  0.00000  1.00000    3     -6.845   0.0000174417   2.649861e+10
 0.00000  0.00000  1.00000    4     -6.845   0.0000174417   2.649861e+10
 0.00000  0.00000  1.00000    5      6.278   0.0000000000   0.000000e+00
 0.00000  0.00000  1.00000    6      6.278   0.0000000000   0.000000e+00
 0.00000  0.00000  1.00000    7     19.289  -0.0458285348   6.962580e+13
 0.00000  0.00000  1.00000    8     19.289  -0.0458285685   6.962585e+13
 0.00000  0.00000  1.00000    9     25.117  -0.4929352231   7.489004e+14
 0.00000  0.00000  1.00000   10     25.117  -0.4929352650   7.489005e+14
 0.00000  0.00000  1.00000   11     34.877  -1.1119340469   1.689325e+15
 0.00000  0.00000  1.00000   12     34.877  -1.1119340762   1.689325e+15
-0.00000  0.33333  0.66667    1    -17.662   0.4873441732   7.404061e+14
-0.00000  0.33333  0.66667    2     -9.532   0.0014401582   2.187985e+12
-0.00000  0.33333  0.66667    3     -7.936   0.0000413913   6.288445e+10
-0.00000  0.33333  0.66667    4     -5.220   0.0000000000   0.000000e+00
-0.00000  0.33333  0.66667    5      9.618  -0.0000000000   0.000000e+00
-0.00000  0.33333  0.66667    6     11.904  -0.0000000001   1.519267e+05
-0.00000  0.33333  0.66667    7     13.510  -0.0000426425   6.478536e+10
-0.00000  0.33333  0.66667    8     16.565  -0.0072540525   1.102085e+13
-0.00000  0.33333  0.66667    9     22.688  -0.2501119885   3.799870e+14
-0.00000  0.33333  0.66667   10     24.096  -0.3971630434   6.033969e+14
-0.00000  0.33333  0.66667   11     29.153  -0.8199157049   1.245671e+15
-0.00000  0.33333  0.66667   12     35.859  -1.3299232841   2.020509e+15
-0.16667  0.50000  0.83333    1    -15.020   0.1913218969   2.906691e+14
-0.16667  0.50000  0.83333    2    -12.688   0.0364654667   5.540080e+13
-0.16667  0.50000  0.83333    3     -8.533   0.0000789663   1.199709e+11
-0.16667  0.50000  0.83333    4     -6.428   0.0000000000   0.000000e+00
-0.16667  0.50000  0.83333    5     10.694   0.0000000000   0.000000e+00
-0.16667  0.50000  0.83333    6     12.066  -0.0000000002   3.038535e+05
-0.16667  0.50000  0.83333    7     16.139  -0.0058461131   8.881809e+12
-0.16667  0.50000  0.83333    8     16.395  -0.0084468548   1.283303e+13
-0.16667  0.50000  0.83333    9     20.181  -0.0709674229   1.078185e+14
-0.16667  0.50000  0.83333   10     25.522  -0.5339503189   8.112133e+14
-0.16667  0.50000  0.83333   11     29.609  -0.8757697733   1.330529e+15
-0.16667  0.50000  0.83333   12     34.394  -1.2423315554   1.887434e+15
 0.00000  0.33333  1.00000    1    -13.263   0.0636368833   9.668145e+13
 0.00000  0.33333  1.00000    2    -13.263   0.0636368826   9.668144e+13
 0.00000  0.33333  1.00000    3     -8.466   0.0001956201   2.971993e+11
 0.00000  0.33333  1.00000    4     -8.466   0.0001956201   2.971993e+11
 0.00000  0.33333  1.00000    5     10.026   0.0000000000   0.000000e+00
 0.00000  0.33333  1.00000    6     10.026  -0.0000000000   0.000000e+00
 0.00000  0.33333  1.00000    7     16.953  -0.0105090710   1.596609e+13
 0.00000  0.33333  1.00000    8     16.953  -0.0105090718   1.596609e+13
 0.00000  0.33333  1.00000    9     23.761  -0.3483447523   5.292288e+14
 0.00000  0.33333  1.00000   10     23.761  -0.3483447578   5.292289e+14
 0.00000  0.33333  1.00000   11     33.926  -1.1546985089   1.754296e+15
 0.00000  0.33333  1.00000   12     33.926  -1.1546986280   1.754296e+15
