 ===============================================================
  quasiparticle energies MAJORITY
 ===============================================================
E_shift=  0.0000000000000000D+00  0.0000000000000000D+00  0.0000000000000000D+00 eV

           q               state   SEx    SExcore   SEc     vxc     dSE    dSEnoZ   eLDA    eQP   eQPnoZ    eHF   Z    FWHM=2Z*Simg  ReS(elda)
  0.00000  0.00000  0.00000   1  -25.300  -1.323   8.408 -16.144  -1.611  -2.071 -25.695 -27.306 -27.766 -36.174 0.78   1.44994    -18.21473
  0.00000  0.00000  0.00000   2  -18.962  -0.993   1.799 -18.013  -0.121  -0.142  -2.862  -2.983  -3.004  -4.803 0.85  -0.00000    -18.15508
  0.00000  0.00000  0.00000   3  -18.962  -0.993   1.799 -18.013  -0.121  -0.142  -2.862  -2.983  -3.004  -4.803 0.85  -0.00000    -18.15508
  0.00000  0.00000  0.00000   4  -18.962  -0.993   1.799 -18.013  -0.121  -0.142  -2.862  -2.983  -3.004  -4.803 0.85  -0.00000    -18.15508
  0.00000  0.00000  0.00000   5   -9.023  -0.889  -4.431 -16.689   2.004   2.347   4.689   6.694   7.036  11.467 0.85   0.00000    -14.34232
  0.00000  0.00000  0.00000   6   -9.023  -0.889  -4.431 -16.689   2.004   2.347   4.689   6.694   7.036  11.467 0.85   0.00000    -14.34232
  0.00000  0.00000  0.00000   7   -9.023  -0.889  -4.431 -16.689   2.004   2.347   4.689   6.694   7.036  11.467 0.85   0.00000    -14.34232
  0.00000  0.00000  0.00000   8   -7.813  -3.184  -6.701 -19.581   1.524   1.883  12.299  13.823  14.182  20.883 0.81  -0.00120    -17.69745
  0.00000  0.00000  0.00000   9   -4.171  -1.209  -6.524 -13.517   1.331   1.613  17.662  18.993  19.275  25.799 0.83  -0.15365    -11.90402
  0.00000  0.00000  0.00000  10   -2.895  -0.112  -6.093 -11.837   2.361   2.736  25.788  28.149  28.524  34.617 0.86  -0.88842     -9.10077
  0.00000  0.00000  0.00000  11   -2.895  -0.112  -6.093 -11.837   2.361   2.736  25.788  28.149  28.524  34.617 0.86  -0.88842     -9.10077
  0.00000  0.00000  0.00000  12   -2.895  -0.112  -6.093 -11.837   2.361   2.736  25.788  28.149  28.524  34.617 0.86  -0.88842     -9.10077

 -0.16667  0.16667  0.16667   1  -25.105  -1.320   8.226 -16.196  -1.553  -2.003 -24.879 -26.432 -26.882 -35.108 0.78   1.29861    -18.19911
 -0.16667  0.16667  0.16667   2  -19.610  -1.001   2.750 -17.257  -0.509  -0.604  -6.946  -7.455  -7.549 -10.299 0.84  -0.00000    -17.86081
 -0.16667  0.16667  0.16667   3  -19.078  -0.943   2.039 -17.754  -0.194  -0.228  -3.948  -4.142  -4.176  -6.214 0.85  -0.00000    -17.98167
 -0.16667  0.16667  0.16667   4  -19.078  -0.943   2.039 -17.754  -0.194  -0.228  -3.948  -4.142  -4.176  -6.214 0.85  -0.00000    -17.98167
 -0.16667  0.16667  0.16667   5   -8.771  -0.953  -4.769 -16.949   2.087   2.456   6.111   8.198   8.567  13.336 0.85   0.00000    -14.49257
 -0.16667  0.16667  0.16667   6   -8.771  -0.953  -4.769 -16.949   2.087   2.456   6.111   8.198   8.567  13.336 0.85  -0.00000    -14.49258
 -0.16667  0.16667  0.16667   7   -8.865  -1.294  -4.815 -17.169   1.864   2.194   6.435   8.299   8.629  13.444 0.85   0.00000    -14.97445
 -0.16667  0.16667  0.16667   8   -7.294  -2.617  -6.810 -18.883   1.741   2.161  13.026  14.767  15.187  21.997 0.81  -0.00259    -16.72145
 -0.16667  0.16667  0.16667   9   -4.175  -1.123  -6.810 -13.984   1.528   1.876  18.780  20.308  20.655  27.465 0.81  -0.20086    -12.10802
 -0.16667  0.16667  0.16667  10   -4.383  -0.042  -5.329 -12.642   2.486   2.888  21.822  24.308  24.711  30.040 0.86  -0.37851     -9.75411
 -0.16667  0.16667  0.16667  11   -4.383  -0.042  -5.329 -12.642   2.486   2.888  21.822  24.308  24.711  30.040 0.86  -0.37851     -9.75411
 -0.16667  0.16667  0.16667  12   -3.249  -0.637  -6.496 -12.702   1.951   2.319  24.329  26.280  26.648  33.144 0.84  -0.69116    -10.38277

 -0.33333  0.33333  0.33333   1  -24.566  -1.333   7.615 -16.403  -1.449  -1.881 -22.523 -23.973 -24.404 -32.020 0.77   0.81818    -18.28424
 -0.33333  0.33333  0.33333   2  -21.267  -1.015   4.484 -16.532  -1.024  -1.267 -13.063 -14.087 -14.329 -18.813 0.81   0.00451    -17.79907
 -0.33333  0.33333  0.33333   3  -19.510  -0.901   2.448 -17.567  -0.336  -0.396  -5.373  -5.709  -5.770  -8.218 0.85   0.00000    -17.96297
 -0.33333  0.33333  0.33333   4  -19.510  -0.901   2.448 -17.567  -0.336  -0.396  -5.373  -5.709  -5.770  -8.218 0.85  -0.00000    -17.96298
 -0.33333  0.33333  0.33333   5   -8.597  -1.984  -5.180 -17.648   1.594   1.887   7.479   9.074   9.366  14.546 0.84  -0.00000    -15.76118
 -0.33333  0.33333  0.33333   6   -8.061  -0.906  -5.104 -16.641   2.178   2.570   7.558   9.736  10.127  15.231 0.85   0.00000    -14.07171
 -0.33333  0.33333  0.33333   7   -8.061  -0.906  -5.104 -16.641   2.178   2.570   7.558   9.736  10.127  15.231 0.85  -0.00000    -14.07171
 -0.33333  0.33333  0.33333   8   -5.734  -1.370  -6.838 -16.517   2.074   2.575  14.381  16.455  16.956  23.793 0.81  -0.01370    -13.94200
 -0.33333  0.33333  0.33333   9   -4.455  -1.230  -7.028 -14.806   1.697   2.094  19.686  21.384  21.780  28.808 0.81  -0.23108    -12.71225
 -0.33333  0.33333  0.33333  10   -4.568  -0.270  -5.908 -13.598   2.428   2.852  22.567  24.995  25.419  31.327 0.85  -0.48758    -10.74599
 -0.33333  0.33333  0.33333  11   -4.568  -0.270  -5.908 -13.598   2.428   2.852  22.567  24.995  25.419  31.327 0.85  -0.48758    -10.74599
 -0.33333  0.33333  0.33333  12   -3.956  -1.188  -7.621 -15.149   1.930   2.384  24.108  26.038  26.492  34.113 0.81  -0.66814    -12.76532

 -0.50000  0.50000  0.50000   1  -24.444  -1.586   6.946 -17.224  -1.422  -1.860 -19.701 -21.122 -21.560 -28.506 0.76   0.42245    -19.08390
 -0.50000  0.50000  0.50000   2  -21.831  -0.773   5.620 -15.550  -1.114  -1.435 -17.245 -18.359 -18.679 -24.300 0.78   0.09685    -16.98432
 -0.50000  0.50000  0.50000   3  -19.709  -0.889   2.611 -17.520  -0.396  -0.467  -5.910  -6.305  -6.377  -8.988 0.85   0.00000    -17.98779
 -0.50000  0.50000  0.50000   4  -19.709  -0.889   2.611 -17.520  -0.396  -0.467  -5.910  -6.305  -6.377  -8.988 0.85  -0.00000    -17.98779
 -0.50000  0.50000  0.50000   5   -8.582  -2.239  -5.276 -17.871   1.496   1.774   7.707   9.204   9.481  14.757 0.84  -0.00000    -16.09733
 -0.50000  0.50000  0.50000   6   -7.761  -0.826  -5.077 -16.225   2.177   2.561   7.713   9.890  10.274  15.351 0.85   0.00000    -13.66405
 -0.50000  0.50000  0.50000   7   -7.761  -0.826  -5.077 -16.225   2.177   2.561   7.713   9.890  10.274  15.351 0.85   0.00000    -13.66406
 -0.50000  0.50000  0.50000   8   -4.841  -0.853  -6.659 -14.925   2.094   2.572  14.759  16.853  17.331  23.989 0.81  -0.02037    -12.35353
 -0.50000  0.50000  0.50000   9   -4.613  -1.131  -7.410 -15.609   1.963   2.454  20.777  22.740  23.231  30.641 0.80  -0.25789    -13.15446
 -0.50000  0.50000  0.50000  10   -4.515  -1.581  -7.901 -16.294   1.828   2.297  23.068  24.895  25.364  33.266 0.80  -0.59014    -13.99697
 -0.50000  0.50000  0.50000  11   -4.238  -0.619  -6.911 -14.572   2.339   2.805  25.199  27.538  28.004  34.914 0.83  -0.78218    -11.76721
 -0.50000  0.50000  0.50000  12   -4.238  -0.619  -6.911 -14.572   2.339   2.805  25.199  27.538  28.004  34.914 0.83  -0.78218    -11.76721

  0.00000  0.00000  0.33333   1  -25.039  -1.319   8.156 -16.213  -1.557  -1.988 -24.611 -26.167 -26.599 -34.755 0.78   1.26572    -18.20172
  0.00000  0.00000  0.33333   2  -19.209  -0.856   2.394 -17.298  -0.316  -0.373  -5.610  -5.926  -5.983  -8.377 0.85   0.00000    -17.67056
  0.00000  0.00000  0.33333   3  -19.209  -0.856   2.394 -17.298  -0.316  -0.373  -5.610  -5.926  -5.983  -8.377 0.85  -0.00000    -17.67056
  0.00000  0.00000  0.33333   4  -19.869  -1.232   2.498 -18.040  -0.476  -0.563  -5.366  -5.843  -5.929  -8.427 0.85   0.00000    -18.60277
  0.00000  0.00000  0.33333   5   -8.798  -0.971  -4.314 -16.164   1.786   2.081   3.857   5.643   5.938  10.252 0.86   0.00000    -14.08264
  0.00000  0.00000  0.33333   6   -8.517  -1.083  -5.304 -17.513   2.192   2.608   8.353  10.545  10.961  16.265 0.84   0.00000    -14.90440
  0.00000  0.00000  0.33333   7   -8.517  -1.083  -5.304 -17.513   2.192   2.608   8.353  10.545  10.961  16.265 0.84  -0.00000    -14.90440
  0.00000  0.00000  0.33333   8   -6.782  -1.944  -6.103 -16.986   1.785   2.158  11.668  13.453  13.827  19.929 0.83  -0.00065    -14.82786
  0.00000  0.00000  0.33333   9   -5.423  -1.190  -6.197 -15.135   1.918   2.324  19.147  21.065  21.472  27.669 0.83  -0.19958    -12.81040
  0.00000  0.00000  0.33333  10   -4.200  -1.121  -6.990 -14.297   1.612   1.985  19.422  21.033  21.407  28.397 0.81  -0.22399    -12.31142
  0.00000  0.00000  0.33333  11   -2.725  -0.224  -6.696 -12.213   2.156   2.568  30.990  33.146  33.557  40.254 0.84  -1.41158     -9.64481
  0.00000  0.00000  0.33333  12   -2.725  -0.224  -6.696 -12.213   2.156   2.568  30.990  33.146  33.557  40.254 0.84  -1.41158     -9.64481

 -0.16667  0.16667  0.50000   1  -24.603  -1.323   7.676 -16.360  -1.448  -1.889 -22.768 -24.216 -24.657 -32.333 0.77   0.86788    -18.24975
 -0.16667  0.16667  0.50000   2  -20.830  -1.062   3.856 -16.956  -0.892  -1.080 -10.759 -11.650 -11.839 -15.694 0.83   0.00015    -18.03643
 -0.16667  0.16667  0.50000   3  -19.636  -0.816   2.793 -17.116  -0.458  -0.543  -7.007  -7.465  -7.550 -10.343 0.84   0.00000    -17.65869
 -0.16667  0.16667  0.50000   4  -19.786  -1.033   2.735 -17.479  -0.510  -0.605  -6.613  -7.123  -7.218  -9.953 0.84  -0.00000    -18.08353
 -0.16667  0.16667  0.50000   5   -8.356  -1.015  -4.574 -16.052   1.806   2.107   4.969   6.775   7.076  11.651 0.86  -0.00000    -13.94463
 -0.16667  0.16667  0.50000   6   -8.082  -1.586  -5.842 -18.001   2.070   2.490  10.093  12.163  12.583  18.425 0.83  -0.00000    -15.51015
 -0.16667  0.16667  0.50000   7   -7.828  -1.125  -5.828 -17.541   2.296   2.760  10.326  12.622  13.086  18.914 0.83  -0.00001    -14.78082
 -0.16667  0.16667  0.50000   8   -6.224  -1.048  -5.575 -15.147   1.939   2.300  10.765  12.703  13.064  18.639 0.84  -0.00011    -12.84754
 -0.16667  0.16667  0.50000   9   -5.641  -1.612  -7.262 -16.970   1.958   2.455  20.249  22.207  22.704  29.966 0.80  -0.30645    -14.51508
 -0.16667  0.16667  0.50000  10   -4.310  -1.041  -7.350 -15.013   1.866   2.312  20.519  22.385  22.831  30.180 0.81  -0.29822    -12.70149
 -0.16667  0.16667  0.50000  11   -3.178  -0.424  -6.835 -12.898   2.041   2.461  29.688  31.729  32.149  38.983 0.83  -1.08881    -10.43764
 -0.16667  0.16667  0.50000  12   -3.670  -0.408  -6.880 -13.684   2.285   2.726  30.077  32.363  32.804  39.684 0.84  -1.15411    -10.95809

 -0.33333  0.33333  0.66667   1  -24.117  -1.444   6.858 -16.900  -1.386  -1.804 -19.715 -21.100 -21.519 -28.377 0.77   0.40883    -18.70367
 -0.33333  0.33333  0.66667   2  -21.884  -0.948   5.281 -16.107  -1.139  -1.443 -15.851 -16.990 -17.294 -22.575 0.79   0.04292    -17.55037
 -0.33333  0.33333  0.66667   3  -20.121  -0.978   3.170 -17.143  -0.658  -0.786  -8.320  -8.979  -9.106 -12.276 0.84   0.00000    -17.92880
 -0.33333  0.33333  0.66667   4  -19.814  -0.824   2.879 -17.175  -0.492  -0.583  -7.170  -7.662  -7.753 -10.632 0.84   0.00000    -17.75881
 -0.33333  0.33333  0.66667   5   -7.648  -0.969  -4.762 -15.513   1.831   2.135   6.061   7.893   8.196  12.958 0.86  -0.00000    -13.37870
 -0.33333  0.33333  0.66667   6   -7.477  -1.000  -5.698 -16.929   2.306   2.754  10.118  12.424  12.872  18.570 0.84  -0.00000    -14.17450
 -0.33333  0.33333  0.66667   7   -7.890  -1.815  -5.850 -17.812   1.877   2.257  10.399  12.275  12.656  18.506 0.83  -0.00001    -15.55458
 -0.33333  0.33333  0.66667   8   -6.094  -1.178  -6.579 -16.502   2.160   2.652  13.617  15.777  16.269  22.848 0.81  -0.00815    -13.85057
 -0.33333  0.33333  0.66667   9   -4.904  -0.954  -7.018 -15.410   2.040   2.534  19.241  21.281  21.775  28.793 0.80  -0.18077    -12.87621
 -0.33333  0.33333  0.66667  10   -4.882  -1.546  -8.167 -17.155   2.019   2.559  22.964  24.983  25.523  33.690 0.79  -0.58056    -14.59585
 -0.33333  0.33333  0.66667  11   -4.185  -0.559  -6.793 -14.392   2.402   2.853  26.054  28.457  28.908  35.701 0.84  -0.80989    -11.53824
 -0.33333  0.33333  0.66667  12   -3.483  -0.433  -6.361 -12.899   2.221   2.622  27.019  29.240  29.641  36.002 0.85  -0.83659    -10.27691

 -0.50000  0.50000  0.83333   1  -24.213  -1.368   7.136 -16.628  -1.381  -1.817 -20.799 -22.181 -22.617 -29.752 0.76   0.56034    -18.44473
 -0.50000  0.50000  0.83333   2  -21.654  -1.024   4.862 -16.442  -1.098  -1.375 -14.309 -15.407 -15.683 -20.545 0.80   0.01371    -17.81624
 -0.50000  0.50000  0.83333   3  -20.147  -0.931   3.319 -16.924  -0.698  -0.835  -9.050  -9.748  -9.886 -13.204 0.84  -0.00000    -17.75893
 -0.50000  0.50000  0.83333   4  -19.665  -0.873   2.632 -17.426  -0.405  -0.479  -6.081  -6.486  -6.560  -9.192 0.85   0.00000    -17.90517
 -0.50000  0.50000  0.83333   5   -7.680  -1.061  -4.958 -15.925   1.899   2.226   7.111   9.010   9.337  14.294 0.85   0.00000    -13.69887
 -0.50000  0.50000  0.83333   6   -7.687  -0.982  -5.534 -16.917   2.279   2.713   8.962  11.240  11.675  17.209 0.84  -0.00000    -14.20374
 -0.50000  0.50000  0.83333   7   -7.842  -1.678  -5.719 -17.482   1.874   2.243  10.154  12.028  12.397  18.116 0.84  -0.00001    -15.23947
 -0.50000  0.50000  0.83333   8   -6.266  -1.497  -6.927 -17.354   2.139   2.664  14.230  16.369  16.895  23.822 0.80  -0.01258    -14.68969
 -0.50000  0.50000  0.83333   9   -4.767  -0.981  -7.022 -15.197   1.962   2.426  19.088  21.050  21.515  28.537 0.81  -0.18605    -12.77020
 -0.50000  0.50000  0.83333  10   -4.752  -0.207  -5.675 -13.390   2.338   2.757  21.227  23.565  23.984  29.659 0.85  -0.34859    -10.63356
 -0.50000  0.50000  0.83333  11   -4.492  -1.426  -8.079 -16.518   1.995   2.522  23.727  25.723  26.250  34.328 0.79  -0.64433    -13.99597
 -0.50000  0.50000  0.83333  12   -3.425  -0.482  -6.597 -13.207   2.286   2.703  29.383  31.669  32.086  38.683 0.85  -1.03781    -10.50446

 -0.66667  0.66667  1.00000   1  -24.789  -1.320   7.873 -16.294  -1.500  -1.941 -23.551 -25.051 -25.492 -33.365 0.77   1.02082    -18.23522
 -0.66667  0.66667  1.00000   2  -20.605  -1.125   3.464 -17.327  -0.781  -0.939  -9.116  -9.897 -10.054 -13.518 0.83  -0.00000    -18.26561
 -0.66667  0.66667  1.00000   3  -19.471  -0.823   2.932 -16.722  -0.538  -0.640  -8.056  -8.594  -8.696 -11.628 0.84  -0.00000    -17.36186
 -0.66667  0.66667  1.00000   4  -19.339  -0.945   2.201 -17.784  -0.254  -0.298  -4.355  -4.609  -4.654  -6.855 0.85  -0.00000    -18.08258
 -0.66667  0.66667  1.00000   5   -8.315  -0.963  -5.076 -16.928   2.178   2.574   6.900   9.078   9.474  14.550 0.85  -0.00000    -14.35388
 -0.66667  0.66667  1.00000   6   -8.292  -1.288  -5.205 -17.175   2.019   2.391   7.820   9.839  10.211  15.415 0.84   0.00000    -14.78467
 -0.66667  0.66667  1.00000   7   -8.358  -1.215  -5.208 -17.111   1.967   2.330   8.465  10.432  10.795  16.003 0.84   0.00000    -14.78153
 -0.66667  0.66667  1.00000   8   -6.612  -1.928  -6.510 -17.365   1.890   2.316  12.780  14.671  15.096  21.606 0.82  -0.00238    -15.04956
 -0.66667  0.66667  1.00000   9   -4.740  -0.019  -5.053 -12.555   2.361   2.744  18.985  21.346  21.729  26.782 0.86  -0.17614     -9.81180
 -0.66667  0.66667  1.00000  10   -4.260  -1.035  -7.164 -14.661   1.781   2.202  19.785  21.566  21.988  29.152 0.81  -0.25688    -12.45872
 -0.66667  0.66667  1.00000  11   -4.520  -1.161  -7.061 -15.141   1.969   2.398  22.571  24.540  24.969  32.030 0.82  -0.54487    -12.74273
 -0.66667  0.66667  1.00000  12   -2.688  -0.304  -6.486 -12.359   2.450   2.882  30.744  33.193  33.625  40.111 0.85  -1.24562     -9.47706

  0.00000  0.00000  0.66667   1  -24.278  -1.318   7.312 -16.454  -1.397  -1.830 -21.483 -22.880 -23.313 -30.626 0.76   0.63160    -18.28364
  0.00000  0.00000  0.66667   2  -21.617  -1.384   4.082 -17.663  -1.032  -1.256 -10.789 -11.821 -12.045 -16.127 0.82   0.00019    -18.91921
  0.00000  0.00000  0.66667   3  -19.996  -0.760   3.201 -16.837  -0.602  -0.718  -8.624  -9.225  -9.341 -12.542 0.84   0.00000    -17.55495
  0.00000  0.00000  0.66667   4  -19.996  -0.760   3.201 -16.837  -0.602  -0.718  -8.624  -9.225  -9.341 -12.542 0.84   0.00000    -17.55495
  0.00000  0.00000  0.66667   5   -8.341  -1.030  -4.217 -15.376   1.545   1.789   2.862   4.407   4.651   8.867 0.86   0.00000    -13.58777
  0.00000  0.00000  0.66667   6   -6.617  -0.899  -4.790 -14.265   1.690   1.959   6.529   8.219   8.488  13.278 0.86   0.00000    -12.30585
  0.00000  0.00000  0.66667   7   -7.146  -1.360  -6.836 -18.300   2.385   2.958  13.603  15.988  16.561  23.397 0.81  -0.00460    -15.34147
  0.00000  0.00000  0.66667   8   -7.146  -1.360  -6.836 -18.300   2.385   2.958  13.603  15.988  16.561  23.397 0.81  -0.00460    -15.34147
  0.00000  0.00000  0.66667   9   -5.748  -1.954  -7.705 -17.785   1.880   2.377  20.432  22.312  22.810  30.514 0.79  -0.33105    -15.40755
  0.00000  0.00000  0.66667  10   -4.367  -1.169  -7.837 -15.855   1.977   2.482  22.059  24.036  24.541  32.379 0.80  -0.44113    -13.37304
  0.00000  0.00000  0.66667  11   -3.114  -0.642  -7.543 -13.863   2.117   2.564  34.208  36.325  36.772  44.315 0.83  -1.45471    -11.29965
  0.00000  0.00000  0.66667  12   -3.114  -0.642  -7.543 -13.863   2.117   2.564  34.208  36.325  36.772  44.315 0.83  -1.45471    -11.29966

 -0.16667  0.16667  0.83333   1  -23.701  -1.360   6.529 -16.785  -1.350  -1.747 -18.841 -20.192 -20.588 -27.118 0.77   0.27236    -18.53160
 -0.16667  0.16667  0.83333   2  -22.520  -1.382   5.022 -17.348  -1.218  -1.531 -14.031 -15.250 -15.563 -20.585 0.80   0.00876    -18.87996
 -0.16667  0.16667  0.83333   3  -20.082  -0.689   3.734 -16.087  -0.786  -0.950 -11.164 -11.951 -12.114 -15.848 0.83   0.00016    -17.03662
 -0.16667  0.16667  0.83333   4  -20.141  -0.754   3.311 -16.818  -0.641  -0.766  -8.988  -9.629  -9.754 -13.066 0.84   0.00000    -17.58422
 -0.16667  0.16667  0.83333   5   -7.708  -0.971  -4.421 -14.942   1.592   1.842   4.003   5.595   5.845  10.267 0.86  -0.00000    -13.09987
 -0.16667  0.16667  0.83333   6   -7.130  -0.975  -4.986 -15.209   1.812   2.118   7.273   9.085   9.390  14.376 0.86   0.00000    -13.09181
 -0.16667  0.16667  0.83333   7   -6.826  -1.397  -7.142 -18.371   2.391   3.006  14.513  16.904  17.518  24.661 0.80  -0.01133    -15.36477
 -0.16667  0.16667  0.83333   8   -6.861  -1.655  -7.179 -18.511   2.245   2.815  14.699  16.944  17.514  24.693 0.80  -0.01646    -15.69609
 -0.16667  0.16667  0.83333   9   -5.274  -1.350  -7.630 -16.867   2.078   2.613  20.341  22.419  22.954  30.585 0.80  -0.29675    -14.25366
 -0.16667  0.16667  0.83333  10   -4.933  -1.522  -8.172 -17.236   2.065   2.609  22.519  24.584  25.128  33.300 0.79  -0.50423    -14.62723
 -0.16667  0.16667  0.83333  11   -3.944  -0.403  -6.732 -13.859   2.321   2.780  29.728  32.049  32.508  39.240 0.84  -0.99531    -11.07915
 -0.16667  0.16667  0.83333  12   -3.199  -0.582  -7.331 -13.645   2.101   2.534  33.377  35.478  35.911  43.242 0.83  -1.37261    -11.11152

 -0.33333  0.33333  1.00000   1  -23.789  -1.485   6.331 -17.173  -1.357  -1.769 -18.009 -19.366 -19.778 -26.110 0.77   0.19094    -18.94232
 -0.33333  0.33333  1.00000   2  -22.492  -1.288   5.199 -17.049  -1.211  -1.533 -14.771 -15.982 -16.303 -21.502 0.79   0.02084    -18.58130
 -0.33333  0.33333  1.00000   3  -20.251  -0.621   4.187 -15.597  -0.887  -1.088 -13.016 -13.903 -14.104 -18.291 0.82   0.00182    -16.68504
 -0.33333  0.33333  1.00000   4  -19.971  -0.793   3.076 -17.020  -0.562  -0.668  -7.958  -8.519  -8.626 -11.702 0.84  -0.00000    -17.68845
 -0.33333  0.33333  1.00000   5   -7.481  -0.944  -4.589 -14.967   1.685   1.953   5.178   6.863   7.131  11.721 0.86   0.00000    -13.01375
 -0.33333  0.33333  1.00000   6   -7.096  -1.261  -6.660 -17.974   2.396   2.957  12.649  15.045  15.606  22.266 0.81  -0.00262    -15.01720
 -0.33333  0.33333  1.00000   7   -6.750  -1.420  -6.656 -17.503   2.171   2.676  13.065  15.236  15.741  22.397 0.81  -0.00732    -14.82682
 -0.33333  0.33333  1.00000   8   -6.762  -1.878  -7.188 -18.475   2.101   2.647  14.401  16.502  17.048  24.235 0.79  -0.01452    -15.82835
 -0.33333  0.33333  1.00000   9   -5.868  -0.840  -6.008 -15.114   1.989   2.399  15.995  17.984  18.394  24.402 0.83  -0.03688    -12.71536
 -0.33333  0.33333  1.00000  10   -4.596  -0.157  -5.769 -13.271   2.360   2.749  23.734  26.094  26.483  32.252 0.86  -0.52974    -10.52213
 -0.33333  0.33333  1.00000  11   -4.639  -1.457  -8.481 -17.260   2.115   2.684  23.925  26.040  26.609  35.090 0.79  -0.66116    -14.57663
 -0.33333  0.33333  1.00000  12   -2.934  -0.611  -7.359 -13.146   1.869   2.242  34.236  36.105  36.478  43.837 0.83  -1.58086    -10.90384

  0.00000  0.00000  1.00000   1  -23.106  -1.349   5.835 -16.958  -1.283  -1.662 -16.678 -17.960 -18.339 -24.174 0.77   0.09040    -18.61994
  0.00000  0.00000  1.00000   2  -23.106  -1.349   5.835 -16.958  -1.283  -1.662 -16.678 -17.960 -18.339 -24.174 0.77   0.09040    -18.61994
  0.00000  0.00000  1.00000   3  -20.298  -0.731   3.487 -16.704  -0.698  -0.838  -9.707 -10.405 -10.545 -14.032 0.83   0.00002    -17.54202
  0.00000  0.00000  1.00000   4  -20.298  -0.731   3.487 -16.704  -0.698  -0.838  -9.707 -10.405 -10.545 -14.032 0.83   0.00002    -17.54202
  0.00000  0.00000  1.00000   5   -7.602  -0.964  -4.340 -14.657   1.517   1.750   3.416   4.933   5.166   9.506 0.87   0.00000    -12.90669
  0.00000  0.00000  1.00000   6   -7.602  -0.964  -4.340 -14.657   1.517   1.750   3.416   4.933   5.166   9.506 0.87   0.00000    -12.90669
  0.00000  0.00000  1.00000   7   -6.494  -1.605  -7.856 -19.014   2.374   3.059  16.427  18.802  19.486  27.342 0.78  -0.04583    -15.95475
  0.00000  0.00000  1.00000   8   -6.494  -1.605  -7.856 -19.014   2.374   3.059  16.427  18.802  19.486  27.342 0.78  -0.04583    -15.95475
  0.00000  0.00000  1.00000   9   -4.982  -1.557  -8.144 -17.261   2.036   2.579  22.255  24.291  24.833  32.977 0.79  -0.49294    -14.68244
  0.00000  0.00000  1.00000  10   -4.982  -1.557  -8.144 -17.261   2.036   2.579  22.255  24.291  24.833  32.977 0.79  -0.49294    -14.68244
  0.00000  0.00000  1.00000  11   -3.730  -0.392  -6.845 -13.722   2.287   2.755  32.015  34.302  34.770  41.615 0.83  -1.11193    -10.96793
  0.00000  0.00000  1.00000  12   -3.730  -0.392  -6.845 -13.722   2.287   2.755  32.015  34.302  34.770  41.615 0.83  -1.11193    -10.96793

 -0.00000  0.33333  0.66667   1  -24.095  -1.345   7.039 -16.600  -1.377  -1.801 -20.524 -21.901 -22.325 -29.363 0.76   0.48734    -18.40092
 -0.00000  0.33333  0.66667   2  -21.917  -1.296   4.495 -17.361  -1.098  -1.357 -12.394 -13.492 -13.751 -18.246 0.81   0.00144    -18.71792
 -0.00000  0.33333  0.66667   3  -20.097  -0.757   3.654 -16.265  -0.775  -0.935 -10.798 -11.574 -11.733 -15.387 0.83   0.00004    -17.20048
 -0.00000  0.33333  0.66667   4  -19.723  -0.809   3.031 -16.827  -0.567  -0.674  -8.082  -8.649  -8.756 -11.788 0.84   0.00000    -17.50107
 -0.00000  0.33333  0.66667   5   -7.950  -1.053  -4.969 -16.219   1.913   2.246   6.756   8.668   9.002  13.971 0.85  -0.00000    -13.97267
 -0.00000  0.33333  0.66667   6   -6.529  -0.603  -5.121 -14.588   1.997   2.335   9.042  11.039  11.377  16.498 0.86  -0.00000    -12.25253
 -0.00000  0.33333  0.66667   7   -7.626  -1.837  -6.050 -17.901   1.976   2.389  10.648  12.624  13.037  19.086 0.83  -0.00004    -15.51239
 -0.00000  0.33333  0.66667   8   -7.133  -1.440  -6.860 -18.333   2.335   2.899  13.703  16.038  16.602  23.462 0.81  -0.00725    -15.43386
 -0.00000  0.33333  0.66667   9   -4.812  -0.991  -7.257 -15.588   2.036   2.528  19.826  21.862  22.354  29.611 0.81  -0.25011    -13.05998
 -0.00000  0.33333  0.66667  10   -5.411  -1.430  -7.501 -16.997   2.123   2.655  21.234  23.356  23.889  31.390 0.80  -0.39716    -14.34235
 -0.00000  0.33333  0.66667  11   -3.969  -0.618  -6.868 -14.295   2.379   2.840  26.291  28.669  29.131  35.999 0.84  -0.81992    -11.45460
 -0.00000  0.33333  0.66667  12   -3.140  -0.571  -7.126 -13.317   2.054   2.480  32.997  35.051  35.477  42.603 0.83  -1.32992    -10.83742

 -0.16667  0.50000  0.83333   1  -23.900  -1.542   6.333 -17.319  -1.376  -1.791 -17.882 -19.258 -19.673 -26.006 0.77   0.19132    -19.10906
 -0.16667  0.50000  0.83333   2  -21.990  -1.016   5.239 -16.311  -1.146  -1.456 -15.550 -16.696 -17.006 -22.245 0.79   0.03647    -17.76633
 -0.16667  0.50000  0.83333   3  -20.667  -0.920   3.942 -16.561  -0.892  -1.084 -11.395 -12.287 -12.479 -16.421 0.82   0.00008    -17.64488
 -0.16667  0.50000  0.83333   4  -19.771  -0.712   3.281 -16.439  -0.639  -0.764  -9.290  -9.928 -10.053 -13.334 0.84   0.00000    -17.20218
 -0.16667  0.50000  0.83333   5   -7.040  -0.712  -4.993 -15.028   1.952   2.282   7.832   9.784  10.114  15.108 0.86   0.00000    -12.74596
 -0.16667  0.50000  0.83333   6   -7.601  -1.358  -5.524 -16.836   1.977   2.353   9.204  11.181  11.557  17.081 0.84  -0.00000    -14.48273
 -0.16667  0.50000  0.83333   7   -6.964  -1.647  -6.825 -18.134   2.172   2.698  13.277  15.449  15.974  22.800 0.81  -0.00585    -15.43660
 -0.16667  0.50000  0.83333   8   -6.770  -1.538  -6.876 -17.916   2.199   2.732  13.533  15.733  16.265  23.141 0.80  -0.00845    -15.18426
 -0.16667  0.50000  0.83333   9   -5.581  -0.764  -6.286 -15.190   2.103   2.559  17.319  19.422  19.878  26.165 0.82  -0.07097    -12.63117
 -0.16667  0.50000  0.83333  10   -5.057  -1.455  -8.250 -17.482   2.138   2.719  22.660  24.798  25.379  33.630 0.79  -0.53395    -14.76251
 -0.16667  0.50000  0.83333  11   -4.111  -0.586  -6.819 -14.354   2.390   2.837  26.747  29.138  29.584  36.403 0.84  -0.87577    -11.51656
 -0.16667  0.50000  0.83333  12   -3.339  -0.426  -6.830 -13.165   2.147   2.570  31.532  33.679  34.101  40.931 0.84  -1.24233    -10.59539

  0.00000  0.33333  1.00000   1  -23.215  -1.444   5.718 -17.265  -1.305  -1.676 -16.125 -17.430 -17.801 -23.519 0.78   0.06364    -18.94113
  0.00000  0.33333  1.00000   2  -23.215  -1.444   5.718 -17.265  -1.305  -1.676 -16.125 -17.430 -17.801 -23.519 0.78   0.06364    -18.94112
  0.00000  0.33333  1.00000   3  -20.039  -0.644   3.753 -15.984  -0.782  -0.946 -11.328 -12.110 -12.274 -16.027 0.83   0.00020    -16.93031
  0.00000  0.33333  1.00000   4  -20.039  -0.644   3.753 -15.984  -0.782  -0.946 -11.328 -12.110 -12.274 -16.027 0.83   0.00020    -16.93031
  0.00000  0.33333  1.00000   5   -7.298  -0.961  -4.965 -15.368   1.833   2.144   7.164   8.997   9.308  14.273 0.85   0.00000    -13.22423
  0.00000  0.33333  1.00000   6   -7.298  -0.961  -4.965 -15.368   1.833   2.144   7.164   8.997   9.308  14.273 0.85  -0.00000    -13.22423
  0.00000  0.33333  1.00000   7   -6.816  -1.552  -6.997 -18.160   2.236   2.794  14.091  16.327  16.885  23.882 0.80  -0.01051    -15.36538
  0.00000  0.33333  1.00000   8   -6.816  -1.552  -6.997 -18.160   2.236   2.794  14.091  16.327  16.885  23.882 0.80  -0.01051    -15.36538
  0.00000  0.33333  1.00000   9   -5.313  -1.330  -7.775 -17.121   2.146   2.703  20.899  23.045  23.602  31.378 0.79  -0.34834    -14.41775
  0.00000  0.33333  1.00000  10   -5.313  -1.330  -7.775 -17.121   2.146   2.703  20.899  23.045  23.602  31.378 0.79  -0.34834    -14.41775
  0.00000  0.33333  1.00000  11   -3.659  -0.521  -7.055 -13.988   2.285   2.753  31.064  33.349  33.817  40.872 0.83  -1.15470    -11.23582
  0.00000  0.33333  1.00000  12   -3.659  -0.521  -7.055 -13.988   2.285   2.753  31.064  33.349  33.817  40.872 0.83  -1.15470    -11.23582

