  0.00000  0.00000  0.00000  1    -25.695      1.4499405664
  0.00000  0.00000  0.00000  2     -2.862     -0.0000000000
  0.00000  0.00000  0.00000  3     -2.862     -0.0000000000
  0.00000  0.00000  0.00000  4     -2.862     -0.0000000000
  0.00000  0.00000  0.00000  5      4.689      0.0000000000
  0.00000  0.00000  0.00000  6      4.689      0.0000000000
  0.00000  0.00000  0.00000  7      4.689      0.0000000000
  0.00000  0.00000  0.00000  8     12.299     -0.0011985550
  0.00000  0.00000  0.00000  9     17.662     -0.1536484729
  0.00000  0.00000  0.00000 10     25.788     -0.8884209371
  0.00000  0.00000  0.00000 11     25.788     -0.8884211363
  0.00000  0.00000  0.00000 12     25.788     -0.8884212574
 -0.16667  0.16667  0.16667  1    -24.879      1.2986077060
 -0.16667  0.16667  0.16667  2     -6.946     -0.0000000000
 -0.16667  0.16667  0.16667  3     -3.948     -0.0000000000
 -0.16667  0.16667  0.16667  4     -3.948     -0.0000000000
 -0.16667  0.16667  0.16667  5      6.111      0.0000000000
 -0.16667  0.16667  0.16667  6      6.111     -0.0000000000
 -0.16667  0.16667  0.16667  7      6.435      0.0000000000
 -0.16667  0.16667  0.16667  8     13.026     -0.0025907212
 -0.16667  0.16667  0.16667  9     18.780     -0.2008586690
 -0.16667  0.16667  0.16667 10     21.822     -0.3785136081
 -0.16667  0.16667  0.16667 11     21.822     -0.3785137784
 -0.16667  0.16667  0.16667 12     24.329     -0.6911599678
 -0.33333  0.33333  0.33333  1    -22.523      0.8181845596
 -0.33333  0.33333  0.33333  2    -13.063      0.0045107435
 -0.33333  0.33333  0.33333  3     -5.373      0.0000000000
 -0.33333  0.33333  0.33333  4     -5.373     -0.0000000000
 -0.33333  0.33333  0.33333  5      7.479     -0.0000000000
 -0.33333  0.33333  0.33333  6      7.558      0.0000000000
 -0.33333  0.33333  0.33333  7      7.558     -0.0000000000
 -0.33333  0.33333  0.33333  8     14.381     -0.0136981965
 -0.33333  0.33333  0.33333  9     19.686     -0.2310844906
 -0.33333  0.33333  0.33333 10     22.567     -0.4875776033
 -0.33333  0.33333  0.33333 11     22.567     -0.4875783512
 -0.33333  0.33333  0.33333 12     24.108     -0.6681408992
 -0.50000  0.50000  0.50000  1    -19.701      0.4224519710
 -0.50000  0.50000  0.50000  2    -17.245      0.0968545321
 -0.50000  0.50000  0.50000  3     -5.910      0.0000000000
 -0.50000  0.50000  0.50000  4     -5.910     -0.0000000000
 -0.50000  0.50000  0.50000  5      7.707     -0.0000000000
 -0.50000  0.50000  0.50000  6      7.713      0.0000000000
 -0.50000  0.50000  0.50000  7      7.713      0.0000000000
 -0.50000  0.50000  0.50000  8     14.759     -0.0203729850
 -0.50000  0.50000  0.50000  9     20.777     -0.2578904469
 -0.50000  0.50000  0.50000 10     23.068     -0.5901423074
 -0.50000  0.50000  0.50000 11     25.199     -0.7821784425
 -0.50000  0.50000  0.50000 12     25.199     -0.7821793608
  0.00000  0.00000  0.33333  1    -24.611      1.2657199005
  0.00000  0.00000  0.33333  2     -5.610      0.0000000000
  0.00000  0.00000  0.33333  3     -5.610     -0.0000000000
  0.00000  0.00000  0.33333  4     -5.366      0.0000000000
  0.00000  0.00000  0.33333  5      3.857      0.0000000000
  0.00000  0.00000  0.33333  6      8.353      0.0000000000
  0.00000  0.00000  0.33333  7      8.353     -0.0000000000
  0.00000  0.00000  0.33333  8     11.668     -0.0006474973
  0.00000  0.00000  0.33333  9     19.147     -0.1995795834
  0.00000  0.00000  0.33333 10     19.422     -0.2239897537
  0.00000  0.00000  0.33333 11     30.990     -1.4115786622
  0.00000  0.00000  0.33333 12     30.990     -1.4115806944
 -0.16667  0.16667  0.50000  1    -22.768      0.8678829605
 -0.16667  0.16667  0.50000  2    -10.759      0.0001545679
 -0.16667  0.16667  0.50000  3     -7.007      0.0000000000
 -0.16667  0.16667  0.50000  4     -6.613     -0.0000000000
 -0.16667  0.16667  0.50000  5      4.969     -0.0000000000
 -0.16667  0.16667  0.50000  6     10.093     -0.0000026952
 -0.16667  0.16667  0.50000  7     10.326     -0.0000058928
 -0.16667  0.16667  0.50000  8     10.765     -0.0001096330
 -0.16667  0.16667  0.50000  9     20.249     -0.3064537171
 -0.16667  0.16667  0.50000 10     20.519     -0.2982239295
 -0.16667  0.16667  0.50000 11     29.688     -1.0888078037
 -0.16667  0.16667  0.50000 12     30.077     -1.1541136858
 -0.33333  0.33333  0.66667  1    -19.715      0.4088280541
 -0.33333  0.33333  0.66667  2    -15.851      0.0429192465
 -0.33333  0.33333  0.66667  3     -8.320      0.0000000000
 -0.33333  0.33333  0.66667  4     -7.170      0.0000000000
 -0.33333  0.33333  0.66667  5      6.061     -0.0000000000
 -0.33333  0.33333  0.66667  6     10.118     -0.0000001143
 -0.33333  0.33333  0.66667  7     10.399     -0.0000115814
 -0.33333  0.33333  0.66667  8     13.617     -0.0081499933
 -0.33333  0.33333  0.66667  9     19.241     -0.1807725878
 -0.33333  0.33333  0.66667 10     22.964     -0.5805604947
 -0.33333  0.33333  0.66667 11     26.054     -0.8098865255
 -0.33333  0.33333  0.66667 12     27.019     -0.8365935779
 -0.50000  0.50000  0.83333  1    -20.799      0.5603355429
 -0.50000  0.50000  0.83333  2    -14.309      0.0137122889
 -0.50000  0.50000  0.83333  3     -9.050     -0.0000000000
 -0.50000  0.50000  0.83333  4     -6.081      0.0000000000
 -0.50000  0.50000  0.83333  5      7.111      0.0000000000
 -0.50000  0.50000  0.83333  6      8.962     -0.0000000000
 -0.50000  0.50000  0.83333  7     10.154     -0.0000080420
 -0.50000  0.50000  0.83333  8     14.230     -0.0125778753
 -0.50000  0.50000  0.83333  9     19.088     -0.1860540032
 -0.50000  0.50000  0.83333 10     21.227     -0.3485895191
 -0.50000  0.50000  0.83333 11     23.727     -0.6443324752
 -0.50000  0.50000  0.83333 12     29.383     -1.0378054433
 -0.66667  0.66667  1.00000  1    -23.551      1.0208167528
 -0.66667  0.66667  1.00000  2     -9.116     -0.0000000000
 -0.66667  0.66667  1.00000  3     -8.056     -0.0000000000
 -0.66667  0.66667  1.00000  4     -4.355     -0.0000000000
 -0.66667  0.66667  1.00000  5      6.900     -0.0000000000
 -0.66667  0.66667  1.00000  6      7.820      0.0000000000
 -0.66667  0.66667  1.00000  7      8.465      0.0000000000
 -0.66667  0.66667  1.00000  8     12.780     -0.0023848980
 -0.66667  0.66667  1.00000  9     18.985     -0.1761358440
 -0.66667  0.66667  1.00000 10     19.785     -0.2568783445
 -0.66667  0.66667  1.00000 11     22.571     -0.5448718950
 -0.66667  0.66667  1.00000 12     30.744     -1.2456199530
  0.00000  0.00000  0.66667  1    -21.483      0.6316021589
  0.00000  0.00000  0.66667  2    -10.789      0.0001910508
  0.00000  0.00000  0.66667  3     -8.624      0.0000008852
  0.00000  0.00000  0.66667  4     -8.624      0.0000008852
  0.00000  0.00000  0.66667  5      2.862      0.0000000000
  0.00000  0.00000  0.66667  6      6.529      0.0000000000
  0.00000  0.00000  0.66667  7     13.603     -0.0045984882
  0.00000  0.00000  0.66667  8     13.603     -0.0045984906
  0.00000  0.00000  0.66667  9     20.432     -0.3310494079
  0.00000  0.00000  0.66667 10     22.059     -0.4411289531
  0.00000  0.00000  0.66667 11     34.208     -1.4547138139
  0.00000  0.00000  0.66667 12     34.208     -1.4547146299
 -0.16667  0.16667  0.83333  1    -18.841      0.2723602757
 -0.16667  0.16667  0.83333  2    -14.031      0.0087623473
 -0.16667  0.16667  0.83333  3    -11.164      0.0001585891
 -0.16667  0.16667  0.83333  4     -8.988      0.0000000000
 -0.16667  0.16667  0.83333  5      4.003     -0.0000000000
 -0.16667  0.16667  0.83333  6      7.273      0.0000000000
 -0.16667  0.16667  0.83333  7     14.513     -0.0113260322
 -0.16667  0.16667  0.83333  8     14.699     -0.0164592079
 -0.16667  0.16667  0.83333  9     20.341     -0.2967483282
 -0.16667  0.16667  0.83333 10     22.519     -0.5042269874
 -0.16667  0.16667  0.83333 11     29.728     -0.9953145020
 -0.16667  0.16667  0.83333 12     33.377     -1.3726068114
 -0.33333  0.33333  1.00000  1    -18.009      0.1909421695
 -0.33333  0.33333  1.00000  2    -14.771      0.0208407490
 -0.33333  0.33333  1.00000  3    -13.016      0.0018164536
 -0.33333  0.33333  1.00000  4     -7.958     -0.0000000000
 -0.33333  0.33333  1.00000  5      5.178      0.0000000000
 -0.33333  0.33333  1.00000  6     12.649     -0.0026226960
 -0.33333  0.33333  1.00000  7     13.065     -0.0073173517
 -0.33333  0.33333  1.00000  8     14.401     -0.0145224181
 -0.33333  0.33333  1.00000  9     15.995     -0.0368778479
 -0.33333  0.33333  1.00000 10     23.734     -0.5297362225
 -0.33333  0.33333  1.00000 11     23.925     -0.6611588574
 -0.33333  0.33333  1.00000 12     34.236     -1.5808566489
  0.00000  0.00000  1.00000  1    -16.678      0.0903956155
  0.00000  0.00000  1.00000  2    -16.678      0.0903956142
  0.00000  0.00000  1.00000  3     -9.707      0.0000174417
  0.00000  0.00000  1.00000  4     -9.707      0.0000174417
  0.00000  0.00000  1.00000  5      3.416      0.0000000000
  0.00000  0.00000  1.00000  6      3.416      0.0000000000
  0.00000  0.00000  1.00000  7     16.427     -0.0458285348
  0.00000  0.00000  1.00000  8     16.427     -0.0458285685
  0.00000  0.00000  1.00000  9     22.255     -0.4929352231
  0.00000  0.00000  1.00000 10     22.255     -0.4929352650
  0.00000  0.00000  1.00000 11     32.015     -1.1119340469
  0.00000  0.00000  1.00000 12     32.015     -1.1119340762
 -0.00000  0.33333  0.66667  1    -20.524      0.4873441732
 -0.00000  0.33333  0.66667  2    -12.394      0.0014401582
 -0.00000  0.33333  0.66667  3    -10.798      0.0000413913
 -0.00000  0.33333  0.66667  4     -8.082      0.0000000000
 -0.00000  0.33333  0.66667  5      6.756     -0.0000000000
 -0.00000  0.33333  0.66667  6      9.042     -0.0000000001
 -0.00000  0.33333  0.66667  7     10.648     -0.0000426425
 -0.00000  0.33333  0.66667  8     13.703     -0.0072540525
 -0.00000  0.33333  0.66667  9     19.826     -0.2501119885
 -0.00000  0.33333  0.66667 10     21.234     -0.3971630434
 -0.00000  0.33333  0.66667 11     26.291     -0.8199157049
 -0.00000  0.33333  0.66667 12     32.997     -1.3299232841
 -0.16667  0.50000  0.83333  1    -17.882      0.1913218969
 -0.16667  0.50000  0.83333  2    -15.550      0.0364654667
 -0.16667  0.50000  0.83333  3    -11.395      0.0000789663
 -0.16667  0.50000  0.83333  4     -9.290      0.0000000000
 -0.16667  0.50000  0.83333  5      7.832      0.0000000000
 -0.16667  0.50000  0.83333  6      9.204     -0.0000000002
 -0.16667  0.50000  0.83333  7     13.277     -0.0058461131
 -0.16667  0.50000  0.83333  8     13.533     -0.0084468548
 -0.16667  0.50000  0.83333  9     17.319     -0.0709674229
 -0.16667  0.50000  0.83333 10     22.660     -0.5339503189
 -0.16667  0.50000  0.83333 11     26.747     -0.8757697733
 -0.16667  0.50000  0.83333 12     31.532     -1.2423315554
  0.00000  0.33333  1.00000  1    -16.125      0.0636368833
  0.00000  0.33333  1.00000  2    -16.125      0.0636368826
  0.00000  0.33333  1.00000  3    -11.328      0.0001956201
  0.00000  0.33333  1.00000  4    -11.328      0.0001956201
  0.00000  0.33333  1.00000  5      7.164      0.0000000000
  0.00000  0.33333  1.00000  6      7.164     -0.0000000000
  0.00000  0.33333  1.00000  7     14.091     -0.0105090710
  0.00000  0.33333  1.00000  8     14.091     -0.0105090718
  0.00000  0.33333  1.00000  9     20.899     -0.3483447523
  0.00000  0.33333  1.00000 10     20.899     -0.3483447578
  0.00000  0.33333  1.00000 11     31.064     -1.1546985089
  0.00000  0.33333  1.00000 12     31.064     -1.1546986280
