        0.00000       -0.89989   1   1
        0.00000        0.66656   1   2
        0.00000        0.66656   1   3
        0.00000        0.66656   1   4
        0.00000        1.07611   1   5
        0.00000        1.07611   1   6
        0.00000        1.07611   1   7
        0.00000        1.66455   1   8
        0.04762       -0.89841   1   1
        0.04762        0.65975   1   2
        0.04762        0.65975   1   3
        0.04762        0.66302   1   4
        0.04762        1.07499   1   5
        0.04762        1.08448   1   6
        0.04762        1.08448   1   7
        0.04762        1.66555   1   8
        0.09524       -0.89392   1   1
        0.09524        0.64104   1   2
        0.09524        0.64104   1   3
        0.09524        0.65239   1   4
        0.09524        1.07161   1   5
        0.09524        1.10766   1   6
        0.09524        1.10766   1   7
        0.09524        1.66808   1   8
        0.14286       -0.88633   1   1
        0.14286        0.61414   1   2
        0.14286        0.61414   1   3
        0.14286        0.63478   1   4
        0.14286        1.06602   1   5
        0.14286        1.14146   1   6
        0.14286        1.14146   1   7
        0.14286        1.67049   1   8
        0.19048       -0.87556   1   1
        0.19048        0.58256   1   2
        0.19048        0.58256   1   3
        0.19048        0.61062   1   4
        0.19048        1.05843   1   5
        0.19048        1.18195   1   6
        0.19048        1.18195   1   7
        0.19048        1.66971   1   8
        0.23810       -0.86160   1   1
        0.23810        0.54869   1   2
        0.23810        0.54869   1   3
        0.23810        0.58071   1   4
        0.23810        1.04928   1   5
        0.23810        1.22653   1   6
        0.23810        1.22653   1   7
        0.23810        1.66169   1   8
        0.28571       -0.84456   1   1
        0.28571        0.51396   1   2
        0.28571        0.51396   1   3
        0.28571        0.54593   1   4
        0.28571        1.03917   1   5
        0.28571        1.27389   1   6
        0.28571        1.27389   1   7
        0.28571        1.64270   1   8
        0.33333       -0.82455   1   1
        0.33333        0.47919   1   2
        0.33333        0.47919   1   3
        0.33333        0.50697   1   4
        0.33333        1.02867   1   5
        0.33333        1.32365   1   6
        0.33333        1.32365   1   7
        0.33333        1.61092   1   8
        0.38095       -0.80168   1   1
        0.38095        0.44491   1   2
        0.38095        0.44491   1   3
        0.38095        0.46428   1   4
        0.38095        1.01820   1   5
        0.38095        1.37574   1   6
        0.38095        1.37574   1   7
        0.38095        1.56721   1   8
        0.42857       -0.77602   1   1
        0.42857        0.41155   1   2
        0.42857        0.41155   1   3
        0.42857        0.41809   1   4
        0.42857        1.00800   1   5
        0.42857        1.43001   1   6
        0.42857        1.43001   1   7
        0.42857        1.51473   1   8
        0.47619       -0.74755   1   1
        0.47619        0.36868   1   2
        0.47619        0.37959   1   3
        0.47619        0.37959   1   4
        0.47619        0.99825   1   5
        0.47619        1.45760   1   6
        0.47619        1.48591   1   7
        0.47619        1.48591   1   8
        0.52381       -0.71621   1   1
        0.52381        0.31641   1   2
        0.52381        0.34958   1   3
        0.52381        0.34958   1   4
        0.52381        0.98925   1   5
        0.52381        1.39951   1   6
        0.52381        1.54232   1   7
        0.52381        1.54232   1   8
        0.57143       -0.68193   1   1
        0.57143        0.26182   1   2
        0.57143        0.32206   1   3
        0.57143        0.32206   1   4
        0.57143        0.98145   1   5
        0.57143        1.34295   1   6
        0.57143        1.59773   1   7
        0.57143        1.59773   1   8
        0.61905       -0.64475   1   1
        0.61905        0.20556   1   2
        0.61905        0.29748   1   3
        0.61905        0.29748   1   4
        0.61905        0.97547   1   5
        0.61905        1.28923   1   6
        0.61905        1.65063   1   7
        0.61905        1.65063   1   8
        0.66667       -0.60480   1   1
        0.66667        0.14821   1   2
        0.66667        0.27601   1   3
        0.66667        0.27601   1   4
        0.66667        0.97191   1   5
        0.66667        1.23896   1   6
        0.66667        1.69994   1   7
        0.66667        1.69994   1   8
        0.71429       -0.56231   1   1
        0.71429        0.09020   1   2
        0.71429        0.25762   1   3
        0.71429        0.25762   1   4
        0.71429        0.97114   1   5
        0.71429        1.19261   1   6
        0.71429        1.74519   1   7
        0.71429        1.74519   1   8
        0.76190       -0.51747   1   1
        0.76190        0.03179   1   2
        0.76190        0.24209   1   3
        0.76190        0.24209   1   4
        0.76190        0.97317   1   5
        0.76190        1.15077   1   6
        0.76190        1.78632   1   7
        0.76190        1.78632   1   8
        0.80952       -0.47037   1   1
        0.80952       -0.02694   1   2
        0.80952        0.22920   1   3
        0.80952        0.22920   1   4
        0.80952        0.97774   1   5
        0.80952        1.11396   1   6
        0.80952        1.82317   1   7
        0.80952        1.82317   1   8
        0.85714       -0.42104   1   1
        0.85714       -0.08584   1   2
        0.85714        0.21886   1   3
        0.85714        0.21886   1   4
        0.85714        0.98454   1   5
        0.85714        1.08252   1   6
        0.85714        1.85488   1   7
        0.85714        1.85488   1   8
        0.90476       -0.36947   1   1
        0.90476       -0.14463   1   2
        0.90476        0.21118   1   3
        0.90476        0.21118   1   4
        0.90476        0.99337   1   5
        0.90476        1.05639   1   6
        0.90476        1.87981   1   7
        0.90476        1.87981   1   8
        0.95238       -0.31575   1   1
        0.95238       -0.20289   1   2
        0.95238        0.20641   1   3
        0.95238        0.20641   1   4
        0.95238        1.00439   1   5
        0.95238        1.03514   1   6
        0.95238        1.89593   1   7
        0.95238        1.89593   1   8
        1.00000       -0.26009   1   1
        1.00000       -0.26009   1   2
        1.00000        0.20478   1   3
        1.00000        0.20478   1   4
        1.00000        1.01807   1   5
        1.00000        1.01807   1   6
        1.00000        1.90152   1   7
        1.00000        1.90152   1   8
        1.00000       -0.26009   1   1
        1.00000       -0.26009   1   2
        1.00000        0.20478   1   3
        1.00000        0.20478   1   4
        1.00000        1.01807   1   5
        1.00000        1.01807   1   6
        1.00000        1.90152   1   7
        1.00000        1.90152   1   8
        1.05893       -0.25924   1   1
        1.05893       -0.25800   1   2
        1.05893        0.19156   1   3
        1.05893        0.20667   1   4
        1.05893        1.02018   1   5
        1.05893        1.03612   1   6
        1.05893        1.89538   1   7
        1.05893        1.89824   1   8
        1.11785       -0.25690   1   1
        1.11785       -0.25176   1   2
        1.11785        0.15680   1   3
        1.11785        0.21239   1   4
        1.11785        1.02621   1   5
        1.11785        1.08499   1   6
        1.11785        1.87749   1   7
        1.11785        1.88924   1   8
        1.17678       -0.25384   1   1
        1.17678       -0.24144   1   2
        1.17678        0.11004   1   3
        1.17678        0.22201   1   4
        1.17678        1.03562   1   5
        1.17678        1.15574   1   6
        1.17678        1.84918   1   7
        1.17678        1.87623   1   8
        1.23570       -0.25208   1   1
        1.23570       -0.22699   1   2
        1.23570        0.05942   1   3
        1.23570        0.23555   1   4
        1.23570        1.04823   1   5
        1.23570        1.24425   1   6
        1.23570        1.81218   1   7
        1.23570        1.86014   1   8
        1.29463       -0.25580   1   1
        1.29463       -0.20821   1   2
        1.29463        0.01270   1   3
        1.29463        0.25280   1   4
        1.29463        1.06433   1   5
        1.29463        1.34978   1   6
        1.29463        1.76825   1   7
        1.29463        1.84063   1   8
        1.35355       -0.27179   1   1
        1.35355       -0.18499   1   2
        1.35355       -0.02042   1   3
        1.35355        0.27342   1   4
        1.35355        1.08428   1   5
        1.35355        1.46715   1   6
        1.35355        1.71902   1   7
        1.35355        1.81723   1   8
        1.35355       -0.27179   1   1
        1.35355       -0.18499   1   2
        1.35355       -0.02042   1   3
        1.35355        0.27342   1   4
        1.35355        1.08428   1   5
        1.35355        1.46715   1   6
        1.35355        1.71902   1   7
        1.35355        1.81723   1   8
        1.40177       -0.29770   1   1
        1.40177       -0.16277   1   2
        1.40177       -0.03173   1   3
        1.40177        0.29252   1   4
        1.40177        1.10332   1   5
        1.40177        1.56157   1   6
        1.40177        1.67597   1   7
        1.40177        1.79586   1   8
        1.44998       -0.33389   1   1
        1.44998       -0.13786   1   2
        1.44998       -0.02884   1   3
        1.44998        0.31340   1   4
        1.44998        1.12436   1   5
        1.44998        1.63145   1   6
        1.44998        1.64130   1   7
        1.44998        1.77404   1   8
        1.49819       -0.37649   1   1
        1.49819       -0.11046   1   2
        1.49819       -0.01510   1   3
        1.49819        0.33589   1   4
        1.49819        1.14687   1   5
        1.49819        1.58639   1   6
        1.49819        1.69398   1   7
        1.49819        1.75348   1   8
        1.54640       -0.42197   1   1
        1.54640       -0.08070   1   2
        1.54640        0.00613   1   3
        1.54640        0.35977   1   4
        1.54640        1.17039   1   5
        1.54640        1.54160   1   6
        1.54640        1.71202   1   7
        1.54640        1.73540   1   8
        1.59461       -0.46808   1   1
        1.59461       -0.04862   1   2
        1.59461        0.03255   1   3
        1.59461        0.38483   1   4
        1.59461        1.19456   1   5
        1.59461        1.49765   1   6
        1.59461        1.69571   1   7
        1.59461        1.72003   1   8
        1.64282       -0.51347   1   1
        1.64282       -0.01415   1   2
        1.64282        0.06295   1   3
        1.64282        0.41080   1   4
        1.64282        1.21889   1   5
        1.64282        1.45486   1   6
        1.64282        1.65314   1   7
        1.64282        1.70688   1   8
        1.69104       -0.55732   1   1
        1.69104        0.02272   1   2
        1.69104        0.09672   1   3
        1.69104        0.43731   1   4
        1.69104        1.24248   1   5
        1.69104        1.41339   1   6
        1.69104        1.59699   1   7
        1.69104        1.69535   1   8
        1.73925       -0.59920   1   1
        1.73925        0.06200   1   2
        1.73925        0.13355   1   3
        1.73925        0.46398   1   4
        1.73925        1.26402   1   5
        1.73925        1.37333   1   6
        1.73925        1.53949   1   7
        1.73925        1.68534   1   8
        1.78746       -0.63892   1   1
        1.78746        0.10365   1   2
        1.78746        0.17313   1   3
        1.78746        0.49035   1   4
        1.78746        1.28195   1   5
        1.78746        1.33486   1   6
        1.78746        1.48829   1   7
        1.78746        1.67754   1   8
        1.83567       -0.67636   1   1
        1.83567        0.14757   1   2
        1.83567        0.21499   1   3
        1.83567        0.51595   1   4
        1.83567        1.29472   1   5
        1.83567        1.29827   1   6
        1.83567        1.44493   1   7
        1.83567        1.67299   1   8
        1.88388       -0.71138   1   1
        1.88388        0.19367   1   2
        1.88388        0.25863   1   3
        1.88388        0.54025   1   4
        1.88388        1.26390   1   5
        1.88388        1.30117   1   6
        1.88388        1.40635   1   7
        1.88388        1.67245   1   8
        1.93210       -0.74377   1   1
        1.93210        0.24179   1   2
        1.93210        0.30366   1   3
        1.93210        0.56275   1   4
        1.93210        1.23210   1   5
        1.93210        1.30077   1   6
        1.93210        1.36816   1   7
        1.93210        1.67562   1   8
        1.98031       -0.77327   1   1
        1.98031        0.29171   1   2
        1.98031        0.34983   1   3
        1.98031        0.58303   1   4
        1.98031        1.20307   1   5
        1.98031        1.29361   1   6
        1.98031        1.32770   1   7
        1.98031        1.68092   1   8
        2.02852       -0.79972   1   1
        2.02852        0.34306   1   2
        2.02852        0.39684   1   3
        2.02852        0.60086   1   4
        2.02852        1.17691   1   5
        2.02852        1.28016   1   6
        2.02852        1.28538   1   7
        2.02852        1.68606   1   8
        2.07673       -0.82309   1   1
        2.07673        0.39529   1   2
        2.07673        0.44410   1   3
        2.07673        0.61619   1   4
        2.07673        1.15364   1   5
        2.07673        1.24382   1   6
        2.07673        1.26090   1   7
        2.07673        1.68890   1   8
        2.12494       -0.84341   1   1
        2.12494        0.44768   1   2
        2.12494        0.49054   1   3
        2.12494        0.62918   1   4
        2.12494        1.13327   1   5
        2.12494        1.20590   1   6
        2.12494        1.23624   1   7
        2.12494        1.68836   1   8
        2.17315       -0.86072   1   1
        2.17315        0.49924   1   2
        2.17315        0.53480   1   3
        2.17315        0.64011   1   4
        2.17315        1.11587   1   5
        2.17315        1.17294   1   6
        2.17315        1.20669   1   7
        2.17315        1.68471   1   8
        2.22137       -0.87494   1   1
        2.22137        0.54856   1   2
        2.22137        0.57545   1   3
        2.22137        0.64918   1   4
        2.22137        1.10154   1   5
        2.22137        1.14445   1   6
        2.22137        1.17346   1   7
        2.22137        1.67923   1   8
        2.26958       -0.88597   1   1
        2.26958        0.59360   1   2
        2.26958        0.61111   1   3
        2.26958        0.65650   1   4
        2.26958        1.09038   1   5
        2.26958        1.11929   1   6
        2.26958        1.13902   1   7
        2.26958        1.67348   1   8
        2.31779       -0.89377   1   1
        2.31779        0.63127   1   2
        2.31779        0.64004   1   3
        2.31779        0.66197   1   4
        2.31779        1.08243   1   5
        2.31779        1.09762   1   6
        2.31779        1.10752   1   7
        2.31779        1.66869   1   8
        2.36600       -0.89837   1   1
        2.36600        0.65718   1   2
        2.36600        0.65955   1   3
        2.36600        0.66539   1   4
        2.36600        1.07769   1   5
        2.36600        1.08197   1   6
        2.36600        1.08462   1   7
        2.36600        1.66561   1   8
        2.41421       -0.89989   1   1
        2.41421        0.66656   1   2
        2.41421        0.66656   1   3
        2.41421        0.66656   1   4
        2.41421        1.07611   1   5
        2.41421        1.07611   1   6
        2.41421        1.07611   1   7
        2.41421        1.66455   1   8
        2.41421       -0.89989   1   1
        2.41421        0.66656   1   2
        2.41421        0.66656   1   3
        2.41421        0.66656   1   4
        2.41421        1.07611   1   5
        2.41421        1.07611   1   6
        2.41421        1.07611   1   7
        2.41421        1.66455   1   8
        2.46233       -0.89838   1   1
        2.46233        0.65527   1   2
        2.46233        0.66347   1   3
        2.46233        0.66347   1   4
        2.46233        1.08000   1   5
        2.46233        1.08000   1   6
        2.46233        1.08419   1   7
        2.46233        1.66562   1   8
        2.51044       -0.89379   1   1
        2.51044        0.62396   1   2
        2.51044        0.65485   1   3
        2.51044        0.65485   1   4
        2.51044        1.09101   1   5
        2.51044        1.09101   1   6
        2.51044        1.10506   1   7
        2.51044        1.66885   1   8
        2.55855       -0.88600   1   1
        2.55855        0.57791   1   2
        2.55855        0.64223   1   3
        2.55855        0.64223   1   4
        2.55855        1.10754   1   5
        2.55855        1.10754   1   6
        2.55855        1.13184   1   7
        2.55855        1.67431   1   8
        2.60666       -0.87493   1   1
        2.60666        0.52180   1   2
        2.60666        0.62705   1   3
        2.60666        0.62705   1   4
        2.60666        1.12785   1   5
        2.60666        1.12785   1   6
        2.60666        1.15895   1   7
        2.60666        1.68198   1   8
        2.65478       -0.86063   1   1
        2.65478        0.45914   1   2
        2.65478        0.61027   1   3
        2.65478        0.61027   1   4
        2.65478        1.15042   1   5
        2.65478        1.15042   1   6
        2.65478        1.18401   1   7
        2.65478        1.69160   1   8
        2.70289       -0.84324   1   1
        2.70289        0.39258   1   2
        2.70289        0.59245   1   3
        2.70289        0.59245   1   4
        2.70289        1.17390   1   5
        2.70289        1.17390   1   6
        2.70289        1.20725   1   7
        2.70289        1.70282   1   8
        2.75100       -0.82294   1   1
        2.75100        0.32416   1   2
        2.75100        0.57415   1   3
        2.75100        0.57415   1   4
        2.75100        1.19697   1   5
        2.75100        1.19697   1   6
        2.75100        1.22979   1   7
        2.75100        1.71541   1   8
        2.79911       -0.79984   1   1
        2.79911        0.25522   1   2
        2.79911        0.55605   1   3
        2.79911        0.55605   1   4
        2.79911        1.21838   1   5
        2.79911        1.21838   1   6
        2.79911        1.25191   1   7
        2.79911        1.72935   1   8
        2.84723       -0.77397   1   1
        2.84723        0.18651   1   2
        2.84723        0.53888   1   3
        2.84723        0.53888   1   4
        2.84723        1.23704   1   5
        2.84723        1.23704   1   6
        2.84723        1.27237   1   7
        2.84723        1.74447   1   8
        2.89534       -0.74524   1   1
        2.89534        0.11832   1   2
        2.89534        0.52320   1   3
        2.89534        0.52320   1   4
        2.89534        1.25233   1   5
        2.89534        1.25233   1   6
        2.89534        1.28935   1   7
        2.89534        1.75989   1   8
        2.94345       -0.71355   1   1
        2.94345        0.05078   1   2
        2.94345        0.50924   1   3
        2.94345        0.50924   1   4
        2.94345        1.26411   1   5
        2.94345        1.26411   1   6
        2.94345        1.30186   1   7
        2.94345        1.77400   1   8
        2.99156       -0.67888   1   1
        2.99156       -0.01581   1   2
        2.99156        0.49699   1   3
        2.99156        0.49699   1   4
        2.99156        1.27271   1   5
        2.99156        1.27271   1   6
        2.99156        1.31040   1   7
        2.99156        1.78525   1   8
        3.03968       -0.64142   1   1
        3.03968       -0.08090   1   2
        3.03968        0.48641   1   3
        3.03968        0.48641   1   4
        3.03968        1.27867   1   5
        3.03968        1.27867   1   6
        3.03968        1.31637   1   7
        3.03968        1.79322   1   8
        3.08779       -0.60168   1   1
        3.08779       -0.14354   1   2
        3.08779        0.47758   1   3
        3.08779        0.47758   1   4
        3.08779        1.28257   1   5
        3.08779        1.28257   1   6
        3.08779        1.32115   1   7
        3.08779        1.79877   1   8
        3.13590       -0.56069   1   1
        3.13590       -0.20238   1   2
        3.13590        0.47065   1   3
        3.13590        0.47065   1   4
        3.13590        1.28495   1   5
        3.13590        1.28495   1   6
        3.13590        1.32538   1   7
        3.13590        1.80327   1   8
        3.18401       -0.52054   1   1
        3.18401       -0.25521   1   2
        3.18401        0.46575   1   3
        3.18401        0.46575   1   4
        3.18401        1.28629   1   5
        3.18401        1.28629   1   6
        3.18401        1.32892   1   7
        3.18401        1.80736   1   8
        3.23213       -0.48630   1   1
        3.23213       -0.29698   1   2
        3.23213        0.46286   1   3
        3.23213        0.46286   1   4
        3.23213        1.28692   1   5
        3.23213        1.28692   1   6
        3.23213        1.33133   1   7
        3.23213        1.81056   1   8
        3.28024       -0.47097   1   1
        3.28024       -0.31480   1   2
        3.28024        0.46192   1   3
        3.28024        0.46192   1   4
        3.28024        1.28711   1   5
        3.28024        1.28711   1   6
        3.28024        1.33218   1   7
        3.28024        1.81181   1   8
        3.28024       -0.47097   1   1
        3.28024       -0.31480   1   2
        3.28024        0.46192   1   3
        3.28024        0.46192   1   4
        3.28024        1.28711   1   5
        3.28024        1.28711   1   6
        3.28024        1.33218   1   7
        3.28024        1.81181   1   8
        3.33075       -0.46947   1   1
        3.33075       -0.31321   1   2
        3.33075        0.45442   1   3
        3.33075        0.45897   1   4
        3.33075        1.28492   1   5
        3.33075        1.29242   1   6
        3.33075        1.33736   1   7
        3.33075        1.81295   1   8
        3.38125       -0.46492   1   1
        3.38125       -0.30845   1   2
        3.38125        0.43272   1   3
        3.38125        0.45011   1   4
        3.38125        1.27917   1   5
        3.38125        1.30391   1   6
        3.38125        1.35689   1   7
        3.38125        1.81518   1   8
        3.43176       -0.45729   1   1
        3.43176       -0.30052   1   2
        3.43176        0.39911   1   3
        3.43176        0.43531   1   4
        3.43176        1.27193   1   5
        3.43176        1.31475   1   6
        3.43176        1.39582   1   7
        3.43176        1.81563   1   8
        3.48227       -0.44657   1   1
        3.48227       -0.28948   1   2
        3.48227        0.35671   1   3
        3.48227        0.41467   1   4
        3.48227        1.26583   1   5
        3.48227        1.32487   1   6
        3.48227        1.45069   1   7
        3.48227        1.81111   1   8
        3.53278       -0.43290   1   1
        3.53278       -0.27541   1   2
        3.53278        0.30882   1   3
        3.53278        0.38856   1   4
        3.53278        1.26318   1   5
        3.53278        1.33623   1   6
        3.53278        1.51382   1   7
        3.53278        1.79968   1   8
        3.58328       -0.41644   1   1
        3.58328       -0.25849   1   2
        3.58328        0.25823   1   3
        3.58328        0.35760   1   4
        3.58328        1.26545   1   5
        3.58328        1.35001   1   6
        3.58328        1.57641   1   7
        3.58328        1.78127   1   8
        3.63379       -0.39730   1   1
        3.63379       -0.23908   1   2
        3.63379        0.20708   1   3
        3.63379        0.32264   1   4
        3.63379        1.27307   1   5
        3.63379        1.36670   1   6
        3.63379        1.62941   1   7
        3.63379        1.75742   1   8
        3.68430       -0.37545   1   1
        3.68430       -0.21778   1   2
        3.68430        0.15700   1   3
        3.68430        0.28464   1   4
        3.68430        1.28574   1   5
        3.68430        1.38612   1   6
        3.68430        1.66513   1   7
        3.68430        1.73033   1   8
        3.73481       -0.35079   1   1
        3.73481       -0.19573   1   2
        3.73481        0.10972   1   3
        3.73481        0.24458   1   4
        3.73481        1.30295   1   5
        3.73481        1.40752   1   6
        3.73481        1.67901   1   7
        3.73481        1.70192   1   8
        3.78532       -0.32338   1   1
        3.78532       -0.17517   1   2
        3.78532        0.06796   1   3
        3.78532        0.20352   1   4
        3.78532        1.32443   1   5
        3.78532        1.42967   1   6
        3.78532        1.67067   1   7
        3.78532        1.67339   1   8
        3.83582       -0.29352   1   1
        3.83582       -0.16051   1   2
        3.83582        0.03657   1   3
        3.83582        0.16248   1   4
        3.83582        1.35043   1   5
        3.83582        1.45093   1   6
        3.83582        1.64434   1   7
        3.83582        1.64537   1   8
        3.88633       -0.26193   1   1
        3.88633       -0.15864   1   2
        3.88633        0.02275   1   3
        3.88633        0.12264   1   4
        3.88633        1.38131   1   5
        3.88633        1.46800   1   6
        3.88633        1.60905   1   7
        3.88633        1.61857   1   8
        3.93684       -0.22974   1   1
        3.93684       -0.17307   1   2
        3.93684        0.03002   1   3
        3.93684        0.08544   1   4
        3.93684        1.41645   1   5
        3.93684        1.47192   1   6
        3.93684        1.58097   1   7
        3.93684        1.59461   1   8
        3.98735       -0.19890   1   1
        3.98735       -0.19890   1   2
        3.98735        0.05319   1   3
        3.98735        0.05319   1   4
        3.98735        1.45128   1   5
        3.98735        1.45128   1   6
        3.98735        1.57811   1   7
        3.98735        1.57811   1   8
        3.98735       -0.19890   1   1
        3.98735       -0.19890   1   2
        3.98735        0.05319   1   3
        3.98735        0.05319   1   4
        3.98735        1.45128   1   5
        3.98735        1.45128   1   6
        3.98735        1.57811   1   7
        3.98735        1.57811   1   8
        4.03735       -0.20097   1   1
        4.03735       -0.20097   1   2
        4.03735        0.05736   1   3
        4.03735        0.05736   1   4
        4.03735        1.41919   1   5
        4.03735        1.41919   1   6
        4.03735        1.60817   1   7
        4.03735        1.60817   1   8
        4.08735       -0.20671   1   1
        4.08735       -0.20671   1   2
        4.08735        0.06907   1   3
        4.08735        0.06907   1   4
        4.08735        1.35858   1   5
        4.08735        1.35858   1   6
        4.08735        1.66281   1   7
        4.08735        1.66281   1   8
        4.13735       -0.21502   1   1
        4.13735       -0.21502   1   2
        4.13735        0.08641   1   3
        4.13735        0.08641   1   4
        4.13735        1.29352   1   5
        4.13735        1.29352   1   6
        4.13735        1.71822   1   7
        4.13735        1.71822   1   8
        4.18735       -0.22460   1   1
        4.18735       -0.22460   1   2
        4.18735        0.10714   1   3
        4.18735        0.10714   1   4
        4.18735        1.23063   1   5
        4.18735        1.23063   1   6
        4.18735        1.76829   1   7
        4.18735        1.76829   1   8
        4.23735       -0.23429   1   1
        4.23735       -0.23429   1   2
        4.23735        0.12929   1   3
        4.23735        0.12929   1   4
        4.23735        1.17294   1   5
        4.23735        1.17294   1   6
        4.23735        1.81064   1   7
        4.23735        1.81064   1   8
        4.28735       -0.24315   1   1
        4.28735       -0.24315   1   2
        4.28735        0.15130   1   3
        4.28735        0.15130   1   4
        4.28735        1.12220   1   5
        4.28735        1.12220   1   6
        4.28735        1.84449   1   7
        4.28735        1.84449   1   8
        4.33735       -0.25045   1   1
        4.33735       -0.25045   1   2
        4.33735        0.17176   1   3
        4.33735        0.17176   1   4
        4.33735        1.07962   1   5
        4.33735        1.07962   1   6
        4.33735        1.86997   1   7
        4.33735        1.86997   1   8
        4.38735       -0.25580   1   1
        4.38735       -0.25580   1   2
        4.38735        0.18891   1   3
        4.38735        0.18891   1   4
        4.38735        1.04667   1   5
        4.38735        1.04667   1   6
        4.38735        1.88766   1   7
        4.38735        1.88766   1   8
        4.43735       -0.25902   1   1
        4.43735       -0.25902   1   2
        4.43735        0.20060   1   3
        4.43735        0.20060   1   4
        4.43735        1.02545   1   5
        4.43735        1.02545   1   6
        4.43735        1.89808   1   7
        4.43735        1.89808   1   8
        4.48735       -0.26009   1   1
        4.48735       -0.26009   1   2
        4.48735        0.20478   1   3
        4.48735        0.20478   1   4
        4.48735        1.01807   1   5
        4.48735        1.01807   1   6
        4.48735        1.90152   1   7
        4.48735        1.90152   1   8
