=== md5 of self-energy outputs (in SEBK after gwsc) ===
a8f32983f0d7c7d759b48de6c8e1ca44  SEBK/SECU
99c2c62661baeef4c45388a01c7578bd  SEBK/SEC2U
777a16dda2e4ddce21759f5cd09541da  SEBK/SEXU
643f0b533cb2b7c88480cf14d8e858ef  SEBK/SEX2U

=== diagnostic lines from lcombined ===

=== first 100 SECU rows (text, fp-precise) ===
  *** 
 jband   iq ispin                             qibz            eigen-Ef (in eV)           Re(Sc) 3-points (in eV)                                   In(Sc) 3-points (in eV)                Zfactor(=1)
    1    1    1  0.0000000000000000D+00  0.0000000000000000D+00  0.0000000000000000D+00    -0.1533984653186827D+02     0.1044402671170619D+02    -0.1699365648200057D-14
    2    1    1  0.0000000000000000D+00  0.0000000000000000D+00  0.0000000000000000D+00    -0.1533984545790083D+02     0.1044397437401649D+02    -0.3379849455864559D-13
    3    1    1  0.0000000000000000D+00  0.0000000000000000D+00  0.0000000000000000D+00    -0.1533984516313362D+02     0.1044398445933479D+02     0.0000000000000000D+00
    4    1    1  0.0000000000000000D+00  0.0000000000000000D+00  0.0000000000000000D+00    -0.1527020661489406D+02     0.1039520672071007D+02    -0.3776368107111239D-14
    5    1    1  0.0000000000000000D+00  0.0000000000000000D+00  0.0000000000000000D+00    -0.1527020456481224D+02     0.1039515182781799D+02    -0.3587549701755677D-14
    6    1    1  0.0000000000000000D+00  0.0000000000000000D+00  0.0000000000000000D+00    -0.1292964530744749D+02     0.6938232262294632D+01    -0.2431036968952860D-13
    7    1    1  0.0000000000000000D+00  0.0000000000000000D+00  0.0000000000000000D+00    -0.9741581784038414D-01     0.2676780301554435D+01    -0.6372621180750216D-15
    8    1    1  0.0000000000000000D+00  0.0000000000000000D+00  0.0000000000000000D+00    -0.9741511233196481D-01     0.2676776969709874D+01    -0.1675763347530612D-14
    9    1    1  0.0000000000000000D+00  0.0000000000000000D+00  0.0000000000000000D+00    -0.9740607360937716D-01     0.2676746866419858D+01    -0.1604956445522276D-14
   10    1    1  0.0000000000000000D+00  0.0000000000000000D+00  0.0000000000000000D+00     0.7964631142575461D-01    -0.4498233966552862D+01    -0.4047794564809859D-14
   11    1    1  0.0000000000000000D+00  0.0000000000000000D+00  0.0000000000000000D+00     0.3310866543318187D+01    -0.4549301921010644D+01    -0.6118896448553679D-14
   12    1    1  0.0000000000000000D+00  0.0000000000000000D+00  0.0000000000000000D+00     0.3310868965483221D+01    -0.4549302168718516D+01    -0.2141908785752156D-14
   13    1    1  0.0000000000000000D+00  0.0000000000000000D+00  0.0000000000000000D+00     0.3310902746531031D+01    -0.4549302986316996D+01    -0.7552736214222478D-15
   14    1    1  0.0000000000000000D+00  0.0000000000000000D+00  0.0000000000000000D+00     0.6976326121063275D+01    -0.5454866099189849D+01    -0.1062103530125036D-14
   15    1    1  0.0000000000000000D+00  0.0000000000000000D+00  0.0000000000000000D+00     0.9871021209722366D+01    -0.4875854352300980D+01    -0.7104292501503018D-14
   16    1    1  0.0000000000000000D+00  0.0000000000000000D+00  0.0000000000000000D+00     0.9871037831452394D+01    -0.4875856726693572D+01    -0.9204897261083645D-15
   17    1    1  0.0000000000000000D+00  0.0000000000000000D+00  0.0000000000000000D+00     0.1105776909498368D+02    -0.5486102738145802D+01    -0.2606210294233899D-13
   18    1    1  0.0000000000000000D+00  0.0000000000000000D+00  0.0000000000000000D+00     0.1105777224561032D+02    -0.5486104028233364D+01    -0.3835373858784852D-15
   19    1    1  0.0000000000000000D+00  0.0000000000000000D+00  0.0000000000000000D+00     0.1105777370494965D+02    -0.5486104711249125D+01    -0.8855288182417487D-14
   20    1    1  0.0000000000000000D+00  0.0000000000000000D+00  0.0000000000000000D+00     0.1398905273093010D+02    -0.5429336423273051D+01    -0.5428529153972406D-15
   21    1    1  0.0000000000000000D+00  0.0000000000000000D+00  0.0000000000000000D+00     0.2540737002670398D+02    -0.7284114085280109D+01    -0.1510547242844496D-14
   22    1    1  0.0000000000000000D+00  0.0000000000000000D+00  0.0000000000000000D+00     0.2540738045107409D+02    -0.7284111921189760D+01    -0.1132910432133372D-14
   23    1    1  0.0000000000000000D+00  0.0000000000000000D+00  0.0000000000000000D+00     0.2540742201808382D+02    -0.7284115709429222D+01    -0.5003687741922391D-14
   24    1    1  0.0000000000000000D+00  0.0000000000000000D+00  0.0000000000000000D+00     0.2620722281153126D+02    -0.7311342937889734D+01    -0.6089393572716873D-14
   25    1    1  0.0000000000000000D+00  0.0000000000000000D+00  0.0000000000000000D+00     0.2620723579578551D+02    -0.7311347478520746D+01    -0.1085705830794481D-14
   26    1    1  0.0000000000000000D+00  0.0000000000000000D+00  0.0000000000000000D+00     0.2620724086843937D+02    -0.7311343611877907D+01    -0.5853370566022420D-14
   27    1    1  0.0000000000000000D+00  0.0000000000000000D+00  0.0000000000000000D+00     0.2896712510341101D+02    -0.7830187534335553D+01    -0.5286915349955734D-14
   28    1    1  0.0000000000000000D+00  0.0000000000000000D+00  0.0000000000000000D+00     0.2896715897747964D+02    -0.7830187432142809D+01    -0.6750257991461339D-14
   29    1    1  0.0000000000000000D+00  0.0000000000000000D+00  0.0000000000000000D+00     0.3137213172008126D+02    -0.6269000657469165D+01    -0.3729163505772349D-14
   30    1    1  0.0000000000000000D+00  0.0000000000000000D+00  0.0000000000000000D+00     0.3137217600523129D+02    -0.6268991150297986D+01    -0.7788759220916929D-14
   31    1    1  0.0000000000000000D+00  0.0000000000000000D+00  0.0000000000000000D+00     0.3137222246126940D+02    -0.6268979895271730D+01    -0.4342823323177925D-14
   32    1    1  0.0000000000000000D+00  0.0000000000000000D+00  0.0000000000000000D+00     0.3635682785581392D+02    -0.5986677692011168D+01    -0.5062693493596005D-14
   33    1    1  0.0000000000000000D+00  0.0000000000000000D+00  0.0000000000000000D+00     0.3880206591490917D+02    -0.6479663113930449D+01    -0.6844667194139121D-14
   34    1    1  0.0000000000000000D+00  0.0000000000000000D+00  0.0000000000000000D+00     0.3880209690412487D+02    -0.6479598520858265D+01    -0.2265820864266743D-14
   35    1    1  0.0000000000000000D+00  0.0000000000000000D+00  0.0000000000000000D+00     0.3880210158899072D+02    -0.6479584144811398D+01    -0.1180115033472262D-14
   36    1    1  0.0000000000000000D+00  0.0000000000000000D+00  0.0000000000000000D+00     0.4066873807503092D+02    -0.5400862144910878D+01    -0.1823277726714645D-14
   37    1    1  0.0000000000000000D+00  0.0000000000000000D+00  0.0000000000000000D+00     0.4066882207281498D+02    -0.5400830153990439D+01    -0.9671042699305188D-14
   38    1    1  0.0000000000000000D+00  0.0000000000000000D+00  0.0000000000000000D+00     0.4144791599000190D+02     0.0000000000000000D+00     0.0000000000000000D+00
   39    1    1  0.0000000000000000D+00  0.0000000000000000D+00  0.0000000000000000D+00     0.4241841070862277D+02     0.0000000000000000D+00     0.0000000000000000D+00
    1    2    1 -0.5000000000000000D+00  0.5000000000000000D+00  0.5000000000000000D+00    -0.1540449929584489D+02     0.1041224343931736D+02    -0.4116241236751250D-13
    2    2    1 -0.5000000000000000D+00  0.5000000000000000D+00  0.5000000000000000D+00    -0.1532148059667885D+02     0.1043918628827585D+02    -0.2775630558726760D-13
    3    2    1 -0.5000000000000000D+00  0.5000000000000000D+00  0.5000000000000000D+00    -0.1532147998233729D+02     0.1043916654635595D+02    -0.2379111907480080D-13
    4    2    1 -0.5000000000000000D+00  0.5000000000000000D+00  0.5000000000000000D+00    -0.1526455951262966D+02     0.1040353120911380D+02    -0.1793774850877838D-13
    5    2    1 -0.5000000000000000D+00  0.5000000000000000D+00  0.5000000000000000D+00    -0.1526455804782205D+02     0.1040349013316847D+02    -0.4248414120500144D-13
    6    2    1 -0.5000000000000000D+00  0.5000000000000000D+00  0.5000000000000000D+00    -0.1110372997852096D+02     0.6302473180100686D+01    -0.1793774850877838D-13
    7    2    1 -0.5000000000000000D+00  0.5000000000000000D+00  0.5000000000000000D+00    -0.6995880019564227D+01     0.3483085853094317D+01    -0.1298126536819488D-14
    8    2    1 -0.5000000000000000D+00  0.5000000000000000D+00  0.5000000000000000D+00    -0.1300993804490954D+01     0.2777773555860110D+01    -0.7080690200833572D-16
    9    2    1 -0.5000000000000000D+00  0.5000000000000000D+00  0.5000000000000000D+00    -0.1300982904107409D+01     0.2777770242962562D+01    -0.1253872223064279D-14
   10    2    1 -0.5000000000000000D+00  0.5000000000000000D+00  0.5000000000000000D+00     0.5529637052039166D+00    -0.4433495639169164D+01    -0.4614249780876545D-14
   11    2    1 -0.5000000000000000D+00  0.5000000000000000D+00  0.5000000000000000D+00     0.4234292130160804D+01    -0.4615399131875238D+01    -0.1026700079120868D-13
   12    2    1 -0.5000000000000000D+00  0.5000000000000000D+00  0.5000000000000000D+00     0.4234310506078162D+01    -0.4615398086153688D+01    -0.8213600632966944D-14
   13    2    1 -0.5000000000000000D+00  0.5000000000000000D+00  0.5000000000000000D+00     0.7219375520592084D+01    -0.5277569145085725D+01    -0.9278654450675662D-15
   14    2    1 -0.5000000000000000D+00  0.5000000000000000D+00  0.5000000000000000D+00     0.1006231370637532D+02    -0.5557304573120994D+01    -0.2218616262927853D-14
   15    2    1 -0.5000000000000000D+00  0.5000000000000000D+00  0.5000000000000000D+00     0.1155097279321345D+02    -0.5568678221970728D+01    -0.4248414120500144D-15
   16    2    1 -0.5000000000000000D+00  0.5000000000000000D+00  0.5000000000000000D+00     0.1155099277498622D+02    -0.5568680770794521D+01    -0.1888184053555619D-15
   17    2    1 -0.5000000000000000D+00  0.5000000000000000D+00  0.5000000000000000D+00     0.1207531557170693D+02    -0.6049759934545116D+01    -0.2785071478994539D-14
   18    2    1 -0.5000000000000000D+00  0.5000000000000000D+00  0.5000000000000000D+00     0.1283849627583206D+02    -0.5295911310810512D+01    -0.3490190211494215D-14
   19    2    1 -0.5000000000000000D+00  0.5000000000000000D+00  0.5000000000000000D+00     0.1283850215700324D+02    -0.5295911843594379D+01    -0.8012981077276660D-14
   20    2    1 -0.5000000000000000D+00  0.5000000000000000D+00  0.5000000000000000D+00     0.1909477410691430D+02    -0.6101035630769418D+01    -0.3351526695061224D-14
   21    2    1 -0.5000000000000000D+00  0.5000000000000000D+00  0.5000000000000000D+00     0.2149674328398701D+02    -0.5964193939082751D+01    -0.9912966281167003D-15
   22    2    1 -0.5000000000000000D+00  0.5000000000000000D+00  0.5000000000000000D+00     0.2246326975401561D+02    -0.5928057062203598D+01    -0.8331612136314171D-14
   23    2    1 -0.5000000000000000D+00  0.5000000000000000D+00  0.5000000000000000D+00     0.2246327834748390D+02    -0.5928053273958209D+01    -0.2126567290317016D-13
   24    2    1 -0.5000000000000000D+00  0.5000000000000000D+00  0.5000000000000000D+00     0.2298519579742986D+02    -0.6113606895572401D+01    -0.9547130620790601D-14
   25    2    1 -0.5000000000000000D+00  0.5000000000000000D+00  0.5000000000000000D+00     0.2298520407014499D+02    -0.6113602760282016D+01    -0.3563947401086232D-14
   26    2    1 -0.5000000000000000D+00  0.5000000000000000D+00  0.5000000000000000D+00     0.2669406030155602D+02    -0.5986719488623359D+01    -0.1416138040166715D-14
   27    2    1 -0.5000000000000000D+00  0.5000000000000000D+00  0.5000000000000000D+00     0.2769887599083533D+02    -0.5825669313302886D+01    -0.1288095559034974D-13
   28    2    1 -0.5000000000000000D+00  0.5000000000000000D+00  0.5000000000000000D+00     0.2780562014741503D+02    -0.7556156984827657D+01    -0.6655848788783558D-14
   29    2    1 -0.5000000000000000D+00  0.5000000000000000D+00  0.5000000000000000D+00     0.2780565680521788D+02    -0.7556129116193212D+01    -0.7788759220916929D-14
   30    2    1 -0.5000000000000000D+00  0.5000000000000000D+00  0.5000000000000000D+00     0.2854999985056893D+02    -0.6871723151822605D+01    -0.5334119951294625D-14
   31    2    1 -0.5000000000000000D+00  0.5000000000000000D+00  0.5000000000000000D+00     0.2855002587963586D+02    -0.6871729784638755D+01    -0.2879480681672320D-14
   32    2    1 -0.5000000000000000D+00  0.5000000000000000D+00  0.5000000000000000D+00     0.3203240247984831D+02    -0.6094684640984090D+01    -0.6042188971377982D-14
   33    2    1 -0.5000000000000000D+00  0.5000000000000000D+00  0.5000000000000000D+00     0.3355203537168592D+02    -0.6145381163761410D+01    -0.1038501229455591D-14
   34    2    1 -0.5000000000000000D+00  0.5000000000000000D+00  0.5000000000000000D+00     0.3355206208091672D+02    -0.6145370466717528D+01    -0.6844667194139121D-14
   35    2    1 -0.5000000000000000D+00  0.5000000000000000D+00  0.5000000000000000D+00     0.3423025001001253D+02    -0.5903547262129602D+01    -0.1085705830794481D-14
   36    2    1 -0.5000000000000000D+00  0.5000000000000000D+00  0.5000000000000000D+00     0.3577003008921875D+02    -0.6486806548848373D+01    -0.1840979452216729D-14
   37    2    1 -0.5000000000000000D+00  0.5000000000000000D+00  0.5000000000000000D+00     0.3577003961778177D+02    -0.6486805438760243D+01    -0.1486944942175050D-13
   38    2    1 -0.5000000000000000D+00  0.5000000000000000D+00  0.5000000000000000D+00     0.3624666964970072D+02    -0.6416796466543491D+01    -0.3351526695061224D-14
   39    2    1 -0.5000000000000000D+00  0.5000000000000000D+00  0.5000000000000000D+00     0.4248127184921896D+02     0.0000000000000000D+00     0.0000000000000000D+00
    1    3    1  0.0000000000000000D+00  0.0000000000000000D+00  0.1000000000000000D+01    -0.1543569926365978D+02     0.1041946923524669D+02    -0.2020356937304513D-13
    2    3    1  0.0000000000000000D+00  0.0000000000000000D+00  0.1000000000000000D+01    -0.1529555870509800D+02     0.1037702266974372D+02    -0.2228057183195631D-13
    3    3    1  0.0000000000000000D+00  0.0000000000000000D+00  0.1000000000000000D+01    -0.1529036791123164D+02     0.1045623300174323D+02    -0.5645670320131302D-13
    4    3    1  0.0000000000000000D+00  0.0000000000000000D+00  0.1000000000000000D+01    -0.1529036647972377D+02     0.1045618889337240D+02    -0.6212125536197988D-13
    5    3    1  0.0000000000000000D+00  0.0000000000000000D+00  0.1000000000000000D+01    -0.1525879265663799D+02     0.1039867440130495D+02    -0.1963711415697844D-13
    6    3    1  0.0000000000000000D+00  0.0000000000000000D+00  0.1000000000000000D+01    -0.1031629949637716D+02     0.5947576836835118D+01    -0.5003687741922391D-14
    7    3    1  0.0000000000000000D+00  0.0000000000000000D+00  0.1000000000000000D+01    -0.7209562512700202D+01     0.3743244158805595D+01    -0.2283522589768827D-14
    8    3    1  0.0000000000000000D+00  0.0000000000000000D+00  0.1000000000000000D+01    -0.2897104036179342D+01     0.2926576821936945D+01    -0.8130992580623887D-14
    9    3    1  0.0000000000000000D+00  0.0000000000000000D+00  0.1000000000000000D+01    -0.2897093847745352D+01     0.2926577260205599D+01    -0.7293110906858580D-14
   10    3    1  0.0000000000000000D+00  0.0000000000000000D+00  0.1000000000000000D+01     0.9591485479705254D+00    -0.4339353816667202D+01    -0.2867679531337597D-14
   11    3    1  0.0000000000000000D+00  0.0000000000000000D+00  0.1000000000000000D+01     0.1227891644730808D+01    -0.4339845439208819D+01    -0.1475143791840328D-14
   12    3    1  0.0000000000000000D+00  0.0000000000000000D+00  0.1000000000000000D+01     0.9830772776646118D+01    -0.5865995771362228D+01    -0.9912966281167001D-14
   13    3    1  0.0000000000000000D+00  0.0000000000000000D+00  0.1000000000000000D+01     0.9830795356357433D+01    -0.5865998057119878D+01    -0.5428529153972406D-14
   14    3    1  0.0000000000000000D+00  0.0000000000000000D+00  0.1000000000000000D+01     0.1072539263023831D+02    -0.5776193492678397D+01    -0.1784333930610060D-13
   15    3    1  0.0000000000000000D+00  0.0000000000000000D+00  0.1000000000000000D+01     0.1293818322125454D+02    -0.6100719934592333D+01    -0.1663962197195890D-13
   16    3    1  0.0000000000000000D+00  0.0000000000000000D+00  0.1000000000000000D+01     0.1311586723233277D+02    -0.5215301502519240D+01    -0.2360230066944524D-15
   17    3    1  0.0000000000000000D+00  0.0000000000000000D+00  0.1000000000000000D+01     0.1311586827023270D+02    -0.5215304088938612D+01    -0.4484437127194596D-15
   18    3    1  0.0000000000000000D+00  0.0000000000000000D+00  0.1000000000000000D+01     0.1328574462526639D+02    -0.5424790554735939D+01    -0.9114913489781385D-14
   19    3    1  0.0000000000000000D+00  0.0000000000000000D+00  0.1000000000000000D+01     0.1499743395777361D+02    -0.5676471382710621D+01    -0.3705561205102903D-14
   20    3    1  0.0000000000000000D+00  0.0000000000000000D+00  0.1000000000000000D+01     0.1923423189388488D+02    -0.5743695964901676D+01    -0.4366425623847370D-14

=== last 50 lines of lcombined ===
 MPI outputs in each rank are in stdout.{RankId}.hrcxq
