# lagao3: forces at the end of the self-consistency of each geometry (mRy/bohr), from llmf
# geometry 1: site, force x y z
maxforce 1      15.2283  site 12
  1    1      -0.00       0.00       0.00
  1    2       0.00       0.00       0.00
  1    3      -0.00      -0.00       0.00
  1    4       0.00       0.00       0.00
  1    5      -4.82       0.00      -5.66
  1    6      -4.82       0.00       5.66
  1    7       4.82       0.00       5.66
  1    8       4.82       0.00      -5.66
  1    9       3.82      -0.00      14.74
  1   10       3.82      -0.00     -14.74
  1   11      -3.82      -0.00     -14.74
  1   12      -3.82      -0.00      14.74
  1   13       8.08      -4.11       7.75
  1   14       8.08       4.11      -7.75
  1   15      -8.08      -4.11      -7.75
  1   16      -8.08       4.11       7.75
  1   17      -8.08       4.11      -7.75
  1   18      -8.08      -4.11       7.75
  1   19       8.08       4.11       7.75
  1   20       8.08      -4.11      -7.75
# geometry 2: site, force x y z
maxforce 2      15.1810  site 16
  2    1       0.00       0.00       0.00
  2    2      -0.00       0.00       0.00
  2    3       0.00       0.00       0.00
  2    4      -0.00      -0.00       0.00
  2    5       1.43       0.00      10.38
  2    6       1.43       0.00     -10.38
  2    7      -1.43       0.00     -10.38
  2    8      -1.43       0.00      10.38
  2    9       5.58      -0.00     -13.54
  2   10       5.58      -0.00      13.54
  2   11      -5.58      -0.00      13.54
  2   12      -5.58      -0.00     -13.54
  2   13      -8.57      10.61      -6.67
  2   14      -8.57     -10.61       6.67
  2   15       8.57      10.61       6.67
  2   16       8.57     -10.61      -6.67
  2   17       8.57     -10.61       6.67
  2   18       8.57      10.61      -6.67
  2   19      -8.57     -10.61      -6.67
  2   20      -8.57      10.61       6.67
