        0.00000        0.04883   2   1
        0.00000        0.07810   2   2
        0.00000        0.22394   2   3
        0.00000        0.26128   2   4
        0.00000        0.31852   2   5
        0.00000        0.37323   2   6
        0.00000        0.38267   2   7
        0.04762        0.04906   2   1
        0.04762        0.07842   2   2
        0.04762        0.22391   2   3
        0.04762        0.26111   2   4
        0.04762        0.31902   2   5
        0.04762        0.37320   2   6
        0.04762        0.38267   2   7
        0.09524        0.04975   2   1
        0.09524        0.07939   2   2
        0.09524        0.22385   2   3
        0.09524        0.26059   2   4
        0.09524        0.32051   2   5
        0.09524        0.37306   2   6
        0.09524        0.38272   2   7
        0.14286        0.05085   2   1
        0.14286        0.08093   2   2
        0.14286        0.22378   2   3
        0.14286        0.25973   2   4
        0.14286        0.32304   2   5
        0.14286        0.37270   2   6
        0.14286        0.38288   2   7
        0.19048        0.05229   2   1
        0.19048        0.08298   2   2
        0.19048        0.22374   2   3
        0.19048        0.25854   2   4
        0.19048        0.32662   2   5
        0.19048        0.37200   2   6
        0.19048        0.38323   2   7
        0.23810        0.05402   2   1
        0.23810        0.08545   2   2
        0.23810        0.22377   2   3
        0.23810        0.25707   2   4
        0.23810        0.33124   2   5
        0.23810        0.37092   2   6
        0.23810        0.38377   2   7
        0.28571        0.05595   2   1
        0.28571        0.08824   2   2
        0.28571        0.22388   2   3
        0.28571        0.25537   2   4
        0.28571        0.33683   2   5
        0.28571        0.36944   2   6
        0.28571        0.38445   2   7
        0.33333        0.05803   2   1
        0.33333        0.09125   2   2
        0.33333        0.22407   2   3
        0.33333        0.25352   2   4
        0.33333        0.34323   2   5
        0.33333        0.36763   2   6
        0.33333        0.38520   2   7
        0.38095        0.06020   2   1
        0.38095        0.09440   2   2
        0.38095        0.22427   2   3
        0.38095        0.25167   2   4
        0.38095        0.35027   2   5
        0.38095        0.36553   2   6
        0.38095        0.38598   2   7
        0.42857        0.06242   2   1
        0.42857        0.09760   2   2
        0.42857        0.22438   2   3
        0.42857        0.24997   2   4
        0.42857        0.35773   2   5
        0.42857        0.36323   2   6
        0.42857        0.38680   2   7
        0.47619        0.06463   2   1
        0.47619        0.10077   2   2
        0.47619        0.22422   2   3
        0.47619        0.24864   2   4
        0.47619        0.36080   2   5
        0.47619        0.36541   2   6
        0.47619        0.38770   2   7
        0.52381        0.06679   2   1
        0.52381        0.10381   2   2
        0.52381        0.22361   2   3
        0.52381        0.24787   2   4
        0.52381        0.35829   2   5
        0.52381        0.37308   2   6
        0.52381        0.38873   2   7
        0.57143        0.06886   2   1
        0.57143        0.10666   2   2
        0.57143        0.22246   2   3
        0.57143        0.24776   2   4
        0.57143        0.35579   2   5
        0.57143        0.38053   2   6
        0.57143        0.38994   2   7
        0.61905        0.07080   2   1
        0.61905        0.10928   2   2
        0.61905        0.22080   2   3
        0.61905        0.24828   2   4
        0.61905        0.35333   2   5
        0.61905        0.38756   2   6
        0.61905        0.39131   2   7
        0.66667        0.07256   2   1
        0.66667        0.11161   2   2
        0.66667        0.21878   2   3
        0.66667        0.24927   2   4
        0.66667        0.35100   2   5
        0.66667        0.39281   2   6
        0.66667        0.39401   2   7
        0.71429        0.07411   2   1
        0.71429        0.11363   2   2
        0.71429        0.21659   2   3
        0.71429        0.25054   2   4
        0.71429        0.34884   2   5
        0.71429        0.39438   2   6
        0.71429        0.39974   2   7
        0.76190        0.07545   2   1
        0.76190        0.11534   2   2
        0.76190        0.21441   2   3
        0.76190        0.25190   2   4
        0.76190        0.34691   2   5
        0.76190        0.39590   2   6
        0.76190        0.40465   2   7
        0.80952        0.07654   2   1
        0.80952        0.11673   2   2
        0.80952        0.21240   2   3
        0.80952        0.25321   2   4
        0.80952        0.34525   2   5
        0.80952        0.39729   2   6
        0.80952        0.40868   2   7
        0.85714        0.07739   2   1
        0.85714        0.11780   2   2
        0.85714        0.21069   2   3
        0.85714        0.25434   2   4
        0.85714        0.34393   2   5
        0.85714        0.39845   2   6
        0.85714        0.41181   2   7
        0.90476        0.07799   2   1
        0.90476        0.11856   2   2
        0.90476        0.20939   2   3
        0.90476        0.25521   2   4
        0.90476        0.34296   2   5
        0.90476        0.39933   2   6
        0.90476        0.41404   2   7
        0.95238        0.07835   2   1
        0.95238        0.11901   2   2
        0.95238        0.20857   2   3
        0.95238        0.25576   2   4
        0.95238        0.34237   2   5
        0.95238        0.39988   2   6
        0.95238        0.41538   2   7
        1.00000        0.07847   2   1
        1.00000        0.11916   2   2
        1.00000        0.20829   2   3
        1.00000        0.25595   2   4
        1.00000        0.34218   2   5
        1.00000        0.40007   2   6
        1.00000        0.41582   2   7
        1.00000        0.07847   2   1
        1.00000        0.11916   2   2
        1.00000        0.20829   2   3
        1.00000        0.25595   2   4
        1.00000        0.34218   2   5
        1.00000        0.40007   2   6
        1.00000        0.41582   2   7
        1.05893        0.07839   2   1
        1.05893        0.11906   2   2
        1.05893        0.20853   2   3
        1.05893        0.25597   2   4
        1.05893        0.34270   2   5
        1.05893        0.39984   2   6
        1.05893        0.41581   2   7
        1.11785        0.07815   2   1
        1.11785        0.11873   2   2
        1.11785        0.20921   2   3
        1.11785        0.25601   2   4
        1.11785        0.34421   2   5
        1.11785        0.39915   2   6
        1.11785        0.41583   2   7
        1.17678        0.07774   2   1
        1.17678        0.11817   2   2
        1.17678        0.21026   2   3
        1.17678        0.25606   2   4
        1.17678        0.34658   2   5
        1.17678        0.39802   2   6
        1.17678        0.41596   2   7
        1.23570        0.07715   2   1
        1.23570        0.11736   2   2
        1.23570        0.21161   2   3
        1.23570        0.25607   2   4
        1.23570        0.34958   2   5
        1.23570        0.39650   2   6
        1.23570        0.41634   2   7
        1.29463        0.07636   2   1
        1.29463        0.11631   2   2
        1.29463        0.21322   2   3
        1.29463        0.25599   2   4
        1.29463        0.35290   2   5
        1.29463        0.39465   2   6
        1.29463        0.41708   2   7
        1.35355        0.07538   2   1
        1.35355        0.11500   2   2
        1.35355        0.21509   2   3
        1.35355        0.25579   2   4
        1.35355        0.35619   2   5
        1.35355        0.39256   2   6
        1.35355        0.41825   2   7
        1.35355        0.05778   2   1
        1.35355        0.09506   2   2
        1.35355        0.23268   2   3
        1.35355        0.25991   2   4
        1.35355        0.38466   2   5
        1.35355        0.40508   2   6
        1.35355        0.42422   2   7
        1.40177        0.05916   2   1
        1.40177        0.09846   2   2
        1.40177        0.23203   2   3
        1.40177        0.25925   2   4
        1.40177        0.38108   2   5
        1.40177        0.40439   2   6
        1.40177        0.42086   2   7
        1.44998        0.06051   2   1
        1.44998        0.10176   2   2
        1.44998        0.23133   2   3
        1.44998        0.25845   2   4
        1.44998        0.37748   2   5
        1.44998        0.40368   2   6
        1.44998        0.41712   2   7
        1.49819        0.06176   2   1
        1.49819        0.10479   2   2
        1.49819        0.23062   2   3
        1.49819        0.25753   2   4
        1.49819        0.37404   2   5
        1.49819        0.40292   2   6
        1.49819        0.41300   2   7
        1.54640        0.06284   2   1
        1.54640        0.10738   2   2
        1.54640        0.22993   2   3
        1.54640        0.25649   2   4
        1.54640        0.37091   2   5
        1.54640        0.40207   2   6
        1.54640        0.40851   2   7
        1.59461        0.06368   2   1
        1.59461        0.10943   2   2
        1.59461        0.22929   2   3
        1.59461        0.25537   2   4
        1.59461        0.36821   2   5
        1.59461        0.40114   2   6
        1.59461        0.40366   2   7
        1.64282        0.06421   2   1
        1.64282        0.11082   2   2
        1.64282        0.22870   2   3
        1.64282        0.25421   2   4
        1.64282        0.36603   2   5
        1.64282        0.39846   2   6
        1.64282        0.40010   2   7
        1.69104        0.06437   2   1
        1.69104        0.11148   2   2
        1.69104        0.22817   2   3
        1.69104        0.25310   2   4
        1.69104        0.36444   2   5
        1.69104        0.39292   2   6
        1.69104        0.39896   2   7
        1.73925        0.06417   2   1
        1.73925        0.11137   2   2
        1.73925        0.22768   2   3
        1.73925        0.25212   2   4
        1.73925        0.36344   2   5
        1.73925        0.38705   2   6
        1.73925        0.39770   2   7
        1.78746        0.06361   2   1
        1.78746        0.11051   2   2
        1.78746        0.22721   2   3
        1.78746        0.25136   2   4
        1.78746        0.36302   2   5
        1.78746        0.38088   2   6
        1.78746        0.39633   2   7
        1.83567        0.06275   2   1
        1.83567        0.10891   2   2
        1.83567        0.22673   2   3
        1.83567        0.25094   2   4
        1.83567        0.36315   2   5
        1.83567        0.37445   2   6
        1.83567        0.39483   2   7
        1.88388        0.06165   2   1
        1.88388        0.10666   2   2
        1.88388        0.22620   2   3
        1.88388        0.25091   2   4
        1.88388        0.36375   2   5
        1.88388        0.36783   2   6
        1.88388        0.39322   2   7
        1.93210        0.06039   2   1
        1.93210        0.10384   2   2
        1.93210        0.22565   2   3
        1.93210        0.25131   2   4
        1.93210        0.36109   2   5
        1.93210        0.36473   2   6
        1.93210        0.39153   2   7
        1.98031        0.05903   2   1
        1.98031        0.10058   2   2
        1.98031        0.22509   2   3
        1.98031        0.25209   2   4
        1.98031        0.35437   2   5
        1.98031        0.36600   2   6
        1.98031        0.38980   2   7
        2.02852        0.05762   2   1
        2.02852        0.09703   2   2
        2.02852        0.22459   2   3
        2.02852        0.25320   2   4
        2.02852        0.34782   2   5
        2.02852        0.36742   2   6
        2.02852        0.38811   2   7
        2.07673        0.05620   2   1
        2.07673        0.09335   2   2
        2.07673        0.22419   2   3
        2.07673        0.25451   2   4
        2.07673        0.34159   2   5
        2.07673        0.36888   2   6
        2.07673        0.38653   2   7
        2.12494        0.05477   2   1
        2.12494        0.08974   2   2
        2.12494        0.22391   2   3
        2.12494        0.25593   2   4
        2.12494        0.33585   2   5
        2.12494        0.37023   2   6
        2.12494        0.38516   2   7
        2.17315        0.05337   2   1
        2.17315        0.08639   2   2
        2.17315        0.22377   2   3
        2.17315        0.25734   2   4
        2.17315        0.33076   2   5
        2.17315        0.37138   2   6
        2.17315        0.38407   2   7
        2.22137        0.05201   2   1
        2.22137        0.08348   2   2
        2.22137        0.22374   2   3
        2.22137        0.25864   2   4
        2.22137        0.32645   2   5
        2.22137        0.37223   2   6
        2.22137        0.38333   2   7
        2.26958        0.05076   2   1
        2.26958        0.08114   2   2
        2.26958        0.22378   2   3
        2.26958        0.25975   2   4
        2.26958        0.32302   2   5
        2.26958        0.37278   2   6
        2.26958        0.38290   2   7
        2.31779        0.04974   2   1
        2.31779        0.07945   2   2
        2.31779        0.22385   2   3
        2.31779        0.26058   2   4
        2.31779        0.32053   2   5
        2.31779        0.37307   2   6
        2.31779        0.38272   2   7
        2.36600        0.04907   2   1
        2.36600        0.07843   2   2
        2.36600        0.22391   2   3
        2.36600        0.26111   2   4
        2.36600        0.31903   2   5
        2.36600        0.37320   2   6
        2.36600        0.38267   2   7
        2.41421        0.04883   2   1
        2.41421        0.07810   2   2
        2.41421        0.22394   2   3
        2.41421        0.26128   2   4
        2.41421        0.31852   2   5
        2.41421        0.37323   2   6
        2.41421        0.38267   2   7
        2.41421        0.04883   2   1
        2.41421        0.07810   2   2
        2.41421        0.22394   2   3
        2.41421        0.26128   2   4
        2.41421        0.31852   2   5
        2.41421        0.37323   2   6
        2.41421        0.38267   2   7
        2.46233        0.04901   2   1
        2.46233        0.07835   2   2
        2.46233        0.22392   2   3
        2.46233        0.26113   2   4
        2.46233        0.31922   2   5
        2.46233        0.37323   2   6
        2.46233        0.38269   2   7
        2.51044        0.04952   2   1
        2.51044        0.07911   2   2
        2.51044        0.22387   2   3
        2.51044        0.26069   2   4
        2.51044        0.32130   2   5
        2.51044        0.37321   2   6
        2.51044        0.38280   2   7
        2.55855        0.05031   2   1
        2.55855        0.08034   2   2
        2.55855        0.22382   2   3
        2.55855        0.25998   2   4
        2.55855        0.32467   2   5
        2.55855        0.37320   2   6
        2.55855        0.38305   2   7
        2.60666        0.05130   2   1
        2.60666        0.08204   2   2
        2.60666        0.22382   2   3
        2.60666        0.25905   2   4
        2.60666        0.32913   2   5
        2.60666        0.37322   2   6
        2.60666        0.38355   2   7
        2.65478        0.05240   2   1
        2.65478        0.08415   2   2
        2.65478        0.22390   2   3
        2.65478        0.25795   2   4
        2.65478        0.33439   2   5
        2.65478        0.37338   2   6
        2.65478        0.38438   2   7
        2.70289        0.05355   2   1
        2.70289        0.08659   2   2
        2.70289        0.22409   2   3
        2.70289        0.25676   2   4
        2.70289        0.33999   2   5
        2.70289        0.37393   2   6
        2.70289        0.38561   2   7
        2.75100        0.05468   2   1
        2.75100        0.08928   2   2
        2.75100        0.22443   2   3
        2.75100        0.25558   2   4
        2.75100        0.34523   2   5
        2.75100        0.37534   2   6
        2.75100        0.38728   2   7
        2.79911        0.05578   2   1
        2.79911        0.09213   2   2
        2.79911        0.22490   2   3
        2.79911        0.25451   2   4
        2.79911        0.34929   2   5
        2.79911        0.37817   2   6
        2.79911        0.38941   2   7
        2.84723        0.05684   2   1
        2.84723        0.09502   2   2
        2.84723        0.22550   2   3
        2.84723        0.25362   2   4
        2.84723        0.35169   2   5
        2.84723        0.38249   2   6
        2.84723        0.39210   2   7
        2.89534        0.05785   2   1
        2.89534        0.09787   2   2
        2.89534        0.22619   2   3
        2.89534        0.25299   2   4
        2.89534        0.35267   2   5
        2.89534        0.38746   2   6
        2.89534        0.39564   2   7
        2.94345        0.05880   2   1
        2.94345        0.10058   2   2
        2.94345        0.22693   2   3
        2.94345        0.25264   2   4
        2.94345        0.35279   2   5
        2.94345        0.39176   2   6
        2.94345        0.40046   2   7
        2.99156        0.05971   2   1
        2.99156        0.10309   2   2
        2.99156        0.22770   2   3
        2.99156        0.25258   2   4
        2.99156        0.35249   2   5
        2.99156        0.39499   2   6
        2.99156        0.40620   2   7
        3.03968        0.06054   2   1
        3.03968        0.10532   2   2
        3.03968        0.22844   2   3
        3.03968        0.25274   2   4
        3.03968        0.35207   2   5
        3.03968        0.39751   2   6
        3.03968        0.41193   2   7
        3.08779        0.06127   2   1
        3.08779        0.10724   2   2
        3.08779        0.22912   2   3
        3.08779        0.25306   2   4
        3.08779        0.35165   2   5
        3.08779        0.39954   2   6
        3.08779        0.41706   2   7
        3.13590        0.06189   2   1
        3.13590        0.10878   2   2
        3.13590        0.22971   2   3
        3.13590        0.25344   2   4
        3.13590        0.35132   2   5
        3.13590        0.40114   2   6
        3.13590        0.42124   2   7
        3.18401        0.06235   2   1
        3.18401        0.10991   2   2
        3.18401        0.23016   2   3
        3.18401        0.25379   2   4
        3.18401        0.35108   2   5
        3.18401        0.40229   2   6
        3.18401        0.42432   2   7
        3.23213        0.06264   2   1
        3.23213        0.11060   2   2
        3.23213        0.23045   2   3
        3.23213        0.25404   2   4
        3.23213        0.35095   2   5
        3.23213        0.40299   2   6
        3.23213        0.42619   2   7
        3.28024        0.06274   2   1
        3.28024        0.11083   2   2
        3.28024        0.23055   2   3
        3.28024        0.25413   2   4
        3.28024        0.35090   2   5
        3.28024        0.40322   2   6
        3.28024        0.42682   2   7
        3.28024        0.06274   2   1
        3.28024        0.11083   2   2
        3.28024        0.23055   2   3
        3.28024        0.25413   2   4
        3.28024        0.35090   2   5
        3.28024        0.40322   2   6
        3.28024        0.42682   2   7
        3.33075        0.06280   2   1
        3.33075        0.11075   2   2
        3.33075        0.23053   2   3
        3.33075        0.25413   2   4
        3.33075        0.35122   2   5
        3.33075        0.40311   2   6
        3.33075        0.42663   2   7
        3.38125        0.06298   2   1
        3.38125        0.11051   2   2
        3.38125        0.23048   2   3
        3.38125        0.25415   2   4
        3.38125        0.35219   2   5
        3.38125        0.40279   2   6
        3.38125        0.42609   2   7
        3.43176        0.06326   2   1
        3.43176        0.11011   2   2
        3.43176        0.23036   2   3
        3.43176        0.25421   2   4
        3.43176        0.35377   2   5
        3.43176        0.40230   2   6
        3.43176        0.42524   2   7
        3.48227        0.06361   2   1
        3.48227        0.10957   2   2
        3.48227        0.23013   2   3
        3.48227        0.25433   2   4
        3.48227        0.35591   2   5
        3.48227        0.40173   2   6
        3.48227        0.42419   2   7
        3.53278        0.06400   2   1
        3.53278        0.10889   2   2
        3.53278        0.22976   2   3
        3.53278        0.25454   2   4
        3.53278        0.35849   2   5
        3.53278        0.40116   2   6
        3.53278        0.42303   2   7
        3.58328        0.06441   2   1
        3.58328        0.10810   2   2
        3.58328        0.22926   2   3
        3.58328        0.25487   2   4
        3.58328        0.36131   2   5
        3.58328        0.40070   2   6
        3.58328        0.42191   2   7
        3.63379        0.06482   2   1
        3.63379        0.10723   2   2
        3.63379        0.22865   2   3
        3.63379        0.25530   2   4
        3.63379        0.36417   2   5
        3.63379        0.40045   2   6
        3.63379        0.42098   2   7
        3.68430        0.06519   2   1
        3.68430        0.10632   2   2
        3.68430        0.22799   2   3
        3.68430        0.25582   2   4
        3.68430        0.36681   2   5
        3.68430        0.40047   2   6
        3.68430        0.42033   2   7
        3.73481        0.06552   2   1
        3.73481        0.10542   2   2
        3.73481        0.22735   2   3
        3.73481        0.25637   2   4
        3.73481        0.36905   2   5
        3.73481        0.40077   2   6
        3.73481        0.42004   2   7
        3.78532        0.06580   2   1
        3.78532        0.10457   2   2
        3.78532        0.22677   2   3
        3.78532        0.25691   2   4
        3.78532        0.37080   2   5
        3.78532        0.40129   2   6
        3.78532        0.42009   2   7
        3.83582        0.06603   2   1
        3.83582        0.10383   2   2
        3.83582        0.22630   2   3
        3.83582        0.25740   2   4
        3.83582        0.37204   2   5
        3.83582        0.40189   2   6
        3.83582        0.42039   2   7
        3.88633        0.06619   2   1
        3.88633        0.10326   2   2
        3.88633        0.22595   2   3
        3.88633        0.25778   2   4
        3.88633        0.37284   2   5
        3.88633        0.40244   2   6
        3.88633        0.42077   2   7
        3.93684        0.06629   2   1
        3.93684        0.10290   2   2
        3.93684        0.22575   2   3
        3.93684        0.25803   2   4
        3.93684        0.37328   2   5
        3.93684        0.40282   2   6
        3.93684        0.42109   2   7
        3.98735        0.06632   2   1
        3.98735        0.10278   2   2
        3.98735        0.22568   2   3
        3.98735        0.25811   2   4
        3.98735        0.37342   2   5
        3.98735        0.40296   2   6
        3.98735        0.42121   2   7
        3.98735        0.06632   2   1
        3.98735        0.10278   2   2
        3.98735        0.22568   2   3
        3.98735        0.25811   2   4
        3.98735        0.37342   2   5
        3.98735        0.40296   2   6
        3.98735        0.42121   2   7
        4.03735        0.06850   2   1
        4.03735        0.10578   2   2
        4.03735        0.22323   2   3
        4.03735        0.25760   2   4
        4.03735        0.36930   2   5
        4.03735        0.40248   2   6
        4.03735        0.41989   2   7
        4.08735        0.07054   2   1
        4.08735        0.10857   2   2
        4.08735        0.22068   2   3
        4.08735        0.25716   2   4
        4.08735        0.36519   2   5
        4.08735        0.40205   2   6
        4.08735        0.41881   2   7
        4.13735        0.07241   2   1
        4.13735        0.11107   2   2
        4.13735        0.21814   2   3
        4.13735        0.25681   2   4
        4.13735        0.36110   2   5
        4.13735        0.40166   2   6
        4.13735        0.41793   2   7
        4.18735        0.07405   2   1
        4.18735        0.11325   2   2
        4.18735        0.21574   2   3
        4.18735        0.25654   2   4
        4.18735        0.35709   2   5
        4.18735        0.40130   2   6
        4.18735        0.41721   2   7
        4.23735        0.07543   2   1
        4.23735        0.11509   2   2
        4.23735        0.21358   2   3
        4.23735        0.25634   2   4
        4.23735        0.35323   2   5
        4.23735        0.40097   2   6
        4.23735        0.41666   2   7
        4.28735        0.07655   2   1
        4.28735        0.11658   2   2
        4.28735        0.21174   2   3
        4.28735        0.25618   2   4
        4.28735        0.34967   2   5
        4.28735        0.40067   2   6
        4.28735        0.41626   2   7
        4.33735        0.07741   2   1
        4.33735        0.11772   2   2
        4.33735        0.21026   2   3
        4.33735        0.25608   2   4
        4.33735        0.34660   2   5
        4.33735        0.40042   2   6
        4.33735        0.41601   2   7
        4.38735        0.07800   2   1
        4.38735        0.11853   2   2
        4.38735        0.20917   2   3
        4.38735        0.25600   2   4
        4.38735        0.34422   2   5
        4.38735        0.40023   2   6
        4.38735        0.41588   2   7
        4.43735        0.07835   2   1
        4.43735        0.11901   2   2
        4.43735        0.20851   2   3
        4.43735        0.25596   2   4
        4.43735        0.34270   2   5
        4.43735        0.40011   2   6
        4.43735        0.41584   2   7
        4.48735        0.07847   2   1
        4.48735        0.11916   2   2
        4.48735        0.20829   2   3
        4.48735        0.25595   2   4
        4.48735        0.34218   2   5
        4.48735        0.40007   2   6
        4.48735        0.41582   2   7
