        0.00000       -0.73700   1   1
        0.00000       -0.57808   1   2
        0.00000       -0.47548   1   3
        0.00000       -0.36963   1   4
        0.00000       -0.36230   1   5
        0.00000        0.01198   1   6
        0.00000        0.08963   1   7
        0.04762       -0.73699   1   1
        0.04762       -0.57807   1   2
        0.04762       -0.47548   1   3
        0.04762       -0.36963   1   4
        0.04762       -0.36225   1   5
        0.04762        0.01211   1   6
        0.04762        0.08959   1   7
        0.09524       -0.73694   1   1
        0.09524       -0.57806   1   2
        0.09524       -0.47549   1   3
        0.09524       -0.36964   1   4
        0.09524       -0.36209   1   5
        0.09524        0.01250   1   6
        0.09524        0.08948   1   7
        0.14286       -0.73686   1   1
        0.14286       -0.57804   1   2
        0.14286       -0.47551   1   3
        0.14286       -0.36967   1   4
        0.14286       -0.36184   1   5
        0.14286        0.01311   1   6
        0.14286        0.08931   1   7
        0.19048       -0.73679   1   1
        0.19048       -0.57801   1   2
        0.19048       -0.47555   1   3
        0.19048       -0.36972   1   4
        0.19048       -0.36152   1   5
        0.19048        0.01392   1   6
        0.19048        0.08910   1   7
        0.23810       -0.73672   1   1
        0.23810       -0.57796   1   2
        0.23810       -0.47560   1   3
        0.23810       -0.36978   1   4
        0.23810       -0.36115   1   5
        0.23810        0.01487   1   6
        0.23810        0.08885   1   7
        0.28571       -0.73666   1   1
        0.28571       -0.57791   1   2
        0.28571       -0.47568   1   3
        0.28571       -0.36987   1   4
        0.28571       -0.36073   1   5
        0.28571        0.01594   1   6
        0.28571        0.08858   1   7
        0.33333       -0.73661   1   1
        0.33333       -0.57785   1   2
        0.33333       -0.47578   1   3
        0.33333       -0.36998   1   4
        0.33333       -0.36029   1   5
        0.33333        0.01708   1   6
        0.33333        0.08830   1   7
        0.38095       -0.73656   1   1
        0.38095       -0.57779   1   2
        0.38095       -0.47588   1   3
        0.38095       -0.37009   1   4
        0.38095       -0.35982   1   5
        0.38095        0.01826   1   6
        0.38095        0.08804   1   7
        0.42857       -0.73650   1   1
        0.42857       -0.57773   1   2
        0.42857       -0.47598   1   3
        0.42857       -0.37021   1   4
        0.42857       -0.35934   1   5
        0.42857        0.01946   1   6
        0.42857        0.08778   1   7
        0.47619       -0.73643   1   1
        0.47619       -0.57767   1   2
        0.47619       -0.47608   1   3
        0.47619       -0.37033   1   4
        0.47619       -0.35884   1   5
        0.47619        0.02065   1   6
        0.47619        0.08754   1   7
        0.52381       -0.73635   1   1
        0.52381       -0.57762   1   2
        0.52381       -0.47617   1   3
        0.52381       -0.37044   1   4
        0.52381       -0.35835   1   5
        0.52381        0.02180   1   6
        0.52381        0.08732   1   7
        0.57143       -0.73626   1   1
        0.57143       -0.57758   1   2
        0.57143       -0.47625   1   3
        0.57143       -0.37054   1   4
        0.57143       -0.35788   1   5
        0.57143        0.02289   1   6
        0.57143        0.08711   1   7
        0.61905       -0.73617   1   1
        0.61905       -0.57754   1   2
        0.61905       -0.47631   1   3
        0.61905       -0.37063   1   4
        0.61905       -0.35744   1   5
        0.61905        0.02391   1   6
        0.61905        0.08692   1   7
        0.66667       -0.73608   1   1
        0.66667       -0.57751   1   2
        0.66667       -0.47637   1   3
        0.66667       -0.37071   1   4
        0.66667       -0.35703   1   5
        0.66667        0.02483   1   6
        0.66667        0.08673   1   7
        0.71429       -0.73600   1   1
        0.71429       -0.57749   1   2
        0.71429       -0.47642   1   3
        0.71429       -0.37077   1   4
        0.71429       -0.35667   1   5
        0.71429        0.02566   1   6
        0.71429        0.08656   1   7
        0.76190       -0.73593   1   1
        0.76190       -0.57748   1   2
        0.76190       -0.47646   1   3
        0.76190       -0.37083   1   4
        0.76190       -0.35636   1   5
        0.76190        0.02636   1   6
        0.76190        0.08641   1   7
        0.80952       -0.73588   1   1
        0.80952       -0.57747   1   2
        0.80952       -0.47650   1   3
        0.80952       -0.37089   1   4
        0.80952       -0.35610   1   5
        0.80952        0.02695   1   6
        0.80952        0.08627   1   7
        0.85714       -0.73583   1   1
        0.85714       -0.57746   1   2
        0.85714       -0.47653   1   3
        0.85714       -0.37093   1   4
        0.85714       -0.35590   1   5
        0.85714        0.02741   1   6
        0.85714        0.08615   1   7
        0.90476       -0.73580   1   1
        0.90476       -0.57745   1   2
        0.90476       -0.47655   1   3
        0.90476       -0.37096   1   4
        0.90476       -0.35576   1   5
        0.90476        0.02774   1   6
        0.90476        0.08606   1   7
        0.95238       -0.73578   1   1
        0.95238       -0.57745   1   2
        0.95238       -0.47657   1   3
        0.95238       -0.37097   1   4
        0.95238       -0.35567   1   5
        0.95238        0.02794   1   6
        0.95238        0.08601   1   7
        1.00000       -0.73577   1   1
        1.00000       -0.57745   1   2
        1.00000       -0.47657   1   3
        1.00000       -0.37098   1   4
        1.00000       -0.35564   1   5
        1.00000        0.02801   1   6
        1.00000        0.08599   1   7
        1.00000       -0.73577   1   1
        1.00000       -0.57745   1   2
        1.00000       -0.47657   1   3
        1.00000       -0.37098   1   4
        1.00000       -0.35564   1   5
        1.00000        0.02801   1   6
        1.00000        0.08599   1   7
        1.05893       -0.73571   1   1
        1.05893       -0.57753   1   2
        1.05893       -0.47647   1   3
        1.05893       -0.37090   1   4
        1.05893       -0.35567   1   5
        1.05893        0.02796   1   6
        1.05893        0.08601   1   7
        1.11785       -0.73563   1   1
        1.11785       -0.57763   1   2
        1.11785       -0.47633   1   3
        1.11785       -0.37077   1   4
        1.11785       -0.35569   1   5
        1.11785        0.02782   1   6
        1.11785        0.08610   1   7
        1.17678       -0.73556   1   1
        1.17678       -0.57773   1   2
        1.17678       -0.47617   1   3
        1.17678       -0.37063   1   4
        1.17678       -0.35570   1   5
        1.17678        0.02757   1   6
        1.17678        0.08623   1   7
        1.23570       -0.73553   1   1
        1.23570       -0.57780   1   2
        1.23570       -0.47604   1   3
        1.23570       -0.37049   1   4
        1.23570       -0.35570   1   5
        1.23570        0.02722   1   6
        1.23570        0.08642   1   7
        1.29463       -0.73554   1   1
        1.29463       -0.57784   1   2
        1.29463       -0.47593   1   3
        1.29463       -0.37038   1   4
        1.29463       -0.35569   1   5
        1.29463        0.02677   1   6
        1.29463        0.08667   1   7
        1.35355       -0.73559   1   1
        1.35355       -0.57785   1   2
        1.35355       -0.47586   1   3
        1.35355       -0.37030   1   4
        1.35355       -0.35568   1   5
        1.35355        0.02622   1   6
        1.35355        0.08698   1   7
        1.35355       -0.73626   1   1
        1.35355       -0.57767   1   2
        1.35355       -0.47535   1   3
        1.35355       -0.36941   1   4
        1.35355       -0.35450   1   5
        1.35355        0.01685   1   6
        1.35355        0.09140   1   7
        1.40177       -0.73621   1   1
        1.40177       -0.57765   1   2
        1.40177       -0.47545   1   3
        1.40177       -0.36954   1   4
        1.40177       -0.35465   1   5
        1.40177        0.01800   1   6
        1.40177        0.09118   1   7
        1.44998       -0.73617   1   1
        1.44998       -0.57764   1   2
        1.44998       -0.47554   1   3
        1.44998       -0.36966   1   4
        1.44998       -0.35484   1   5
        1.44998        0.01911   1   6
        1.44998        0.09092   1   7
        1.49819       -0.73612   1   1
        1.49819       -0.57764   1   2
        1.49819       -0.47562   1   3
        1.49819       -0.36977   1   4
        1.49819       -0.35506   1   5
        1.49819        0.02014   1   6
        1.49819        0.09064   1   7
        1.54640       -0.73608   1   1
        1.54640       -0.57764   1   2
        1.54640       -0.47569   1   3
        1.54640       -0.36987   1   4
        1.54640       -0.35532   1   5
        1.54640        0.02104   1   6
        1.54640        0.09033   1   7
        1.59461       -0.73604   1   1
        1.59461       -0.57765   1   2
        1.59461       -0.47575   1   3
        1.59461       -0.36994   1   4
        1.59461       -0.35562   1   5
        1.59461        0.02177   1   6
        1.59461        0.09001   1   7
        1.64282       -0.73602   1   1
        1.64282       -0.57767   1   2
        1.64282       -0.47579   1   3
        1.64282       -0.37000   1   4
        1.64282       -0.35596   1   5
        1.64282        0.02229   1   6
        1.64282        0.08968   1   7
        1.69104       -0.73601   1   1
        1.69104       -0.57768   1   2
        1.69104       -0.47581   1   3
        1.69104       -0.37004   1   4
        1.69104       -0.35633   1   5
        1.69104        0.02256   1   6
        1.69104        0.08937   1   7
        1.73925       -0.73601   1   1
        1.73925       -0.57771   1   2
        1.73925       -0.47581   1   3
        1.73925       -0.37005   1   4
        1.73925       -0.35674   1   5
        1.73925        0.02258   1   6
        1.73925        0.08907   1   7
        1.78746       -0.73603   1   1
        1.78746       -0.57773   1   2
        1.78746       -0.47580   1   3
        1.78746       -0.37005   1   4
        1.78746       -0.35718   1   5
        1.78746        0.02234   1   6
        1.78746        0.08881   1   7
        1.83567       -0.73607   1   1
        1.83567       -0.57776   1   2
        1.83567       -0.47578   1   3
        1.83567       -0.37003   1   4
        1.83567       -0.35765   1   5
        1.83567        0.02187   1   6
        1.83567        0.08859   1   7
        1.88388       -0.73611   1   1
        1.88388       -0.57779   1   2
        1.88388       -0.47574   1   3
        1.88388       -0.36999   1   4
        1.88388       -0.35813   1   5
        1.88388        0.02118   1   6
        1.88388        0.08844   1   7
        1.93210       -0.73617   1   1
        1.93210       -0.57782   1   2
        1.93210       -0.47570   1   3
        1.93210       -0.36995   1   4
        1.93210       -0.35863   1   5
        1.93210        0.02032   1   6
        1.93210        0.08835   1   7
        1.98031       -0.73624   1   1
        1.98031       -0.57786   1   2
        1.98031       -0.47566   1   3
        1.98031       -0.36990   1   4
        1.98031       -0.35914   1   5
        1.98031        0.01933   1   6
        1.98031        0.08834   1   7
        2.02852       -0.73632   1   1
        2.02852       -0.57789   1   2
        2.02852       -0.47562   1   3
        2.02852       -0.36985   1   4
        2.02852       -0.35964   1   5
        2.02852        0.01826   1   6
        2.02852        0.08839   1   7
        2.07673       -0.73641   1   1
        2.07673       -0.57793   1   2
        2.07673       -0.47559   1   3
        2.07673       -0.36980   1   4
        2.07673       -0.36014   1   5
        2.07673        0.01713   1   6
        2.07673        0.08852   1   7
        2.12494       -0.73652   1   1
        2.12494       -0.57796   1   2
        2.12494       -0.47556   1   3
        2.12494       -0.36976   1   4
        2.12494       -0.36062   1   5
        2.12494        0.01601   1   6
        2.12494        0.08869   1   7
        2.17315       -0.73663   1   1
        2.17315       -0.57799   1   2
        2.17315       -0.47553   1   3
        2.17315       -0.36972   1   4
        2.17315       -0.36107   1   5
        2.17315        0.01494   1   6
        2.17315        0.08890   1   7
        2.22137       -0.73674   1   1
        2.22137       -0.57802   1   2
        2.22137       -0.47551   1   3
        2.22137       -0.36969   1   4
        2.22137       -0.36148   1   5
        2.22137        0.01397   1   6
        2.22137        0.08911   1   7
        2.26958       -0.73685   1   1
        2.26958       -0.57804   1   2
        2.26958       -0.47550   1   3
        2.26958       -0.36966   1   4
        2.26958       -0.36182   1   5
        2.26958        0.01314   1   6
        2.26958        0.08932   1   7
        2.31779       -0.73693   1   1
        2.31779       -0.57806   1   2
        2.31779       -0.47549   1   3
        2.31779       -0.36964   1   4
        2.31779       -0.36208   1   5
        2.31779        0.01251   1   6
        2.31779        0.08948   1   7
        2.36600       -0.73699   1   1
        2.36600       -0.57807   1   2
        2.36600       -0.47548   1   3
        2.36600       -0.36963   1   4
        2.36600       -0.36225   1   5
        2.36600        0.01212   1   6
        2.36600        0.08959   1   7
        2.41421       -0.73700   1   1
        2.41421       -0.57808   1   2
        2.41421       -0.47548   1   3
        2.41421       -0.36963   1   4
        2.41421       -0.36230   1   5
        2.41421        0.01198   1   6
        2.41421        0.08963   1   7
        2.41421       -0.73700   1   1
        2.41421       -0.57808   1   2
        2.41421       -0.47548   1   3
        2.41421       -0.36963   1   4
        2.41421       -0.36230   1   5
        2.41421        0.01198   1   6
        2.41421        0.08963   1   7
        2.46233       -0.73695   1   1
        2.46233       -0.57807   1   2
        2.46233       -0.47546   1   3
        2.46233       -0.36961   1   4
        2.46233       -0.36221   1   5
        2.46233        0.01207   1   6
        2.46233        0.08959   1   7
        2.51044       -0.73687   1   1
        2.51044       -0.57806   1   2
        2.51044       -0.47542   1   3
        2.51044       -0.36958   1   4
        2.51044       -0.36200   1   5
        2.51044        0.01235   1   6
        2.51044        0.08950   1   7
        2.55855       -0.73676   1   1
        2.55855       -0.57805   1   2
        2.55855       -0.47537   1   3
        2.55855       -0.36955   1   4
        2.55855       -0.36170   1   5
        2.55855        0.01278   1   6
        2.55855        0.08936   1   7
        2.60666       -0.73663   1   1
        2.60666       -0.57804   1   2
        2.60666       -0.47532   1   3
        2.60666       -0.36952   1   4
        2.60666       -0.36132   1   5
        2.60666        0.01336   1   6
        2.60666        0.08920   1   7
        2.65478       -0.73651   1   1
        2.65478       -0.57802   1   2
        2.65478       -0.47527   1   3
        2.65478       -0.36950   1   4
        2.65478       -0.36089   1   5
        2.65478        0.01406   1   6
        2.65478        0.08903   1   7
        2.70289       -0.73640   1   1
        2.70289       -0.57800   1   2
        2.70289       -0.47523   1   3
        2.70289       -0.36950   1   4
        2.70289       -0.36041   1   5
        2.70289        0.01485   1   6
        2.70289        0.08889   1   7
        2.75100       -0.73631   1   1
        2.75100       -0.57798   1   2
        2.75100       -0.47520   1   3
        2.75100       -0.36951   1   4
        2.75100       -0.35992   1   5
        2.75100        0.01570   1   6
        2.75100        0.08879   1   7
        2.79911       -0.73626   1   1
        2.79911       -0.57794   1   2
        2.79911       -0.47520   1   3
        2.79911       -0.36955   1   4
        2.79911       -0.35943   1   5
        2.79911        0.01659   1   6
        2.79911        0.08876   1   7
        2.84723       -0.73624   1   1
        2.84723       -0.57791   1   2
        2.84723       -0.47523   1   3
        2.84723       -0.36962   1   4
        2.84723       -0.35894   1   5
        2.84723        0.01749   1   6
        2.84723        0.08879   1   7
        2.89534       -0.73624   1   1
        2.89534       -0.57786   1   2
        2.89534       -0.47527   1   3
        2.89534       -0.36969   1   4
        2.89534       -0.35848   1   5
        2.89534        0.01837   1   6
        2.89534        0.08889   1   7
        2.94345       -0.73626   1   1
        2.94345       -0.57782   1   2
        2.94345       -0.47533   1   3
        2.94345       -0.36977   1   4
        2.94345       -0.35804   1   5
        2.94345        0.01922   1   6
        2.94345        0.08905   1   7
        2.99156       -0.73628   1   1
        2.99156       -0.57777   1   2
        2.99156       -0.47538   1   3
        2.99156       -0.36985   1   4
        2.99156       -0.35763   1   5
        2.99156        0.02001   1   6
        2.99156        0.08926   1   7
        3.03968       -0.73629   1   1
        3.03968       -0.57772   1   2
        3.03968       -0.47543   1   3
        3.03968       -0.36992   1   4
        3.03968       -0.35725   1   5
        3.03968        0.02073   1   6
        3.03968        0.08950   1   7
        3.08779       -0.73628   1   1
        3.08779       -0.57768   1   2
        3.08779       -0.47546   1   3
        3.08779       -0.36997   1   4
        3.08779       -0.35692   1   5
        3.08779        0.02136   1   6
        3.08779        0.08975   1   7
        3.13590       -0.73627   1   1
        3.13590       -0.57765   1   2
        3.13590       -0.47548   1   3
        3.13590       -0.37000   1   4
        3.13590       -0.35665   1   5
        3.13590        0.02187   1   6
        3.13590        0.08997   1   7
        3.18401       -0.73625   1   1
        3.18401       -0.57763   1   2
        3.18401       -0.47549   1   3
        3.18401       -0.37002   1   4
        3.18401       -0.35644   1   5
        3.18401        0.02225   1   6
        3.18401        0.09015   1   7
        3.23213       -0.73623   1   1
        3.23213       -0.57761   1   2
        3.23213       -0.47549   1   3
        3.23213       -0.37004   1   4
        3.23213       -0.35631   1   5
        3.23213        0.02248   1   6
        3.23213        0.09026   1   7
        3.28024       -0.73622   1   1
        3.28024       -0.57761   1   2
        3.28024       -0.47549   1   3
        3.28024       -0.37004   1   4
        3.28024       -0.35627   1   5
        3.28024        0.02256   1   6
        3.28024        0.09030   1   7
        3.28024       -0.73622   1   1
        3.28024       -0.57761   1   2
        3.28024       -0.47549   1   3
        3.28024       -0.37004   1   4
        3.28024       -0.35627   1   5
        3.28024        0.02256   1   6
        3.28024        0.09030   1   7
        3.33075       -0.73620   1   1
        3.33075       -0.57762   1   2
        3.33075       -0.47548   1   3
        3.33075       -0.37003   1   4
        3.33075       -0.35627   1   5
        3.33075        0.02254   1   6
        3.33075        0.09029   1   7
        3.38125       -0.73618   1   1
        3.38125       -0.57764   1   2
        3.38125       -0.47549   1   3
        3.38125       -0.37001   1   4
        3.38125       -0.35624   1   5
        3.38125        0.02248   1   6
        3.38125        0.09025   1   7
        3.43176       -0.73615   1   1
        3.43176       -0.57765   1   2
        3.43176       -0.47550   1   3
        3.43176       -0.36999   1   4
        3.43176       -0.35617   1   5
        3.43176        0.02238   1   6
        3.43176        0.09019   1   7
        3.48227       -0.73612   1   1
        3.48227       -0.57766   1   2
        3.48227       -0.47552   1   3
        3.48227       -0.36997   1   4
        3.48227       -0.35608   1   5
        3.48227        0.02225   1   6
        3.48227        0.09012   1   7
        3.53278       -0.73609   1   1
        3.53278       -0.57766   1   2
        3.53278       -0.47554   1   3
        3.53278       -0.36995   1   4
        3.53278       -0.35595   1   5
        3.53278        0.02210   1   6
        3.53278        0.09004   1   7
        3.58328       -0.73607   1   1
        3.58328       -0.57767   1   2
        3.58328       -0.47556   1   3
        3.58328       -0.36992   1   4
        3.58328       -0.35581   1   5
        3.58328        0.02192   1   6
        3.58328        0.08997   1   7
        3.63379       -0.73605   1   1
        3.63379       -0.57768   1   2
        3.63379       -0.47558   1   3
        3.63379       -0.36990   1   4
        3.63379       -0.35565   1   5
        3.63379        0.02174   1   6
        3.63379        0.08991   1   7
        3.68430       -0.73603   1   1
        3.68430       -0.57769   1   2
        3.68430       -0.47560   1   3
        3.68430       -0.36988   1   4
        3.68430       -0.35548   1   5
        3.68430        0.02155   1   6
        3.68430        0.08987   1   7
        3.73481       -0.73600   1   1
        3.73481       -0.57771   1   2
        3.73481       -0.47561   1   3
        3.73481       -0.36986   1   4
        3.73481       -0.35532   1   5
        3.73481        0.02137   1   6
        3.73481        0.08985   1   7
        3.78532       -0.73598   1   1
        3.78532       -0.57772   1   2
        3.78532       -0.47561   1   3
        3.78532       -0.36985   1   4
        3.78532       -0.35517   1   5
        3.78532        0.02121   1   6
        3.78532        0.08985   1   7
        3.83582       -0.73596   1   1
        3.83582       -0.57773   1   2
        3.83582       -0.47562   1   3
        3.83582       -0.36984   1   4
        3.83582       -0.35503   1   5
        3.83582        0.02107   1   6
        3.83582        0.08987   1   7
        3.88633       -0.73593   1   1
        3.88633       -0.57775   1   2
        3.88633       -0.47562   1   3
        3.88633       -0.36983   1   4
        3.88633       -0.35493   1   5
        3.88633        0.02097   1   6
        3.88633        0.08990   1   7
        3.93684       -0.73592   1   1
        3.93684       -0.57775   1   2
        3.93684       -0.47562   1   3
        3.93684       -0.36983   1   4
        3.93684       -0.35486   1   5
        3.93684        0.02091   1   6
        3.93684        0.08991   1   7
        3.98735       -0.73591   1   1
        3.98735       -0.57775   1   2
        3.98735       -0.47563   1   3
        3.98735       -0.36983   1   4
        3.98735       -0.35483   1   5
        3.98735        0.02088   1   6
        3.98735        0.08992   1   7
        3.98735       -0.73591   1   1
        3.98735       -0.57775   1   2
        3.98735       -0.47563   1   3
        3.98735       -0.36983   1   4
        3.98735       -0.35483   1   5
        3.98735        0.02088   1   6
        3.98735        0.08992   1   7
        4.03735       -0.73583   1   1
        4.03735       -0.57777   1   2
        4.03735       -0.47572   1   3
        4.03735       -0.36997   1   4
        4.03735       -0.35497   1   5
        4.03735        0.02216   1   6
        4.03735        0.08938   1   7
        4.08735       -0.73576   1   1
        4.08735       -0.57777   1   2
        4.08735       -0.47581   1   3
        4.08735       -0.37010   1   4
        4.08735       -0.35512   1   5
        4.08735        0.02335   1   6
        4.08735        0.08882   1   7
        4.13735       -0.73571   1   1
        4.13735       -0.57776   1   2
        4.13735       -0.47591   1   3
        4.13735       -0.37023   1   4
        4.13735       -0.35525   1   5
        4.13735        0.02443   1   6
        4.13735        0.08825   1   7
        4.18735       -0.73568   1   1
        4.18735       -0.57774   1   2
        4.18735       -0.47601   1   3
        4.18735       -0.37036   1   4
        4.18735       -0.35536   1   5
        4.18735        0.02539   1   6
        4.18735        0.08771   1   7
        4.23735       -0.73567   1   1
        4.23735       -0.57770   1   2
        4.23735       -0.47612   1   3
        4.23735       -0.37050   1   4
        4.23735       -0.35546   1   5
        4.23735        0.02620   1   6
        4.23735        0.08721   1   7
        4.28735       -0.73569   1   1
        4.28735       -0.57764   1   2
        4.28735       -0.47624   1   3
        4.28735       -0.37064   1   4
        4.28735       -0.35553   1   5
        4.28735        0.02686   1   6
        4.28735        0.08678   1   7
        4.33735       -0.73571   1   1
        4.33735       -0.57757   1   2
        4.33735       -0.47637   1   3
        4.33735       -0.37077   1   4
        4.33735       -0.35558   1   5
        4.33735        0.02737   1   6
        4.33735        0.08644   1   7
        4.38735       -0.73574   1   1
        4.38735       -0.57751   1   2
        4.38735       -0.47647   1   3
        4.38735       -0.37088   1   4
        4.38735       -0.35562   1   5
        4.38735        0.02773   1   6
        4.38735        0.08619   1   7
        4.43735       -0.73577   1   1
        4.43735       -0.57747   1   2
        4.43735       -0.47654   1   3
        4.43735       -0.37095   1   4
        4.43735       -0.35564   1   5
        4.43735        0.02794   1   6
        4.43735        0.08604   1   7
        4.48735       -0.73577   1   1
        4.48735       -0.57745   1   2
        4.48735       -0.47657   1   3
        4.48735       -0.37098   1   4
        4.48735       -0.35564   1   5
        4.48735        0.02801   1   6
        4.48735        0.08599   1   7
