    1      0.000000000000000      0.000000000000000      0.000000000000000     0.000000  <-- isyml= 001
    2      0.000000000000000     -0.047619047619048      0.000000000000000     0.047619 
    3      0.000000000000000     -0.095238095238095      0.000000000000000     0.095238 
    4      0.000000000000000     -0.142857142857143      0.000000000000000     0.142857 
    5      0.000000000000000     -0.190476190476190      0.000000000000000     0.190476 
    6      0.000000000000000     -0.238095238095238      0.000000000000000     0.238095 
    7      0.000000000000000     -0.285714285714286      0.000000000000000     0.285714 
    8      0.000000000000000     -0.333333333333333      0.000000000000000     0.333333 
    9      0.000000000000000     -0.380952380952381      0.000000000000000     0.380952 
   10      0.000000000000000     -0.428571428571429      0.000000000000000     0.428571 
   11      0.000000000000000     -0.476190476190476      0.000000000000000     0.476190 
   12      0.000000000000000     -0.523809523809524      0.000000000000000     0.523810 
   13      0.000000000000000     -0.571428571428571      0.000000000000000     0.571429 
   14      0.000000000000000     -0.619047619047619      0.000000000000000     0.619048 
   15      0.000000000000000     -0.666666666666667      0.000000000000000     0.666667 
   16      0.000000000000000     -0.714285714285714      0.000000000000000     0.714286 
   17      0.000000000000000     -0.761904761904762      0.000000000000000     0.761905 
   18      0.000000000000000     -0.809523809523810      0.000000000000000     0.809524 
   19      0.000000000000000     -0.857142857142857      0.000000000000000     0.857143 
   20      0.000000000000000     -0.904761904761905      0.000000000000000     0.904762 
   21      0.000000000000000     -0.952380952380952      0.000000000000000     0.952381 
   22      0.000000000000000     -1.000000000000000      0.000000000000000     1.000000 

   23      0.000000000000000     -1.000000000000000      0.000000000000000     1.000000  <-- isyml= 002
   24      0.041666666666667     -1.000000000000000     -0.041666666666667     1.058926 
   25      0.083333333333333     -1.000000000000000     -0.083333333333333     1.117851 
   26      0.125000000000000     -1.000000000000000     -0.125000000000000     1.176777 
   27      0.166666666666667     -1.000000000000000     -0.166666666666667     1.235702 
   28      0.208333333333333     -1.000000000000000     -0.208333333333333     1.294628 
   29      0.250000000000000     -1.000000000000000     -0.250000000000000     1.353553 

   30      0.750000000000000     -0.750000000000000      0.000000000000000     1.353553  <-- isyml= 003
   31      0.715909090909091     -0.715909090909091      0.000000000000000     1.401765 
   32      0.681818181818182     -0.681818181818182      0.000000000000000     1.449977 
   33      0.647727272727273     -0.647727272727273      0.000000000000000     1.498189 
   34      0.613636363636364     -0.613636363636364      0.000000000000000     1.546401 
   35      0.579545454545455     -0.579545454545455      0.000000000000000     1.594613 
   36      0.545454545454545     -0.545454545454545      0.000000000000000     1.642824 
   37      0.511363636363636     -0.511363636363636      0.000000000000000     1.691036 
   38      0.477272727272727     -0.477272727272727      0.000000000000000     1.739248 
   39      0.443181818181818     -0.443181818181818      0.000000000000000     1.787460 
   40      0.409090909090909     -0.409090909090909      0.000000000000000     1.835672 
   41      0.375000000000000     -0.375000000000000      0.000000000000000     1.883883 
   42      0.340909090909091     -0.340909090909091      0.000000000000000     1.932095 
   43      0.306818181818182     -0.306818181818182      0.000000000000000     1.980307 
   44      0.272727272727273     -0.272727272727273      0.000000000000000     2.028519 
   45      0.238636363636364     -0.238636363636364      0.000000000000000     2.076731 
   46      0.204545454545455     -0.204545454545455      0.000000000000000     2.124943 
   47      0.170454545454545     -0.170454545454545      0.000000000000000     2.173154 
   48      0.136363636363636     -0.136363636363636      0.000000000000000     2.221366 
   49      0.102272727272727     -0.102272727272727      0.000000000000000     2.269578 
   50      0.068181818181818     -0.068181818181818      0.000000000000000     2.317790 
   51      0.034090909090909     -0.034090909090909      0.000000000000000     2.366002 
   52      0.000000000000000      0.000000000000000      0.000000000000000     2.414214 

   53      0.000000000000000      0.000000000000000      0.000000000000000     2.414214  <-- isyml= 004
   54      0.027777777777778     -0.027777777777778     -0.027777777777778     2.462326 
   55      0.055555555555556     -0.055555555555556     -0.055555555555556     2.510439 
   56      0.083333333333333     -0.083333333333333     -0.083333333333333     2.558551 
   57      0.111111111111111     -0.111111111111111     -0.111111111111111     2.606664 
   58      0.138888888888889     -0.138888888888889     -0.138888888888889     2.654776 
   59      0.166666666666667     -0.166666666666667     -0.166666666666667     2.702889 
   60      0.194444444444444     -0.194444444444444     -0.194444444444444     2.751001 
   61      0.222222222222222     -0.222222222222222     -0.222222222222222     2.799114 
   62      0.250000000000000     -0.250000000000000     -0.250000000000000     2.847226 
   63      0.277777777777778     -0.277777777777778     -0.277777777777778     2.895339 
   64      0.305555555555556     -0.305555555555556     -0.305555555555556     2.943451 
   65      0.333333333333333     -0.333333333333333     -0.333333333333333     2.991564 
   66      0.361111111111111     -0.361111111111111     -0.361111111111111     3.039676 
   67      0.388888888888889     -0.388888888888889     -0.388888888888889     3.087789 
   68      0.416666666666667     -0.416666666666667     -0.416666666666667     3.135901 
   69      0.444444444444444     -0.444444444444444     -0.444444444444444     3.184014 
   70      0.472222222222222     -0.472222222222222     -0.472222222222222     3.232126 
   71      0.500000000000000     -0.500000000000000     -0.500000000000000     3.280239 

   72      0.500000000000000     -0.500000000000000     -0.500000000000000     3.280239  <-- isyml= 005
   73      0.500000000000000     -0.535714285714286     -0.464285714285714     3.330747 
   74      0.500000000000000     -0.571428571428571     -0.428571428571429     3.381254 
   75      0.500000000000000     -0.607142857142857     -0.392857142857143     3.431762 
   76      0.500000000000000     -0.642857142857143     -0.357142857142857     3.482269 
   77      0.500000000000000     -0.678571428571429     -0.321428571428571     3.532777 
   78      0.500000000000000     -0.714285714285714     -0.285714285714286     3.583285 
   79      0.500000000000000     -0.750000000000000     -0.250000000000000     3.633792 
   80      0.500000000000000     -0.785714285714286     -0.214285714285714     3.684300 
   81      0.500000000000000     -0.821428571428571     -0.178571428571429     3.734808 
   82      0.500000000000000     -0.857142857142857     -0.142857142857143     3.785315 
   83      0.500000000000000     -0.892857142857143     -0.107142857142857     3.835823 
   84      0.500000000000000     -0.928571428571429     -0.071428571428571     3.886330 
   85      0.500000000000000     -0.964285714285714     -0.035714285714286     3.936838 
   86      0.500000000000000     -1.000000000000000      0.000000000000000     3.987346 

   87      0.500000000000000     -1.000000000000000      0.000000000000000     3.987346  <-- isyml= 006
   88      0.450000000000000     -1.000000000000000      0.000000000000000     4.037346 
   89      0.400000000000000     -1.000000000000000      0.000000000000000     4.087346 
   90      0.350000000000000     -1.000000000000000      0.000000000000000     4.137346 
   91      0.300000000000000     -1.000000000000000      0.000000000000000     4.187346 
   92      0.250000000000000     -1.000000000000000      0.000000000000000     4.237346 
   93      0.200000000000000     -1.000000000000000      0.000000000000000     4.287346 
   94      0.150000000000000     -1.000000000000000      0.000000000000000     4.337346 
   95      0.100000000000000     -1.000000000000000      0.000000000000000     4.387346 
   96      0.050000000000000     -1.000000000000000      0.000000000000000     4.437346 
   97      0.000000000000000     -1.000000000000000      0.000000000000000     4.487346 

