    m    n    l ibas
     0     1     0     1     1     1
     0     2     0     1     2     2
    -1     1     1     1     3     3
     0     1     1     1     4     3
     1     1     1     1     5     3
    -1     2     1     1     6     4
     0     2     1     1     7     4
     1     2     1     1     8     4
    -1     3     1     1     9     5
     0     3     1     1    10     5
     1     3     1     1    11     5
    -2     1     2     1    12     6
    -1     1     2     1    13     6
     0     1     2     1    14     6
     1     1     2     1    15     6
     2     1     2     1    16     6
    -2     2     2     1    17     7
    -1     2     2     1    18     7
     0     2     2     1    19     7
     1     2     2     1    20     7
     2     2     2     1    21     7
    -3     1     3     1    22     8
    -2     1     3     1    23     8
    -1     1     3     1    24     8
     0     1     3     1    25     8
     1     1     3     1    26     8
     2     1     3     1    27     8
     3     1     3     1    28     8
    -3     2     3     1    29     9
    -2     2     3     1    30     9
    -1     2     3     1    31     9
     0     2     3     1    32     9
     1     2     3     1    33     9
     2     2     3     1    34     9
     3     2     3     1    35     9
    -4     1     4     1    36    10
    -3     1     4     1    37    10
    -2     1     4     1    38    10
    -1     1     4     1    39    10
     0     1     4     1    40    10
     1     1     4     1    41    10
     2     1     4     1    42    10
     3     1     4     1    43    10
     4     1     4     1    44    10
    -4     2     4     1    45    11
    -3     2     4     1    46    11
    -2     2     4     1    47    11
    -1     2     4     1    48    11
     0     2     4     1    49    11
     1     2     4     1    50    11
     2     2     4     1    51    11
     3     2     4     1    52    11
     4     2     4     1    53    11
