        0.00000       -0.56635   2   1
        0.00000       -0.00098   2   2
        0.00000       -0.00098   2   3
        0.00000       -0.00098   2   4
        0.00000        0.12883   2   5
        0.00000        0.12883   2   6
        0.00000        2.43327   2   7
        0.00000        2.43327   2   8
        0.00000        2.43327   2   9
        0.05000       -0.56214   2   1
        0.05000       -0.00106   2   2
        0.05000       -0.00106   2   3
        0.05000        0.00007   2   4
        0.05000        0.12680   2   5
        0.05000        0.12962   2   6
        0.05000        2.41033   2   7
        0.05000        2.41139   2   8
        0.05000        2.41139   2   9
        0.10000       -0.55031   2   1
        0.10000       -0.00129   2   2
        0.10000       -0.00129   2   3
        0.10000        0.00326   2   4
        0.10000        0.12089   2   5
        0.10000        0.13200   2   6
        0.10000        2.28985   2   7
        0.10000        2.34666   2   8
        0.10000        2.34666   2   9
        0.15000       -0.53272   2   1
        0.15000       -0.00161   2   2
        0.15000       -0.00161   2   3
        0.15000        0.00864   2   4
        0.15000        0.11145   2   5
        0.15000        0.13586   2   6
        0.15000        2.01790   2   7
        0.15000        2.24287   2   8
        0.15000        2.24287   2   9
        0.20000       -0.50933   2   1
        0.20000       -0.00184   2   2
        0.20000       -0.00184   2   3
        0.20000        0.01614   2   4
        0.20000        0.09857   2   5
        0.20000        0.14089   2   6
        0.20000        1.80033   2   7
        0.20000        2.10848   2   8
        0.20000        2.10848   2   9
        0.25000       -0.47608   2   1
        0.25000       -0.00154   2   2
        0.25000       -0.00154   2   3
        0.25000        0.02558   2   4
        0.25000        0.08213   2   5
        0.25000        0.14694   2   6
        0.25000        1.83898   2   7
        0.25000        1.95683   2   8
        0.25000        1.95683   2   9
        0.30000       -0.43499   2   1
        0.30000       -0.00003   2   2
        0.30000       -0.00003   2   3
        0.30000        0.03665   2   4
        0.30000        0.06226   2   5
        0.30000        0.15371   2   6
        0.30000        1.80392   2   7
        0.30000        1.80392   2   8
        0.30000        1.90509   2   9
        0.35000       -0.39424   2   1
        0.35000        0.00328   2   2
        0.35000        0.00328   2   3
        0.35000        0.03966   2   4
        0.35000        0.04910   2   5
        0.35000        0.16070   2   6
        0.35000        1.66388   2   7
        0.35000        1.66388   2   8
        0.35000        1.78403   2   9
        0.40000       -0.35833   2   1
        0.40000        0.00867   2   2
        0.40000        0.00867   2   3
        0.40000        0.01533   2   4
        0.40000        0.06266   2   5
        0.40000        0.16760   2   6
        0.40000        1.54329   2   7
        0.40000        1.54329   2   8
        0.40000        1.56265   2   9
        0.45000       -0.31702   2   1
        0.45000       -0.00995   2   2
        0.45000        0.01629   2   3
        0.45000        0.01629   2   4
        0.45000        0.07709   2   5
        0.45000        0.17687   2   6
        0.45000        1.43838   2   7
        0.45000        1.43838   2   8
        0.45000        1.45546   2   9
        0.50000       -0.26448   2   1
        0.50000       -0.03571   2   2
        0.50000        0.02642   2   3
        0.50000        0.02642   2   4
        0.50000        0.09207   2   5
        0.50000        0.19503   2   6
        0.50000        1.34004   2   7
        0.50000        1.34004   2   8
        0.50000        1.48991   2   9
        0.55000       -0.21966   2   1
        0.55000       -0.06145   2   2
        0.55000        0.03941   2   3
        0.55000        0.03941   2   4
        0.55000        0.10719   2   5
        0.55000        0.22469   2   6
        0.55000        1.24321   2   7
        0.55000        1.24321   2   8
        0.55000        1.52000   2   9
        0.60000       -0.19417   2   1
        0.60000       -0.08628   2   2
        0.60000        0.05531   2   3
        0.60000        0.05531   2   4
        0.60000        0.12208   2   5
        0.60000        0.26036   2   6
        0.60000        1.15077   2   7
        0.60000        1.15077   2   8
        0.60000        1.47293   2   9
        0.65000       -0.18229   2   1
        0.65000       -0.10921   2   2
        0.65000        0.07369   2   3
        0.65000        0.07369   2   4
        0.65000        0.13638   2   5
        0.65000        0.29899   2   6
        0.65000        1.06856   2   7
        0.65000        1.06856   2   8
        0.65000        1.41640   2   9
        0.70000       -0.17552   2   1
        0.70000       -0.12967   2   2
        0.70000        0.09385   2   3
        0.70000        0.09385   2   4
        0.70000        0.14975   2   5
        0.70000        0.35411   2   6
        0.70000        0.99818   2   7
        0.70000        0.99818   2   8
        0.70000        1.42882   2   9
        0.75000       -0.17337   2   1
        0.75000       -0.14759   2   2
        0.75000        0.11523   2   3
        0.75000        0.11523   2   4
        0.75000        0.16185   2   5
        0.75000        0.43622   2   6
        0.75000        0.93555   2   7
        0.75000        0.93555   2   8
        0.75000        1.49677   2   9
        0.80000       -0.17674   2   1
        0.80000       -0.16300   2   2
        0.80000        0.13717   2   3
        0.80000        0.13717   2   4
        0.80000        0.17229   2   5
        0.80000        0.52802   2   6
        0.80000        0.87685   2   7
        0.80000        0.87685   2   8
        0.80000        1.56009   2   9
        0.85000       -0.18244   2   1
        0.85000       -0.17557   2   2
        0.85000        0.15824   2   3
        0.85000        0.15824   2   4
        0.85000        0.18071   2   5
        0.85000        0.60769   2   6
        0.85000        0.82406   2   7
        0.85000        0.82406   2   8
        0.85000        1.59050   2   9
        0.90000       -0.18750   2   1
        0.90000       -0.18478   2   2
        0.90000        0.17596   2   3
        0.90000        0.17596   2   4
        0.90000        0.18686   2   5
        0.90000        0.67348   2   6
        0.90000        0.78328   2   7
        0.90000        0.78328   2   8
        0.90000        1.59079   2   9
        0.95000       -0.19089   2   1
        0.95000       -0.19029   2   2
        0.95000        0.18773   2   3
        0.95000        0.18773   2   4
        0.95000        0.19059   2   5
        0.95000        0.72747   2   6
        0.95000        0.75883   2   7
        0.95000        0.75883   2   8
        0.95000        1.57227   2   9
        1.00000       -0.19211   2   1
        1.00000       -0.19211   2   2
        1.00000        0.19183   2   3
        1.00000        0.19183   2   4
        1.00000        0.19183   2   5
        1.00000        0.75093   2   6
        1.00000        0.75093   2   7
        1.00000        0.75093   2   8
        1.00000        1.56018   2   9
        1.00000       -0.19211   2   1
        1.00000       -0.19211   2   2
        1.00000        0.19183   2   3
        1.00000        0.19183   2   4
        1.00000        0.19183   2   5
        1.00000        0.75093   2   6
        1.00000        0.75093   2   7
        1.00000        0.75093   2   8
        1.00000        1.56018   2   9
        1.05051       -0.19069   2   1
        1.05051       -0.19041   2   2
        1.05051        0.18615   2   3
        1.05051        0.18762   2   4
        1.05051        0.19209   2   5
        1.05051        0.73938   2   6
        1.05051        0.74535   2   7
        1.05051        0.75894   2   8
        1.05051        1.57401   2   9
        1.10102       -0.18642   2   1
        1.10102       -0.18547   2   2
        1.10102        0.16985   2   3
        1.10102        0.17517   2   4
        1.10102        0.19285   2   5
        1.10102        0.71018   2   6
        1.10102        0.73187   2   7
        1.10102        0.78328   2   8
        1.10102        1.60861   2   9
        1.15152       -0.17917   2   1
        1.15152       -0.17783   2   2
        1.15152        0.14517   2   3
        1.15152        0.15552   2   4
        1.15152        0.19413   2   5
        1.15152        0.67336   2   6
        1.15152        0.71692   2   7
        1.15152        0.82297   2   8
        1.15152        1.64645   2   9
        1.20203       -0.16872   2   1
        1.20203       -0.16870   2   2
        1.20203        0.11535   2   3
        1.20203        0.13128   2   4
        1.20203        0.19587   2   5
        1.20203        0.63300   2   6
        1.20203        0.70441   2   7
        1.20203        0.87389   2   8
        1.20203        1.66829   2   9
        1.25254       -0.16026   2   1
        1.25254       -0.15498   2   2
        1.25254        0.08362   2   3
        1.25254        0.10657   2   4
        1.25254        0.19796   2   5
        1.25254        0.58572   2   6
        1.25254        0.69369   2   7
        1.25254        0.93126   2   8
        1.25254        1.66451   2   9
        1.30305       -0.15524   2   1
        1.30305       -0.13829   2   2
        1.30305        0.05213   2   3
        1.30305        0.08595   2   4
        1.30305        0.20022   2   5
        1.30305        0.52865   2   6
        1.30305        0.68184   2   7
        1.30305        0.99385   2   8
        1.30305        1.63727   2   9
        1.35355       -0.15647   2   1
        1.35355       -0.11892   2   2
        1.35355        0.02194   2   3
        1.35355        0.07318   2   4
        1.35355        0.20254   2   5
        1.35355        0.46585   2   6
        1.35355        0.66777   2   7
        1.35355        1.06293   2   8
        1.35355        1.59009   2   9
        1.40406       -0.16511   2   1
        1.40406       -0.09663   2   2
        1.40406       -0.00615   2   3
        1.40406        0.07020   2   4
        1.40406        0.20485   2   5
        1.40406        0.40538   2   6
        1.40406        0.65499   2   7
        1.40406        1.13746   2   8
        1.40406        1.52561   2   9
        1.45457       -0.17933   2   1
        1.45457       -0.07078   2   2
        1.45457       -0.03112   2   3
        1.45457        0.07620   2   4
        1.45457        0.20712   2   5
        1.45457        0.35189   2   6
        1.45457        0.64946   2   7
        1.45457        1.21305   2   8
        1.45457        1.45729   2   9
        1.50508       -0.19547   2   1
        1.50508       -0.05206   2   2
        1.50508       -0.04113   2   3
        1.50508        0.08792   2   4
        1.50508        0.20925   2   5
        1.50508        0.30385   2   6
        1.50508        0.65254   2   7
        1.50508        1.28640   2   8
        1.50508        1.40589   2   9
        1.55558       -0.21049   2   1
        1.55558       -0.06867   2   2
        1.55558       -0.00849   2   3
        1.55558        0.10123   2   4
        1.55558        0.21105   2   5
        1.55558        0.25731   2   6
        1.55558        0.65769   2   7
        1.55558        1.35708   2   8
        1.55558        1.37715   2   9
        1.60609       -0.22276   2   1
        1.60609       -0.08091   2   2
        1.60609        0.02550   2   3
        1.60609        0.11275   2   4
        1.60609        0.21110   2   5
        1.60609        0.21235   2   6
        1.60609        0.65809   2   7
        1.60609        1.36059   2   8
        1.60609        1.42203   2   9
        1.65660       -0.23102   2   1
        1.65660       -0.08858   2   2
        1.65660        0.05808   2   3
        1.65660        0.12040   2   4
        1.65660        0.16911   2   5
        1.65660        0.21310   2   6
        1.65660        0.65442   2   7
        1.65660        1.34792   2   8
        1.65660        1.47056   2   9
        1.70711       -0.23399   2   1
        1.70711       -0.09122   2   2
        1.70711        0.07647   2   3
        1.70711        0.12306   2   4
        1.70711        0.14709   2   5
        1.70711        0.21333   2   6
        1.70711        0.65221   2   7
        1.70711        1.34228   2   8
        1.70711        1.48885   2   9
        1.70711       -0.23399   2   1
        1.70711       -0.09122   2   2
        1.70711        0.07647   2   3
        1.70711        0.12306   2   4
        1.70711        0.14709   2   5
        1.70711        0.21333   2   6
        1.70711        0.65221   2   7
        1.70711        1.34228   2   8
        1.70711        1.48885   2   9
        1.75761       -0.23592   2   1
        1.75761       -0.09016   2   2
        1.75761        0.05914   2   3
        1.75761        0.12323   2   4
        1.75761        0.14673   2   5
        1.75761        0.20997   2   6
        1.75761        0.66845   2   7
        1.75761        1.33912   2   8
        1.75761        1.49425   2   9
        1.80812       -0.24326   2   1
        1.80812       -0.08707   2   2
        1.80812        0.02620   2   3
        1.80812        0.12249   2   4
        1.80812        0.14566   2   5
        1.80812        0.20013   2   6
        1.80812        0.71473   2   7
        1.80812        1.34223   2   8
        1.80812        1.51517   2   9
        1.85863       -0.25800   2   1
        1.85863       -0.08213   2   2
        1.85863        0.00343   2   3
        1.85863        0.12045   2   4
        1.85863        0.14403   2   5
        1.85863        0.18454   2   6
        1.85863        0.79530   2   7
        1.85863        1.38148   2   8
        1.85863        1.55856   2   9
        1.90914       -0.27984   2   1
        1.90914       -0.07554   2   2
        1.90914       -0.00750   2   3
        1.90914        0.11723   2   4
        1.90914        0.14202   2   5
        1.90914        0.16457   2   6
        1.90914        0.91890   2   7
        1.90914        1.48146   2   8
        1.90914        1.62236   2   9
        1.95964       -0.31001   2   1
        1.95964       -0.06746   2   2
        1.95964       -0.01577   2   3
        1.95964        0.11343   2   4
        1.95964        0.13984   2   5
        1.95964        0.14188   2   6
        1.95964        1.06747   2   7
        1.95964        1.62071   2   8
        1.95964        1.69582   2   9
        2.01015       -0.35023   2   1
        2.01015       -0.05815   2   2
        2.01015       -0.02233   2   3
        2.01015        0.10999   2   4
        2.01015        0.11802   2   5
        2.01015        0.13766   2   6
        2.01015        1.19324   2   7
        2.01015        1.72667   2   8
        2.01015        1.77145   2   9
        2.06066       -0.39699   2   1
        2.06066       -0.04804   2   2
        2.06066       -0.02391   2   3
        2.06066        0.09424   2   4
        2.06066        0.10771   2   5
        2.06066        0.13559   2   6
        2.06066        1.26922   2   7
        2.06066        1.76257   2   8
        2.06066        1.85191   2   9
        2.11117       -0.44223   2   1
        2.11117       -0.03773   2   2
        2.11117       -0.01984   2   3
        2.11117        0.07155   2   4
        2.11117        0.10727   2   5
        2.11117        0.13376   2   6
        2.11117        1.34179   2   7
        2.11117        1.77501   2   8
        2.11117        1.94400   2   9
        2.16168       -0.47934   2   1
        2.16168       -0.02786   2   2
        2.16168       -0.01262   2   3
        2.16168        0.05087   2   4
        2.16168        0.10935   2   5
        2.16168        0.13225   2   6
        2.16168        1.52033   2   7
        2.16168        1.84324   2   8
        2.16168        2.04847   2   9
        2.21218       -0.50815   2   1
        2.21218       -0.01898   2   2
        2.21218       -0.00648   2   3
        2.21218        0.03299   2   4
        2.21218        0.11369   2   5
        2.21218        0.13100   2   6
        2.21218        1.83275   2   7
        2.21218        2.00097   2   8
        2.21218        2.15793   2   9
        2.26269       -0.53149   2   1
        2.26269       -0.01151   2   2
        2.26269       -0.00308   2   3
        2.26269        0.01849   2   4
        2.26269        0.11893   2   5
        2.26269        0.12997   2   6
        2.26269        2.14051   2   7
        2.26269        2.19025   2   8
        2.26269        2.26214   2   9
        2.31320       -0.54989   2   1
        2.31320       -0.00580   2   2
        2.31320       -0.00159   2   3
        2.31320        0.00780   2   4
        2.31320        0.12388   2   5
        2.31320        0.12926   2   6
        2.31320        2.33093   2   7
        2.31320        2.33356   2   8
        2.31320        2.35052   2   9
        2.36371       -0.56206   2   1
        2.36371       -0.00221   2   2
        2.36371       -0.00108   2   3
        2.36371        0.00124   2   4
        2.36371        0.12750   2   5
        2.36371        0.12892   2   6
        2.36371        2.41034   2   7
        2.36371        2.41135   2   8
        2.36371        2.41291   2   9
        2.41421       -0.56635   2   1
        2.41421       -0.00098   2   2
        2.41421       -0.00098   2   3
        2.41421       -0.00098   2   4
        2.41421        0.12883   2   5
        2.41421        0.12883   2   6
        2.41421        2.43327   2   7
        2.41421        2.43327   2   8
        2.41421        2.43327   2   9
        2.41421       -0.56635   2   1
        2.41421       -0.00098   2   2
        2.41421       -0.00098   2   3
        2.41421       -0.00098   2   4
        2.41421        0.12883   2   5
        2.41421        0.12883   2   6
        2.41421        2.43327   2   7
        2.41421        2.43327   2   8
        2.41421        2.43327   2   9
        2.46516       -0.56198   2   1
        2.46516       -0.00186   2   2
        2.46516       -0.00186   2   3
        2.46516        0.00166   2   4
        2.46516        0.12820   2   5
        2.46516        0.12820   2   6
        2.46516        2.41013   2   7
        2.46516        2.41013   2   8
        2.46516        2.41420   2   9
        2.51610       -0.54955   2   1
        2.51610       -0.00455   2   2
        2.51610       -0.00455   2   3
        2.51610        0.00946   2   4
        2.51610        0.12659   2   5
        2.51610        0.12659   2   6
        2.51610        2.33514   2   7
        2.51610        2.33514   2   8
        2.51610        2.35453   2   9
        2.56704       -0.53042   2   1
        2.56704       -0.00926   2   2
        2.56704       -0.00926   2   3
        2.56704        0.02215   2   4
        2.56704        0.12465   2   5
        2.56704        0.12465   2   6
        2.56704        2.19606   2   7
        2.56704        2.19606   2   8
        2.56704        2.24727   2   9
        2.61798       -0.50548   2   1
        2.61798       -0.01625   2   2
        2.61798       -0.01625   2   3
        2.61798        0.03956   2   4
        2.61798        0.12296   2   5
        2.61798        0.12296   2   6
        2.61798        1.99024   2   7
        2.61798        1.99024   2   8
        2.61798        2.08782   2   9
        2.66893       -0.47472   2   1
        2.66893       -0.02567   2   2
        2.66893       -0.02567   2   3
        2.66893        0.06175   2   4
        2.66893        0.12191   2   5
        2.66893        0.12191   2   6
        2.66893        1.74830   2   7
        2.66893        1.74830   2   8
        2.66893        1.89289   2   9
        2.71987       -0.43772   2   1
        2.71987       -0.03718   2   2
        2.71987       -0.03718   2   3
        2.71987        0.08864   2   4
        2.71987        0.12195   2   5
        2.71987        0.12195   2   6
        2.71987        1.53388   2   7
        2.71987        1.53388   2   8
        2.71987        1.70344   2   9
        2.77081       -0.39451   2   1
        2.77081       -0.04960   2   2
        2.77081       -0.04960   2   3
        2.77081        0.11956   2   4
        2.77081        0.12347   2   5
        2.77081        0.12347   2   6
        2.77081        1.39083   2   7
        2.77081        1.39083   2   8
        2.77081        1.55005   2   9
        2.82175       -0.34644   2   1
        2.82175       -0.06186   2   2
        2.82175       -0.06186   2   3
        2.82175        0.12627   2   4
        2.82175        0.12627   2   5
        2.82175        0.15356   2   6
        2.82175        1.30453   2   7
        2.82175        1.30453   2   8
        2.82175        1.43360   2   9
        2.87270       -0.29606   2   1
        2.87270       -0.07336   2   2
        2.87270       -0.07336   2   3
        2.87270        0.12982   2   4
        2.87270        0.12982   2   5
        2.87270        0.19068   2   6
        2.87270        1.23793   2   7
        2.87270        1.23793   2   8
        2.87270        1.33901   2   9
        2.92364       -0.24624   2   1
        2.92364       -0.08361   2   2
        2.92364       -0.08361   2   3
        2.92364        0.13368   2   4
        2.92364        0.13368   2   5
        2.92364        0.23284   2   6
        2.92364        1.17249   2   7
        2.92364        1.17249   2   8
        2.92364        1.24846   2   9
        2.97458       -0.19990   2   1
        2.97458       -0.09222   2   2
        2.97458       -0.09222   2   3
        2.97458        0.13747   2   4
        2.97458        0.13747   2   5
        2.97458        0.28287   2   6
        2.97458        1.10653   2   7
        2.97458        1.10653   2   8
        2.97458        1.15065   2   9
        3.02553       -0.16021   2   1
        3.02553       -0.09900   2   2
        3.02553       -0.09900   2   3
        3.02553        0.14093   2   4
        3.02553        0.14093   2   5
        3.02553        0.34135   2   6
        3.02553        1.04122   2   7
        3.02553        1.04122   2   8
        3.02553        1.05280   2   9
        3.07647       -0.12966   2   1
        3.07647       -0.10383   2   2
        3.07647       -0.10383   2   3
        3.07647        0.14394   2   4
        3.07647        0.14394   2   5
        3.07647        0.40514   2   6
        3.07647        0.97162   2   7
        3.07647        0.97549   2   8
        3.07647        0.97549   2   9
        3.12741       -0.10916   2   1
        3.12741       -0.10651   2   2
        3.12741       -0.10651   2   3
        3.12741        0.14646   2   4
        3.12741        0.14646   2   5
        3.12741        0.47061   2   6
        3.12741        0.90868   2   7
        3.12741        0.90868   2   8
        3.12741        0.91219   2   9
        3.17835       -0.10687   2   1
        3.17835       -0.10687   2   2
        3.17835       -0.09844   2   3
        3.17835        0.14844   2   4
        3.17835        0.14844   2   5
        3.17835        0.53964   2   6
        3.17835        0.84311   2   7
        3.17835        0.84311   2   8
        3.17835        0.86963   2   9
        3.22930       -0.10509   2   1
        3.22930       -0.10509   2   2
        3.22930       -0.09650   2   3
        3.22930        0.14973   2   4
        3.22930        0.14973   2   5
        3.22930        0.62289   2   6
        3.22930        0.78197   2   7
        3.22930        0.78197   2   8
        3.22930        0.83852   2   9
        3.28024       -0.10168   2   1
        3.28024       -0.10168   2   2
        3.28024       -0.10168   2   3
        3.28024        0.15018   2   4
        3.28024        0.15018   2   5
        3.28024        0.72695   2   6
        3.28024        0.72695   2   7
        3.28024        0.72695   2   8
        3.28024        0.82114   2   9
        3.28024       -0.10168   2   1
        3.28024       -0.10168   2   2
        3.28024       -0.10168   2   3
        3.28024        0.15018   2   4
        3.28024        0.15018   2   5
        3.28024        0.72695   2   6
        3.28024        0.72695   2   7
        3.28024        0.72695   2   8
        3.28024        0.82114   2   9
        3.33118       -0.11097   2   1
        3.33118       -0.09753   2   2
        3.33118       -0.09753   2   3
        3.33118        0.14972   2   4
        3.33118        0.14972   2   5
        3.33118        0.67964   2   6
        3.33118        0.67964   2   7
        3.33118        0.77341   2   8
        3.33118        0.88501   2   9
        3.38212       -0.12034   2   1
        3.38212       -0.09352   2   2
        3.38212       -0.09352   2   3
        3.38212        0.14834   2   4
        3.38212        0.14834   2   5
        3.38212        0.64286   2   6
        3.38212        0.64286   2   7
        3.38212        0.76638   2   8
        3.38212        0.99360   2   9
        3.43307       -0.12711   2   1
        3.43307       -0.09004   2   2
        3.43307       -0.09004   2   3
        3.43307        0.14609   2   4
        3.43307        0.14609   2   5
        3.43307        0.61886   2   6
        3.43307        0.61886   2   7
        3.43307        0.76227   2   8
        3.43307        1.08035   2   9
        3.48401       -0.13041   2   1
        3.48401       -0.08726   2   2
        3.48401       -0.08726   2   3
        3.48401        0.14313   2   4
        3.48401        0.14313   2   5
        3.48401        0.60642   2   6
        3.48401        0.60642   2   7
        3.48401        0.76140   2   8
        3.48401        1.17214   2   9
        3.53495       -0.12974   2   1
        3.53495       -0.08603   2   2
        3.53495       -0.08603   2   3
        3.53495        0.13992   2   4
        3.53495        0.13992   2   5
        3.53495        0.60162   2   6
        3.53495        0.60162   2   7
        3.53495        0.75725   2   8
        3.53495        1.31553   2   9
        3.58589       -0.12380   2   1
        3.58589       -0.08767   2   2
        3.58589       -0.08767   2   3
        3.58589        0.13742   2   4
        3.58589        0.13742   2   5
        3.58589        0.60148   2   6
        3.58589        0.60148   2   7
        3.58589        0.74854   2   8
        3.58589        1.52646   2   9
        3.63684       -0.11054   2   1
        3.63684       -0.09293   2   2
        3.63684       -0.09293   2   3
        3.63684        0.13675   2   4
        3.63684        0.13675   2   5
        3.63684        0.60601   2   6
        3.63684        0.60601   2   7
        3.63684        0.74429   2   8
        3.63684        1.72903   2   9
        3.68778       -0.10148   2   1
        3.68778       -0.10148   2   2
        3.68778       -0.08863   2   3
        3.68778        0.13864   2   4
        3.68778        0.13864   2   5
        3.68778        0.61708   2   6
        3.68778        0.61708   2   7
        3.68778        0.75338   2   8
        3.68778        1.82375   2   9
        3.73872       -0.11255   2   1
        3.73872       -0.11255   2   2
        3.73872       -0.05920   2   3
        3.73872        0.14307   2   4
        3.73872        0.14307   2   5
        3.73872        0.63532   2   6
        3.73872        0.63532   2   7
        3.73872        0.77140   2   8
        3.73872        1.83669   2   9
        3.78967       -0.12549   2   1
        3.78967       -0.12549   2   2
        3.78967       -0.02502   2   3
        3.78967        0.14944   2   4
        3.78967        0.14944   2   5
        3.78967        0.65763   2   6
        3.78967        0.65763   2   7
        3.78967        0.78243   2   8
        3.78967        1.84464   2   9
        3.84061       -0.13966   2   1
        3.84061       -0.13966   2   2
        3.84061        0.01193   2   3
        3.84061        0.15704   2   4
        3.84061        0.15704   2   5
        3.84061        0.67856   2   6
        3.84061        0.67856   2   7
        3.84061        0.77785   2   8
        3.84061        1.86008   2   9
        3.89155       -0.15401   2   1
        3.89155       -0.15401   2   2
        3.89155        0.05123   2   3
        3.89155        0.16525   2   4
        3.89155        0.16525   2   5
        3.89155        0.69459   2   6
        3.89155        0.69459   2   7
        3.89155        0.76544   2   8
        3.89155        1.84230   2   9
        3.94249       -0.16716   2   1
        3.94249       -0.16716   2   2
        3.94249        0.09209   2   3
        3.94249        0.17345   2   4
        3.94249        0.17345   2   5
        3.94249        0.70680   2   6
        3.94249        0.70680   2   7
        3.94249        0.75632   2   8
        3.94249        1.77426   2   9
        3.99344       -0.17794   2   1
        3.99344       -0.17794   2   2
        3.99344        0.13118   2   3
        3.99344        0.18093   2   4
        3.99344        0.18093   2   5
        3.99344        0.71901   2   6
        3.99344        0.71901   2   7
        3.99344        0.75327   2   8
        3.99344        1.68859   2   9
        4.04438       -0.18579   2   1
        4.04438       -0.18579   2   2
        4.04438        0.16346   2   3
        4.04438        0.18685   2   4
        4.04438        0.18685   2   5
        4.04438        0.73307   2   6
        4.04438        0.73307   2   7
        4.04438        0.75262   2   8
        4.04438        1.61832   2   9
        4.09532       -0.19052   2   1
        4.09532       -0.19052   2   2
        4.09532        0.18453   2   3
        4.09532        0.19057   2   4
        4.09532        0.19057   2   5
        4.09532        0.74572   2   6
        4.09532        0.74572   2   7
        4.09532        0.75161   2   8
        4.09532        1.57483   2   9
        4.14626       -0.19211   2   1
        4.14626       -0.19211   2   2
        4.14626        0.19183   2   3
        4.14626        0.19183   2   4
        4.14626        0.19183   2   5
        4.14626        0.75093   2   6
        4.14626        0.75093   2   7
        4.14626        0.75093   2   8
        4.14626        1.56018   2   9
        4.14626       -0.10168   2   1
        4.14626       -0.10168   2   2
        4.14626       -0.10168   2   3
        4.14626        0.15018   2   4
        4.14626        0.15018   2   5
        4.14626        0.72695   2   6
        4.14626        0.72695   2   7
        4.14626        0.72695   2   8
        4.14626        0.82114   2   9
        4.20182       -0.10734   2   1
        4.20182       -0.10635   2   2
        4.20182       -0.09295   2   3
        4.20182        0.14922   2   4
        4.20182        0.15007   2   5
        4.20182        0.63378   2   6
        4.20182        0.71074   2   7
        4.20182        0.82500   2   8
        4.20182        0.85591   2   9
        4.25738       -0.11946   2   1
        4.25738       -0.10914   2   2
        4.25738       -0.08222   2   3
        4.25738        0.14658   2   4
        4.25738        0.14976   2   5
        4.25738        0.55307   2   6
        4.25738        0.69041   2   7
        4.25738        0.91663   2   8
        4.25738        0.92384   2   9
        4.31293       -0.13886   2   1
        4.31293       -0.10795   2   2
        4.31293       -0.06794   2   3
        4.31293        0.14271   2   4
        4.31293        0.14932   2   5
        4.31293        0.48665   2   6
        4.31293        0.67527   2   7
        4.31293        0.99487   2   8
        4.31293        1.00153   2   9
        4.36849       -0.16166   2   1
        4.36849       -0.10517   2   2
        4.36849       -0.04623   2   3
        4.36849        0.13808   2   4
        4.36849        0.14885   2   5
        4.36849        0.43169   2   6
        4.36849        0.66311   2   7
        4.36849        1.06481   2   8
        4.36849        1.08648   2   9
        4.42404       -0.18456   2   1
        4.42404       -0.10174   2   2
        4.42404       -0.01570   2   3
        4.42404        0.13332   2   4
        4.42404        0.14840   2   5
        4.42404        0.38128   2   6
        4.42404        0.65486   2   7
        4.42404        1.14068   2   8
        4.42404        1.18366   2   9
        4.47960       -0.20478   2   1
        4.47960       -0.09814   2   2
        4.47960        0.01906   2   3
        4.47960        0.12913   2   4
        4.47960        0.14796   2   5
        4.47960        0.32846   2   6
        4.47960        0.65129   2   7
        4.47960        1.22639   2   8
        4.47960        1.29494   2   9
        4.53515       -0.22057   2   1
        4.53515       -0.09476   2   2
        4.53515        0.04996   2   3
        4.53515        0.12589   2   4
        4.53515        0.14754   2   5
        4.53515        0.27392   2   6
        4.53515        0.65096   2   7
        4.53515        1.29968   2   8
        4.53515        1.40034   2   9
        4.59071       -0.23059   2   1
        4.59071       -0.09221   2   2
        4.59071        0.06998   2   3
        4.59071        0.12380   2   4
        4.59071        0.14722   2   5
        4.59071        0.23015   2   6
        4.59071        0.65175   2   7
        4.59071        1.33545   2   8
        4.59071        1.46783   2   9
        4.64626       -0.23399   2   1
        4.64626       -0.09122   2   2
        4.64626        0.07647   2   3
        4.64626        0.12306   2   4
        4.64626        0.14709   2   5
        4.64626        0.21333   2   6
        4.64626        0.65221   2   7
        4.64626        1.34228   2   8
        4.64626        1.48885   2   9
