     160       0  !(a.u.=2Ry)
  0.000000000000000D+00       0
  0.512710963760241D-04       1
  0.156442014451672D-03       2
  0.267005160803931D-03       3
  0.383237000888453D-03       4
  0.505428174847911D-03       5
  0.633884224263745D-03       6
  0.768926356169261D-03       7
  0.910892246234528D-03       8
  0.106013688313144D-02       9
  0.121703345619030D-02      10
  0.138197428856752D-02      11
  0.155537181825790D-02      12
  0.173765962940441D-02      13
  0.192929353648437D-02      14
  0.213075272408315D-02      15
  0.234254094510514D-02      16
  0.256518778041846D-02      17
  0.279924996308294D-02      18
  0.304531277047280D-02      19
  0.330399148777489D-02      20
  0.357593294652221D-02      21
  0.386181714200960D-02      22
  0.416235893363620D-02      23
  0.447830983242632D-02      24
  0.481045988019839D-02      25
  0.515963962508109D-02      26
  0.552672219831622D-02      27
  0.591262549754165D-02      28
  0.631831448201350D-02      29
  0.674480358550689D-02      30
  0.719315925292881D-02      31
  0.766450260698586D-02      32
  0.816001225157497D-02      33
  0.868092721890706D-02      34
  0.922855006773294D-02      35
  0.980425014041869D-02      36
  0.104094669870148D-01      37
  0.110457139648811D-01      38
  0.117145820228686D-01      39
  0.124177436795200D-01      40
  0.131569572052374D-01      41
  0.139340710188744D-01      42
  0.147510283097456D-01      43
  0.156098718966120D-01      44
  0.165127493357927D-01      45
  0.174619182911733D-01      46
  0.184597521795423D-01      47
  0.195087461053692D-01      48
  0.206115230998650D-01      49
  0.217708406799269D-01      50
  0.229895977433665D-01      51
  0.242708418176648D-01      52
  0.256177766803775D-01      53
  0.270337703702487D-01      54
  0.285223636090611D-01      55
  0.300872786552853D-01      56
  0.317324286116647D-01      57
  0.334619272100108D-01      58
  0.352800990976748D-01      59
  0.371914906514194D-01      60
  0.392008813457284D-01      61
  0.413132957039823D-01      62
  0.435340158623844D-01      63
  0.458685947780522D-01      64
  0.483228701143025D-01      65
  0.509029788378511D-01      66
  0.536153725644253D-01      67
  0.564668336911644D-01      68
  0.594644923561451D-01      69
  0.626158442674404D-01      70
  0.659287694462945D-01      71
  0.694115519312802D-01      72
  0.730729004927103D-01      73
  0.769219704090997D-01      74
  0.809683863601304D-01      75
  0.852222664933638D-01      76
  0.896942477248803D-01      77
  0.943955123371097D-01      78
  0.993378159403619D-01      79
  0.104533516867976D+00      80
  0.109995607078591D+00      81
  0.115737744642808D+00      82
  0.121774287895486D+00      83
  0.128120331339049D+00      84
  0.134791743387613D+00      85
  0.141805206046284D+00      86
  0.149178256624857D+00      87
  0.156929331590229D+00      88
  0.165077812667169D+00      89
  0.173644075302723D+00      90
  0.182649539615446D+00      91
  0.192116723956859D+00      92
  0.202069301219049D+00      93
  0.212532158029238D+00      94
  0.223531456979312D+00      95
  0.235094702045923D+00      96
  0.247250807364765D+00      97
  0.260030169530965D+00      98
  0.273464743606413D+00      99
  0.287588123024055D+00     100
  0.302435623588973D+00     101
  0.318044371786298D+00     102
  0.334453397616757D+00     103
  0.351703732192007D+00     104
  0.369838510333783D+00     105
  0.388903078433423D+00     106
  0.408945107841468D+00     107
  0.430014714070863D+00     108
  0.452164582111851D+00     109
  0.475450098171884D+00     110
  0.499929488169997D+00     111
  0.525663963331930D+00     112
  0.552717873250076D+00     113
  0.581158866790983D+00     114
  0.611058061252757D+00     115
  0.642490220195346D+00     116
  0.675533940388386D+00     117
  0.710271848344067D+00     118
  0.746790806926444D+00     119
  0.785182132553850D+00     120
  0.825541823537503D+00     121
  0.867970800127285D+00     122
  0.912575156864938D+00     123
  0.959466427875678D+00     124
  0.100876186576160D+01     125
  0.106058473479428D+01     126
  0.111506461913961D+01     127
  0.117233774688576D+01     128
  0.123254733068434D+01     129
  0.129584392585662D+01     130
  0.136238580686025D+01     131
  0.143233936305787D+01     132
  0.150587951477713D+01     133
  0.158319015070270D+01     134
  0.166446458769370D+01     135
  0.174990605417658D+01     136
  0.183972819832201D+01     137
  0.193415562227661D+01     138
  0.203342444378534D+01     139
  0.213778288660877D+01     140
  0.224749190121186D+01     141
  0.236282581727598D+01     142
  0.248407302966605D+01     143
  0.261153671956789D+01     144
  0.274553561259913D+01     145
  0.288640477578926D+01     146
  0.303449645542172D+01     147
  0.319018095783310D+01     148
  0.335384757537187D+01     149
  0.352590555983201D+01     150
  0.370678514579567D+01     151
  0.389693862644372D+01     152
  0.409684148452432D+01     153
  0.430699358130741D+01     154
  0.452792040649829D+01     155
  0.476017439223559D+01     156
  0.500433629445933D+01     157
  0.526101664510334D+01     158
  0.553085727874305D+01     159
