# iw omega(eV) Re Wc(1,1) Im Wc(1,1)  Re Wc(2,2) Re Wc(3,3) max|diag(1:30)|
0 0.0000 -1.0815e+01 -6.7738e-07 -6.1708e-03 -5.8156e-01 1.0815e+01
1 0.0001 -1.0815e+01 -2.7398e-05 -6.1709e-03 -5.8156e-01 1.0815e+01
2 0.0004 -1.0815e+01 -8.0230e-05 -6.1709e-03 -5.8156e-01 1.0815e+01
3 0.0007 -1.0815e+01 -1.3670e-04 -6.1709e-03 -5.8156e-01 1.0815e+01
4 0.0010 -1.0815e+01 -1.9388e-04 -6.1709e-03 -5.8156e-01 1.0815e+01
5 0.0013 -1.0815e+01 -2.5383e-04 -6.1709e-03 -5.8156e-01 1.0815e+01
6 0.0016 -1.0815e+01 -3.1419e-04 -6.1709e-03 -5.8156e-01 1.0815e+01
7 0.0020 -1.0815e+01 -3.7740e-04 -6.1709e-03 -5.8156e-01 1.0815e+01
8 0.0023 -1.0815e+01 -4.4120e-04 -6.1709e-03 -5.8156e-01 1.0815e+01
9 0.0026 -1.0815e+01 -5.0814e-04 -6.1709e-03 -5.8156e-01 1.0815e+01
10 0.0030 -1.0815e+01 -5.7743e-04 -6.1709e-03 -5.8156e-01 1.0815e+01
11 0.0034 -1.0815e+01 -6.4742e-04 -6.1709e-03 -5.8156e-01 1.0815e+01
12 0.0037 -1.0815e+01 -7.1903e-04 -6.1709e-03 -5.8156e-01 1.0815e+01
13 0.0041 -1.0815e+01 -7.9383e-04 -6.1709e-03 -5.8156e-01 1.0815e+01
14 0.0045 -1.0815e+01 -8.7142e-04 -6.1709e-03 -5.8156e-01 1.0815e+01
15 0.0049 -1.0815e+01 -9.5114e-04 -6.1708e-03 -5.8156e-01 1.0815e+01
16 0.0054 -1.0815e+01 -1.0340e-03 -6.1709e-03 -5.8156e-01 1.0815e+01
17 0.0058 -1.0815e+01 -1.1206e-03 -6.1709e-03 -5.8157e-01 1.0815e+01
18 0.0063 -1.0815e+01 -1.2110e-03 -6.1709e-03 -5.8157e-01 1.0815e+01
19 0.0067 -1.0815e+01 -1.3054e-03 -6.1709e-03 -5.8157e-01 1.0815e+01
20 0.0072 -1.0815e+01 -1.4021e-03 -6.1709e-03 -5.8157e-01 1.0815e+01
21 0.0077 -1.0815e+01 -1.5036e-03 -6.1709e-03 -5.8157e-01 1.0815e+01
22 0.0082 -1.0815e+01 -1.6041e-03 -6.1709e-03 -5.8157e-01 1.0815e+01
23 0.0087 -1.0815e+01 -1.7086e-03 -6.1709e-03 -5.8157e-01 1.0815e+01
24 0.0093 -1.0815e+01 -1.8140e-03 -6.1709e-03 -5.8157e-01 1.0815e+01
25 0.0098 -1.0815e+01 -1.9228e-03 -6.1709e-03 -5.8157e-01 1.0815e+01
26 0.0104 -1.0815e+01 -2.0342e-03 -6.1709e-03 -5.8157e-01 1.0815e+01
27 0.0110 -1.0815e+01 -2.1502e-03 -6.1709e-03 -5.8157e-01 1.0815e+01
28 0.0116 -1.0815e+01 -2.2701e-03 -6.1709e-03 -5.8157e-01 1.0815e+01
29 0.0123 -1.0815e+01 -2.3920e-03 -6.1709e-03 -5.8157e-01 1.0815e+01
30 0.0129 -1.0815e+01 -2.5183e-03 -6.1709e-03 -5.8157e-01 1.0815e+01
31 0.0136 -1.0815e+01 -2.6478e-03 -6.1709e-03 -5.8157e-01 1.0815e+01
32 0.0143 -1.0815e+01 -2.7824e-03 -6.1709e-03 -5.8157e-01 1.0815e+01
33 0.0150 -1.0815e+01 -2.9206e-03 -6.1709e-03 -5.8157e-01 1.0815e+01
34 0.0157 -1.0815e+01 -3.0634e-03 -6.1709e-03 -5.8157e-01 1.0815e+01
35 0.0165 -1.0816e+01 -3.2096e-03 -6.1709e-03 -5.8157e-01 1.0816e+01
36 0.0172 -1.0816e+01 -3.3601e-03 -6.1709e-03 -5.8157e-01 1.0816e+01
37 0.0180 -1.0816e+01 -3.5163e-03 -6.1709e-03 -5.8157e-01 1.0816e+01
38 0.0189 -1.0816e+01 -3.6792e-03 -6.1709e-03 -5.8157e-01 1.0816e+01
39 0.0197 -1.0816e+01 -3.8455e-03 -6.1709e-03 -5.8157e-01 1.0816e+01
40 0.0206 -1.0816e+01 -4.0201e-03 -6.1709e-03 -5.8157e-01 1.0816e+01
41 0.0215 -1.0816e+01 -4.1988e-03 -6.1709e-03 -5.8157e-01 1.0816e+01
42 0.0224 -1.0816e+01 -4.3836e-03 -6.1709e-03 -5.8157e-01 1.0816e+01
43 0.0234 -1.0816e+01 -4.5765e-03 -6.1709e-03 -5.8157e-01 1.0816e+01
44 0.0244 -1.0816e+01 -4.7746e-03 -6.1709e-03 -5.8158e-01 1.0816e+01
45 0.0254 -1.0816e+01 -4.9808e-03 -6.1709e-03 -5.8158e-01 1.0816e+01
46 0.0265 -1.0816e+01 -5.1936e-03 -6.1709e-03 -5.8158e-01 1.0816e+01
47 0.0275 -1.0816e+01 -5.4125e-03 -6.1709e-03 -5.8158e-01 1.0816e+01
48 0.0286 -1.0816e+01 -5.6374e-03 -6.1709e-03 -5.8158e-01 1.0816e+01
49 0.0298 -1.0816e+01 -5.8698e-03 -6.1709e-03 -5.8158e-01 1.0816e+01
50 0.0310 -1.0816e+01 -6.1133e-03 -6.1709e-03 -5.8158e-01 1.0816e+01
51 0.0322 -1.0816e+01 -6.3634e-03 -6.1709e-03 -5.8158e-01 1.0816e+01
52 0.0335 -1.0816e+01 -6.6269e-03 -6.1709e-03 -5.8159e-01 1.0816e+01
53 0.0348 -1.0816e+01 -6.9042e-03 -6.1709e-03 -5.8159e-01 1.0816e+01
54 0.0361 -1.0816e+01 -7.1984e-03 -6.1709e-03 -5.8159e-01 1.0816e+01
55 0.0375 -1.0816e+01 -7.5043e-03 -6.1709e-03 -5.8159e-01 1.0816e+01
56 0.0389 -1.0816e+01 -7.8227e-03 -6.1709e-03 -5.8159e-01 1.0816e+01
57 0.0403 -1.0816e+01 -8.1417e-03 -6.1709e-03 -5.8159e-01 1.0816e+01
58 0.0418 -1.0816e+01 -8.4630e-03 -6.1709e-03 -5.8160e-01 1.0816e+01
59 0.0434 -1.0816e+01 -8.7993e-03 -6.1709e-03 -5.8160e-01 1.0816e+01
60 0.0450 -1.0816e+01 -9.1486e-03 -6.1709e-03 -5.8160e-01 1.0816e+01
61 0.0466 -1.0816e+01 -9.5117e-03 -6.1709e-03 -5.8160e-01 1.0816e+01
62 0.0483 -1.0816e+01 -9.8908e-03 -6.1709e-03 -5.8160e-01 1.0816e+01
63 0.0501 -1.0816e+01 -1.0286e-02 -6.1710e-03 -5.8161e-01 1.0816e+01
64 0.0519 -1.0816e+01 -1.0692e-02 -6.1710e-03 -5.8161e-01 1.0816e+01
65 0.0537 -1.0817e+01 -1.1098e-02 -6.1710e-03 -5.8161e-01 1.0817e+01
66 0.0557 -1.0817e+01 -1.1510e-02 -6.1710e-03 -5.8161e-01 1.0817e+01
67 0.0576 -1.0817e+01 -1.1933e-02 -6.1710e-03 -5.8161e-01 1.0817e+01
68 0.0597 -1.0817e+01 -1.2363e-02 -6.1710e-03 -5.8162e-01 1.0817e+01
69 0.0617 -1.0817e+01 -1.2796e-02 -6.1710e-03 -5.8162e-01 1.0817e+01
70 0.0639 -1.0817e+01 -1.3239e-02 -6.1710e-03 -5.8162e-01 1.0817e+01
71 0.0661 -1.0817e+01 -1.3693e-02 -6.1710e-03 -5.8163e-01 1.0817e+01
72 0.0684 -1.0817e+01 -1.4146e-02 -6.1710e-03 -5.8163e-01 1.0817e+01
73 0.0708 -1.0817e+01 -1.4624e-02 -6.1710e-03 -5.8164e-01 1.0817e+01
74 0.0732 -1.0818e+01 -1.5319e-02 -6.1710e-03 -5.8165e-01 1.0818e+01
75 0.0757 -1.0818e+01 -1.6244e-02 -6.1710e-03 -5.8165e-01 1.0818e+01
76 0.0783 -1.0818e+01 -1.7051e-02 -6.1710e-03 -5.8165e-01 1.0818e+01
77 0.0810 -1.0818e+01 -1.7698e-02 -6.1710e-03 -5.8165e-01 1.0818e+01
78 0.0837 -1.0818e+01 -1.8582e-02 -6.1710e-03 -5.8165e-01 1.0818e+01
79 0.0865 -1.0818e+01 -1.9292e-02 -6.1710e-03 -5.8165e-01 1.0818e+01
80 0.0894 -1.0818e+01 -1.9938e-02 -6.1711e-03 -5.8165e-01 1.0818e+01
81 0.0924 -1.0817e+01 -2.0506e-02 -6.1711e-03 -5.8165e-01 1.0817e+01
82 0.0955 -1.0817e+01 -2.1189e-02 -6.1711e-03 -5.8165e-01 1.0818e+01
83 0.0987 -1.0817e+01 -2.2000e-02 -6.1711e-03 -5.8165e-01 1.0818e+01
84 0.1020 -1.0817e+01 -2.2692e-02 -6.1711e-03 -5.8165e-01 1.0817e+01
85 0.1054 -1.0817e+01 -2.3316e-02 -6.1711e-03 -5.8164e-01 1.0817e+01
86 0.1089 -1.0817e+01 -2.3920e-02 -6.1711e-03 -5.8164e-01 1.0817e+01
87 0.1125 -1.0817e+01 -2.4544e-02 -6.1711e-03 -5.8164e-01 1.0817e+01
88 0.1162 -1.0817e+01 -2.5219e-02 -6.1711e-03 -5.8165e-01 1.0817e+01
89 0.1200 -1.0817e+01 -2.6030e-02 -6.1712e-03 -5.8165e-01 1.0817e+01
90 0.1239 -1.0817e+01 -2.6762e-02 -6.1712e-03 -5.8165e-01 1.0817e+01
91 0.1280 -1.0817e+01 -2.7203e-02 -6.1712e-03 -5.8165e-01 1.0817e+01
92 0.1321 -1.0817e+01 -2.7435e-02 -6.1712e-03 -5.8165e-01 1.0817e+01
93 0.1364 -1.0818e+01 -2.7965e-02 -6.1713e-03 -5.8167e-01 1.0818e+01
94 0.1409 -1.0819e+01 -2.9061e-02 -6.1713e-03 -5.8170e-01 1.0819e+01
95 0.1454 -1.0819e+01 -3.0121e-02 -6.1713e-03 -5.8171e-01 1.0819e+01
96 0.1501 -1.0819e+01 -3.1162e-02 -6.1714e-03 -5.8172e-01 1.0819e+01
97 0.1550 -1.0820e+01 -3.2051e-02 -6.1714e-03 -5.8173e-01 1.0820e+01
98 0.1600 -1.0820e+01 -3.2850e-02 -6.1714e-03 -5.8174e-01 1.0820e+01
99 0.1651 -1.0820e+01 -3.3721e-02 -6.1715e-03 -5.8176e-01 1.0820e+01
100 0.1704 -1.0821e+01 -3.4638e-02 -6.1715e-03 -5.8178e-01 1.0821e+01
101 0.1759 -1.0821e+01 -3.5552e-02 -6.1716e-03 -5.8180e-01 1.0821e+01
102 0.1815 -1.0822e+01 -3.6503e-02 -6.1716e-03 -5.8183e-01 1.0822e+01
103 0.1873 -1.0823e+01 -3.7541e-02 -6.1717e-03 -5.8186e-01 1.0823e+01
104 0.1933 -1.0824e+01 -3.8772e-02 -6.1718e-03 -5.8190e-01 1.0824e+01
105 0.1995 -1.0825e+01 -4.0442e-02 -6.1718e-03 -5.8194e-01 1.0825e+01
106 0.2058 -1.0826e+01 -4.2171e-02 -6.1719e-03 -5.8197e-01 1.0826e+01
107 0.2124 -1.0826e+01 -4.4026e-02 -6.1720e-03 -5.8200e-01 1.0827e+01
108 0.2191 -1.0827e+01 -4.5811e-02 -6.1720e-03 -5.8203e-01 1.0827e+01
109 0.2261 -1.0828e+01 -4.7613e-02 -6.1721e-03 -5.8205e-01 1.0828e+01
110 0.2332 -1.0828e+01 -4.9334e-02 -6.1722e-03 -5.8206e-01 1.0828e+01
111 0.2406 -1.0829e+01 -5.0842e-02 -6.1722e-03 -5.8209e-01 1.0829e+01
112 0.2482 -1.0829e+01 -5.2530e-02 -6.1724e-03 -5.8211e-01 1.0829e+01
113 0.2560 -1.0830e+01 -5.4311e-02 -6.1725e-03 -5.8214e-01 1.0830e+01
114 0.2641 -1.0831e+01 -5.6110e-02 -6.1726e-03 -5.8217e-01 1.0831e+01
115 0.2724 -1.0831e+01 -5.7803e-02 -6.1727e-03 -5.8220e-01 1.0831e+01
116 0.2810 -1.0832e+01 -5.9381e-02 -6.1729e-03 -5.8223e-01 1.0832e+01
117 0.2898 -1.0833e+01 -6.0895e-02 -6.1731e-03 -5.8226e-01 1.0833e+01
118 0.2989 -1.0834e+01 -6.2413e-02 -6.1732e-03 -5.8231e-01 1.0834e+01
119 0.3083 -1.0835e+01 -6.4058e-02 -6.1734e-03 -5.8236e-01 1.0835e+01
120 0.3180 -1.0836e+01 -6.5504e-02 -6.1736e-03 -5.8240e-01 1.0836e+01
121 0.3279 -1.0837e+01 -6.6481e-02 -6.1739e-03 -5.8245e-01 1.0838e+01
122 0.3382 -1.0840e+01 -6.7758e-02 -6.1742e-03 -5.8255e-01 1.0840e+01
123 0.3488 -1.0843e+01 -6.9862e-02 -6.1745e-03 -5.8267e-01 1.0843e+01
124 0.3597 -1.0846e+01 -7.2142e-02 -6.1748e-03 -5.8277e-01 1.0846e+01
125 0.3709 -1.0848e+01 -7.4509e-02 -6.1752e-03 -5.8286e-01 1.0848e+01
126 0.3825 -1.0850e+01 -7.7234e-02 -6.1756e-03 -5.8295e-01 1.0850e+01
127 0.3944 -1.0852e+01 -7.9819e-02 -6.1759e-03 -5.8304e-01 1.0853e+01
128 0.4067 -1.0854e+01 -8.2102e-02 -6.1763e-03 -5.8311e-01 1.0855e+01
129 0.4194 -1.0857e+01 -8.4022e-02 -6.1767e-03 -5.8322e-01 1.0858e+01
130 0.4324 -1.0860e+01 -8.5921e-02 -6.1771e-03 -5.8334e-01 1.0861e+01
131 0.4459 -1.0864e+01 -8.7599e-02 -6.1776e-03 -5.8349e-01 1.0865e+01
132 0.4597 -1.0869e+01 -8.9044e-02 -6.1782e-03 -5.8366e-01 1.0869e+01
133 0.4740 -1.0875e+01 -9.0221e-02 -6.1788e-03 -5.8386e-01 1.0875e+01
134 0.4887 -1.0882e+01 -9.0918e-02 -6.1795e-03 -5.8413e-01 1.0883e+01
135 0.5039 -1.0890e+01 -9.3816e-02 -6.1803e-03 -5.8442e-01 1.0891e+01
136 0.5195 -1.0898e+01 -9.7481e-02 -6.1809e-03 -5.8470e-01 1.0899e+01
137 0.5356 -1.0907e+01 -1.0157e-01 -6.1813e-03 -5.8500e-01 1.0908e+01
138 0.5522 -1.0918e+01 -1.0722e-01 -6.1814e-03 -5.8534e-01 1.0918e+01
139 0.5693 -1.0929e+01 -1.1092e-01 -6.1814e-03 -5.8568e-01 1.0929e+01
140 0.5869 -1.0949e+01 -1.2129e-01 -6.1817e-03 -5.8637e-01 1.0949e+01
141 0.6050 -1.0980e+01 -1.4616e-01 -6.1822e-03 -5.8749e-01 1.0981e+01
142 0.6237 -1.0989e+01 -1.6983e-01 -6.1826e-03 -5.8788e-01 1.0991e+01
143 0.6430 -1.0993e+01 -1.9374e-01 -6.1830e-03 -5.8807e-01 1.0995e+01
144 0.6628 -1.0995e+01 -2.1783e-01 -6.1835e-03 -5.8823e-01 1.0998e+01
145 0.6833 -1.0993e+01 -2.3989e-01 -6.1839e-03 -5.8817e-01 1.0995e+01
146 0.7044 -1.0988e+01 -2.5759e-01 -6.1840e-03 -5.8803e-01 1.0991e+01
147 0.7261 -1.0983e+01 -2.7321e-01 -6.1838e-03 -5.8789e-01 1.0987e+01
148 0.7485 -1.0980e+01 -2.8804e-01 -6.1836e-03 -5.8776e-01 1.0984e+01
149 0.7716 -1.0977e+01 -2.9673e-01 -6.1832e-03 -5.8765e-01 1.0981e+01
150 0.7954 -1.0978e+01 -3.1581e-01 -6.1827e-03 -5.8763e-01 1.0982e+01
151 0.8199 -1.0972e+01 -3.3117e-01 -6.1822e-03 -5.8740e-01 1.0977e+01
152 0.8451 -1.0966e+01 -3.2708e-01 -6.1814e-03 -5.8711e-01 1.0971e+01
153 0.8711 -1.0972e+01 -3.3808e-01 -6.1811e-03 -5.8727e-01 1.0978e+01
154 0.8979 -1.0982e+01 -3.5399e-01 -6.1813e-03 -5.8757e-01 1.0988e+01
155 0.9255 -1.0989e+01 -3.7167e-01 -6.1816e-03 -5.8780e-01 1.0996e+01
156 0.9540 -1.0992e+01 -3.8331e-01 -6.1819e-03 -5.8786e-01 1.0998e+01
157 0.9833 -1.1010e+01 -4.1624e-01 -6.1832e-03 -5.8854e-01 1.1018e+01
158 1.0136 -1.1007e+01 -4.3357e-01 -6.1839e-03 -5.8845e-01 1.1016e+01
159 1.0447 -1.1010e+01 -4.5640e-01 -6.1850e-03 -5.8856e-01 1.1019e+01
160 1.0768 -1.1011e+01 -4.8066e-01 -6.1861e-03 -5.8861e-01 1.1021e+01
161 1.1099 -1.1007e+01 -5.0285e-01 -6.1872e-03 -5.8849e-01 1.1018e+01
162 1.1439 -1.0998e+01 -5.0607e-01 -6.1883e-03 -5.8819e-01 1.1009e+01
163 1.1791 -1.0999e+01 -5.0574e-01 -6.1898e-03 -5.8827e-01 1.1011e+01
164 1.2152 -1.1011e+01 -5.0786e-01 -6.1916e-03 -5.8871e-01 1.1022e+01
165 1.2525 -1.1029e+01 -5.1543e-01 -6.1939e-03 -5.8937e-01 1.1041e+01
166 1.2910 -1.1044e+01 -4.8694e-01 -6.1962e-03 -5.8996e-01 1.1055e+01
167 1.3305 -1.1093e+01 -4.5981e-01 -6.1990e-03 -5.9168e-01 1.1102e+01
168 1.3713 -1.1239e+01 -5.0276e-01 -6.2042e-03 -5.9679e-01 1.1250e+01
169 1.4134 -1.1359e+01 -5.6049e-01 -6.2090e-03 -6.0098e-01 1.1372e+01
170 1.4567 -1.1468e+01 -6.4232e-01 -6.2139e-03 -6.0483e-01 1.1486e+01
171 1.5013 -1.1556e+01 -7.2217e-01 -6.2182e-03 -6.0791e-01 1.1579e+01
172 1.5473 -1.1784e+01 -8.3034e-01 -6.2263e-03 -6.1586e-01 1.1813e+01
173 1.5947 -1.2036e+01 -1.0259e+00 -6.2352e-03 -6.2464e-01 1.2080e+01
174 1.6436 -1.2324e+01 -1.3394e+00 -6.2449e-03 -6.3463e-01 1.2396e+01
175 1.6939 -1.2867e+01 -1.8967e+00 -6.2611e-03 -6.5345e-01 1.3006e+01
176 1.7458 -1.3770e+01 -3.4163e+00 -6.2862e-03 -6.8462e-01 1.4187e+01
177 1.7992 -1.2540e+01 -7.4606e+00 -6.2579e-03 -6.4228e-01 1.4591e+01
178 1.8543 -5.3373e+00 -6.2394e+00 -6.0851e-03 -3.9443e-01 8.2108e+00
179 1.9110 -5.9368e+00 -1.2725e+00 -6.1056e-03 -4.1533e-01 6.0716e+00
180 1.9695 -7.6076e+00 -2.3566e-01 -6.1513e-03 -4.7304e-01 7.6112e+00
181 2.0298 -8.5463e+00 -4.8787e-02 -6.1791e-03 -5.0553e-01 8.5464e+00
182 2.0919 -9.1783e+00 -4.0422e-02 -6.1996e-03 -5.2744e-01 9.1784e+00
183 2.1558 -1.0035e+01 -5.5559e-02 -6.2263e-03 -5.5701e-01 1.0035e+01
184 2.2218 -7.2689e+00 -3.9429e-03 -6.1622e-03 -4.6270e-01 7.2689e+00
185 2.2897 -8.9971e+00 -4.6964e-04 -6.2118e-03 -5.2207e-01 8.9971e+00
186 2.3597 -9.3396e+00 -4.0709e-04 -6.2269e-03 -5.3406e-01 9.3396e+00
187 2.4319 -9.5344e+00 -4.1627e-04 -6.2388e-03 -5.4101e-01 9.5344e+00
188 2.5062 -9.6765e+00 -7.4786e-04 -6.2500e-03 -5.4616e-01 9.6765e+00
189 2.5828 -9.7923e+00 -2.2385e-03 -6.2613e-03 -5.5044e-01 9.7923e+00
190 2.6617 -9.8903e+00 -1.1149e-02 -6.2727e-03 -5.5413e-01 9.8903e+00
191 2.7431 -9.9748e+00 -1.9200e-02 -6.2842e-03 -5.5740e-01 9.9748e+00
192 2.8269 -1.0051e+01 -2.5256e-02 -6.2955e-03 -5.6041e-01 1.0051e+01
193 2.9133 -1.0122e+01 -2.7078e-02 -6.3069e-03 -5.6330e-01 1.0122e+01
194 3.0023 -1.0193e+01 -3.0097e-02 -6.3193e-03 -5.6619e-01 1.0193e+01
195 3.0940 -1.0264e+01 -3.3578e-02 -6.3327e-03 -5.6914e-01 1.0264e+01
196 3.1885 -1.0336e+01 -4.3039e-02 -6.3473e-03 -5.7214e-01 1.0336e+01
197 3.2858 -1.0408e+01 -4.7739e-02 -6.3634e-03 -5.7523e-01 1.0408e+01
198 3.3862 -1.0488e+01 -5.4854e-02 -6.3815e-03 -5.7860e-01 1.0488e+01
199 3.4896 -1.0573e+01 -7.2350e-02 -6.4014e-03 -5.8227e-01 1.0573e+01
200 3.5961 -1.0663e+01 -1.0255e-01 -6.4237e-03 -5.8622e-01 1.0664e+01
201 3.7059 -1.0753e+01 -1.5268e-01 -6.4490e-03 -5.9028e-01 1.0754e+01
202 3.8191 -1.0834e+01 -1.8537e-01 -6.4775e-03 -5.9421e-01 1.0836e+01
203 3.9357 -1.0936e+01 -2.2002e-01 -6.5104e-03 -5.9904e-01 1.0938e+01
204 4.0558 -1.1070e+01 -3.1766e-01 -6.5494e-03 -6.0513e-01 1.1075e+01
205 4.1796 -1.1203e+01 -4.7605e-01 -6.5946e-03 -6.1130e-01 1.1213e+01
206 4.3072 -1.1349e+01 -6.6884e-01 -6.6426e-03 -6.1759e-01 1.1369e+01
207 4.4386 -1.1206e+01 -8.4997e-01 -6.6863e-03 -6.1294e-01 1.1238e+01
208 4.5741 -1.1060e+01 -8.9119e-01 -6.7349e-03 -6.0825e-01 1.1095e+01
209 4.7136 -1.1058e+01 -8.8269e-01 -6.7874e-03 -6.0939e-01 1.1093e+01
210 4.8575 -1.1153e+01 -9.3472e-01 -6.8429e-03 -6.1443e-01 1.1192e+01
211 5.0057 -1.1169e+01 -9.2385e-01 -6.8722e-03 -6.1608e-01 1.1207e+01
212 5.1584 -1.1337e+01 -1.0621e+00 -6.8628e-03 -6.2455e-01 1.1387e+01
213 5.3158 -1.1427e+01 -1.1560e+00 -6.7024e-03 -6.2632e-01 1.1485e+01
214 5.4779 -1.1445e+01 -1.3713e+00 -6.5894e-03 -6.2535e-01 1.1527e+01
215 5.6450 -1.1219e+01 -1.5956e+00 -6.5206e-03 -6.1289e-01 1.1332e+01
216 5.8172 -1.1077e+01 -1.6185e+00 -6.6095e-03 -6.0958e-01 1.1194e+01
217 5.9947 -1.1169e+01 -1.6399e+00 -6.6100e-03 -6.1276e-01 1.1289e+01
218 6.1775 -1.0938e+01 -1.7406e+00 -6.6192e-03 -6.0295e-01 1.1076e+01
219 6.3659 -1.0517e+01 -1.6813e+00 -6.6775e-03 -5.8651e-01 1.0650e+01
220 6.5601 -1.0583e+01 -1.2735e+00 -6.7359e-03 -5.8678e-01 1.0660e+01
221 6.7601 -1.0795e+01 -1.0060e+00 -6.9132e-03 -5.9921e-01 1.0842e+01
222 6.9663 -1.1339e+01 -1.1682e+00 -7.1163e-03 -6.2674e-01 1.1399e+01
223 7.1787 -1.1590e+01 -1.2582e+00 -7.1547e-03 -6.3697e-01 1.1659e+01
224 7.3976 -1.1735e+01 -1.3400e+00 -7.1288e-03 -6.4156e-01 1.1811e+01
225 7.6232 -1.1879e+01 -1.4249e+00 -6.9605e-03 -6.4603e-01 1.1965e+01
226 7.8556 -1.1967e+01 -1.4784e+00 -6.8074e-03 -6.4733e-01 1.2058e+01
227 8.0951 -1.2496e+01 -1.7989e+00 -6.8978e-03 -6.6938e-01 1.2625e+01
228 8.3419 -1.2555e+01 -1.9133e+00 -6.9562e-03 -6.7320e-01 1.2700e+01
229 8.5962 -1.3640e+01 -2.5126e+00 -7.1441e-03 -7.1792e-01 1.3869e+01
230 8.8583 -1.4023e+01 -4.1343e+00 -7.2860e-03 -7.3562e-01 1.4620e+01
231 9.1284 -1.2030e+01 -4.6499e+00 -7.1418e-03 -6.4816e-01 1.2897e+01
232 9.4066 -1.1962e+01 -3.3812e+00 -7.2084e-03 -6.4292e-01 1.2431e+01
233 9.6934 -1.2412e+01 -3.0364e+00 -7.3256e-03 -6.6676e-01 1.2778e+01
234 9.9889 -1.2856e+01 -3.5195e+00 -7.4294e-03 -6.9085e-01 1.3329e+01
235 10.2934 -1.3266e+01 -4.3799e+00 -7.4994e-03 -7.1062e-01 1.3970e+01
236 10.6071 -1.3648e+01 -4.5375e+00 -7.6160e-03 -7.3318e-01 1.4383e+01
237 10.9304 -1.4389e+01 -5.3942e+00 -7.7529e-03 -7.6347e-01 1.5367e+01
238 11.2636 -1.4789e+01 -7.2690e+00 -7.6474e-03 -7.6987e-01 1.6479e+01
239 11.6069 -1.5183e+01 -9.5045e+00 -7.4305e-03 -7.7460e-01 1.7913e+01
240 11.9607 -1.1346e+01 -1.1941e+01 -7.2071e-03 -6.2978e-01 1.6472e+01
241 12.3252 -5.3903e+00 -1.0816e+01 -6.9949e-03 -3.9465e-01 1.2085e+01
242 12.7008 -6.1975e+00 -6.4840e+00 -7.5409e-03 -4.4969e-01 8.9694e+00
243 13.0879 -9.1988e+00 -4.9661e+00 -8.1693e-03 -5.8534e-01 1.0454e+01
244 13.4868 -1.0480e+01 -5.3146e+00 -8.6101e-03 -6.4542e-01 1.1751e+01
245 13.8978 -1.0308e+01 -6.7382e+00 -8.7845e-03 -6.4461e-01 1.2315e+01
246 14.3213 -9.7130e+00 -7.5518e+00 -8.7461e-03 -6.4309e-01 1.2303e+01
247 14.7577 -8.9963e+00 -7.4211e+00 -8.7567e-03 -6.1723e-01 1.1662e+01
248 15.2074 -8.3226e+00 -6.9874e+00 -8.9379e-03 -5.8119e-01 1.0867e+01
249 15.6708 -9.0581e+00 -6.7696e+00 -9.4797e-03 -6.2228e-01 1.1308e+01
250 16.1484 -9.2162e+00 -7.0470e+00 -9.3807e-03 -6.3211e-01 1.1602e+01
251 16.6404 -9.4063e+00 -7.2026e+00 -8.7632e-03 -6.3038e-01 1.1847e+01
252 17.1475 -8.7022e+00 -7.7424e+00 -8.9483e-03 -5.9806e-01 1.1648e+01
253 17.6700 -9.0011e+00 -7.6336e+00 -8.0929e-03 -6.0173e-01 1.1802e+01
254 18.2084 -9.0397e+00 -7.8698e+00 -6.9191e-03 -6.0439e-01 1.1985e+01
255 18.7632 -7.8797e+00 -8.7587e+00 -6.9866e-03 -5.6687e-01 1.1782e+01
256 19.3349 -7.8608e+00 -8.3038e+00 -7.8624e-03 -5.7784e-01 1.1434e+01
257 19.9240 -8.3151e+00 -7.7301e+00 -7.7072e-03 -5.8495e-01 1.1353e+01
258 20.5311 -9.2064e+00 -8.4209e+00 -8.0146e-03 -6.4007e-01 1.2477e+01
259 21.1566 -9.3156e+00 -1.0166e+01 -9.1093e-03 -6.7866e-01 1.3789e+01
260 21.8012 -8.1384e+00 -1.0893e+01 -4.4661e-03 -5.6024e-01 1.3597e+01
261 22.4654 -7.0194e+00 -1.1451e+01 -3.1702e-03 -4.5689e-01 1.3431e+01
262 23.1499 -7.3516e+00 -1.1374e+01 -4.0917e-03 -4.7999e-01 1.3543e+01
263 23.8552 -6.9973e+00 -1.1880e+01 -2.9608e-03 -4.4285e-01 1.3788e+01
264 24.5819 -5.8566e+00 -1.3208e+01 -1.1415e-03 -3.2158e-01 1.4448e+01
265 25.3308 -3.9116e+00 -1.3890e+01 1.0792e-03 -1.0525e-01 1.4430e+01
266 26.1025 -2.3857e+00 -1.4655e+01 1.0814e-03 6.9108e-03 1.4848e+01
267 26.8978 2.4989e+00 -1.5585e+01 7.7160e-04 2.0948e-01 1.5784e+01
268 27.7172 4.2841e+00 -1.1605e+01 8.2560e-04 2.7192e-01 1.2371e+01
269 28.5616 2.8972e+00 -8.6030e+00 -1.0651e-04 1.8842e-01 9.0778e+00
270 29.4317 1.3472e+00 -7.4958e+00 -1.1866e-03 8.0852e-02 7.6159e+00
271 30.3283 8.3250e-01 -7.4498e+00 -2.1855e-03 -1.4246e-04 7.4961e+00
272 31.2522 -6.1636e-01 -8.1809e+00 -2.9535e-03 -1.1117e-01 8.2041e+00
273 32.2043 -9.8500e-01 -9.3587e+00 -2.3392e-03 -1.1853e-01 9.4104e+00
274 33.1853 1.5799e+00 -8.4146e+00 -1.0778e-03 6.6392e-02 8.5617e+00
275 34.1962 1.5654e+00 -7.2367e+00 -1.3700e-03 6.8463e-02 7.4041e+00
276 35.2379 1.0103e+00 -7.1040e+00 -2.0416e-03 3.3603e-02 7.1755e+00
277 36.3114 1.5450e-01 -8.0587e+00 -2.3868e-03 -8.1980e-03 8.0602e+00
278 37.4175 2.3750e+00 -8.3416e+00 -2.8882e-04 1.4864e-01 8.6732e+00
279 38.5573 3.1745e+00 -7.8051e+00 -3.1084e-04 1.7335e-01 8.4260e+00
280 39.7318 3.7790e+00 -6.8540e+00 1.6096e-04 2.0141e-01 7.8267e+00
281 40.9421 3.6805e+00 -5.9560e+00 9.9872e-04 2.2521e-01 7.0014e+00
282 42.1892 3.5488e+00 -5.5250e+00 1.4993e-03 2.3514e-01 6.5665e+00
283 43.4744 3.8011e+00 -4.7085e+00 1.4433e-03 2.3890e-01 6.0513e+00
284 44.7986 3.5082e+00 -4.2957e+00 1.1838e-03 2.1804e-01 5.5462e+00
285 46.1632 3.5617e+00 -4.1268e+00 8.2993e-04 2.0673e-01 5.4512e+00
286 47.5694 3.4539e+00 -3.6359e+00 9.0060e-04 2.0611e-01 5.0149e+00
287 49.0184 3.3132e+00 -3.0750e+00 1.0407e-03 2.0257e-01 4.5203e+00
288 50.5115 2.9673e+00 -3.0642e+00 1.5201e-03 1.8803e-01 4.2655e+00
289 52.0501 2.9066e+00 -2.6594e+00 2.3277e-03 1.9903e-01 3.9396e+00
290 53.6355 2.6500e+00 -2.5075e+00 2.5756e-03 1.8708e-01 3.6483e+00
291 55.2692 2.5593e+00 -2.5129e+00 2.5266e-03 1.7995e-01 3.5867e+00
292 56.9527 2.7334e+00 -2.1605e+00 2.2125e-03 1.7737e-01 3.4841e+00
293 58.6874 2.5906e+00 -1.8674e+00 1.7203e-03 1.5914e-01 3.1935e+00
294 60.4750 2.4055e+00 -1.5817e+00 1.6070e-03 1.4494e-01 2.8789e+00
295 62.3170 2.1717e+00 -1.3966e+00 1.7790e-03 1.3499e-01 2.5820e+00
296 64.2152 1.8916e+00 -1.4234e+00 1.9133e-03 1.2723e-01 2.3674e+00
297 66.1711 1.6688e+00 -1.4783e+00 1.9990e-03 1.2478e-01 2.2294e+00
298 68.1866 1.5720e+00 -1.6209e+00 2.0242e-03 1.2222e-01 2.2580e+00
299 70.2634 1.7386e+00 -1.4681e+00 2.0260e-03 1.1962e-01 2.2755e+00
300 72.4035 1.7733e+00 -1.2612e+00 1.8865e-03 1.0850e-01 2.1761e+00
301 74.6088 1.6709e+00 -1.1829e+00 1.6817e-03 9.8989e-02 2.0472e+00
302 76.8813 1.6956e+00 -1.0500e+00 1.6490e-03 9.6101e-02 1.9944e+00
303 79.2229 1.6228e+00 -9.0048e-01 1.6274e-03 9.5724e-02 1.8559e+00
304 81.6359 1.4944e+00 -8.0888e-01 1.6354e-03 9.5745e-02 1.6993e+00
305 84.1224 1.3059e+00 -9.2166e-01 1.6296e-03 8.8975e-02 1.5984e+00
306 86.6846 1.2613e+00 -9.6785e-01 1.5032e-03 8.3172e-02 1.5898e+00
307 89.3248 1.3229e+00 -9.0814e-01 1.3666e-03 8.1303e-02 1.6046e+00
308 92.0454 1.3920e+00 -7.5620e-01 1.3018e-03 7.8327e-02 1.5841e+00
309 94.8489 1.3619e+00 -6.2985e-01 1.2210e-03 7.5739e-02 1.5005e+00
310 97.7377 1.2430e+00 -6.9846e-01 1.1419e-03 7.0580e-02 1.4258e+00
311 100.7146 1.3062e+00 -6.1223e-01 1.0639e-03 6.9915e-02 1.4426e+00
312 103.7820 1.3432e+00 -4.7117e-01 1.0045e-03 6.9858e-02 1.4235e+00
313 106.9430 1.3170e+00 -2.6561e-01 9.4753e-04 6.8184e-02 1.3435e+00
314 110.2001 1.2004e+00 -1.5968e-01 8.6826e-04 6.2818e-02 1.2109e+00
315 113.5565 1.0855e+00 -9.8255e-02 7.9353e-04 5.7259e-02 1.0899e+00
316 117.0151 9.7737e-01 -3.6773e-02 7.2389e-04 5.1997e-02 9.7806e-01
317 120.5790 8.7690e-01 -3.0333e-02 6.6082e-04 4.7039e-02 8.7743e-01
318 124.2515 8.0111e-01 -3.1551e-02 6.0466e-04 4.3055e-02 8.0173e-01
319 nan -3.1588e-06 -1.4577e-15 -3.9155e-07 -2.7520e-06 6.1524e-06
320 nan -2.5693e-08 7.6619e-17 -2.8119e-09 -3.3181e-08 4.7753e-08
321 nan -0.0000e+00 -0.0000e+00 -0.0000e+00 -0.0000e+00 0.0000e+00
322 nan -0.0000e+00 -0.0000e+00 -0.0000e+00 -0.0000e+00 0.0000e+00
323 nan -0.0000e+00 -0.0000e+00 -0.0000e+00 -0.0000e+00 0.0000e+00
324 nan -0.0000e+00 -0.0000e+00 -0.0000e+00 -0.0000e+00 0.0000e+00
325 nan -0.0000e+00 -0.0000e+00 -0.0000e+00 -0.0000e+00 0.0000e+00
