# total DOS (states/eV/cell) and number of states below E, for each spin; E (eV) from the Fermi energy
# (from the top of the valence band for an insulator)
# made by dos_table.py on 2026-09-30 04:48 from /home/takao/ecalj/Samples/DOS/Fe_work
#   E(eV)     dos_spin1   dos_spin2  nstates_spin1  nstates_spin2
   -9.1765     0.00000     0.00000        0.00000        0.00000
   -9.1583     0.00000     0.00000        0.00000        0.00000
   -9.1402     0.00000     0.00000        0.00000        0.00000
   -9.1219     0.00000     0.00000        0.00000        0.00000
   -9.1037     0.00000     0.00000        0.00000        0.00000
   -9.0855     0.00000     0.00000        0.00000        0.00000
   -9.0674     0.00000     0.00000        0.00000        0.00000
   -9.0491     0.00000     0.00000        0.00000        0.00000
   -9.0309     0.00003     0.00000        0.00000        0.00000
   -9.0127     0.00013     0.00000        0.00000        0.00000
   -8.9946     0.00032     0.00000        0.00000        0.00000
   -8.9764     0.00061     0.00000        0.00001        0.00000
   -8.9581     0.00099     0.00000        0.00003        0.00000
   -8.9400     0.00146     0.00000        0.00005        0.00000
   -8.9218     0.00204     0.00000        0.00008        0.00000
   -8.9036     0.00270     0.00000        0.00012        0.00000
   -8.8853     0.00347     0.00000        0.00018        0.00000
   -8.8672     0.00432     0.00000        0.00025        0.00000
   -8.8490     0.00528     0.00002        0.00034        0.00000
   -8.8308     0.00632     0.00011        0.00044        0.00000
   -8.8125     0.00747     0.00029        0.00057        0.00000
   -8.7944     0.00870     0.00056        0.00071        0.00001
   -8.7762     0.01004     0.00093        0.00088        0.00002
   -8.7580     0.01146     0.00139        0.00108        0.00005
   -8.7398     0.02350     0.00194        0.00130        0.00007
   -8.7217     0.02441     0.00258        0.00193        0.00012
   -8.7034     0.01422     0.00332        0.00219        0.00017
   -8.6852     0.01459     0.00414        0.00245        0.00024
   -8.6670     0.01499     0.00507        0.00272        0.00032
   -8.6489     0.01540     0.00608        0.00300        0.00042
   -8.6306     0.01584     0.00719        0.00328        0.00054
   -8.6124     0.01629     0.00839        0.00357        0.00068
   -8.5942     0.01676     0.00968        0.00387        0.00085
   -8.5761     0.01725     0.01107        0.00418        0.00103
   -8.5578     0.01776     0.02311        0.00450        0.00125
   -8.5396     0.01829     0.02412        0.00483        0.00188
   -8.5215     0.01883     0.01398        0.00517        0.00213
   -8.5033     0.01940     0.01434        0.00551        0.00238
   -8.4851     0.01999     0.01471        0.00587        0.00265
   -8.4668     0.02059     0.01511        0.00624        0.00292
   -8.4487     0.02121     0.01552        0.00662        0.00320
   -8.4305     0.02185     0.01595        0.00701        0.00348
   -8.4123     0.02248     0.01640        0.00742        0.00378
   -8.3940     0.02310     0.01687        0.00783        0.00408
   -8.3759     0.02370     0.01736        0.00826        0.00439
   -8.3577     0.02429     0.01786        0.00869        0.00471
   -8.3395     0.02487     0.01838        0.00914        0.00504
   -8.3212     0.02542     0.01893        0.00960        0.00538
   -8.3031     0.02597     0.01949        0.01007        0.00573
   -8.2849     0.02650     0.02006        0.01054        0.00609
   -8.2667     0.02702     0.02066        0.01103        0.00646
   -8.2485     0.02752     0.02127        0.01153        0.00684
   -8.2304     0.02800     0.02189        0.01203        0.00724
   -8.2121     0.02848     0.02249        0.01255        0.00764
   -8.1939     0.02893     0.02308        0.01307        0.00805
   -8.1758     0.02937     0.02365        0.01360        0.00848
   -8.1576     0.03010     0.02421        0.01414        0.00892
   -8.1393     0.03104     0.02476        0.01469        0.00936
   -8.1211     0.03154     0.02529        0.01527        0.00982
   -8.1030     0.03169     0.02580        0.01584        0.01028
   -8.0848     0.03186     0.02630        0.01642        0.01076
   -8.0665     0.03204     0.02678        0.01700        0.01124
   -8.0483     0.03224     0.02725        0.01759        0.01173
   -8.0302     0.03246     0.02771        0.01817        0.01223
   -8.0120     0.03270     0.02815        0.01877        0.01274
   -7.9938     0.03296     0.02858        0.01936        0.01325
   -7.9755     0.03323     0.02899        0.01997        0.01378
   -7.9574     0.03352     0.02986        0.02057        0.01431
   -7.9392     0.03383     0.03067        0.02119        0.01486
   -7.9210     0.03416     0.03088        0.02181        0.01543
   -7.9027     0.03450     0.03101        0.02243        0.01599
   -7.8846     0.03486     0.03116        0.02306        0.01655
   -7.8664     0.03524     0.03133        0.02370        0.01712
   -7.8482     0.03564     0.03151        0.02434        0.01769
   -7.8299     0.03604     0.03171        0.02500        0.01827
   -7.8118     0.03646     0.03192        0.02565        0.01885
   -7.7936     0.03689     0.03215        0.02632        0.01943
   -7.7754     0.03734     0.03240        0.02700        0.02002
   -7.7573     0.03779     0.03266        0.02768        0.02061
   -7.7391     0.03826     0.03294        0.02837        0.02121
   -7.7208     0.03874     0.03323        0.02907        0.02181
   -7.7026     0.03924     0.03354        0.02978        0.02242
   -7.6845     0.03975     0.03387        0.03050        0.02303
   -7.6663     0.04027     0.03421        0.03123        0.02365
   -7.6480     0.04080     0.03456        0.03197        0.02427
   -7.6298     0.04134     0.03493        0.03271        0.02491
   -7.6117     0.04190     0.03530        0.03347        0.02554
   -7.5935     0.04206     0.03569        0.03424        0.02619
   -7.5752     0.04218     0.03609        0.03500        0.02684
   -7.5570     0.04267     0.03650        0.03577        0.02750
   -7.5389     0.04317     0.03692        0.03655        0.02817
   -7.5207     0.04368     0.03735        0.03734        0.02885
   -7.5025     0.04418     0.03779        0.03814        0.02953
   -7.4842     0.04470     0.03825        0.03895        0.03022
   -7.4661     0.04521     0.03871        0.03977        0.03092
   -7.4479     0.04573     0.03919        0.04060        0.03163
   -7.4297     0.04626     0.03967        0.04144        0.03235
   -7.4116     0.04679     0.04017        0.04228        0.03308
   -7.3933     0.04732     0.04042        0.04314        0.03381
   -7.3751     0.04785     0.04047        0.04400        0.03455
   -7.3569     0.04839     0.04074        0.04488        0.03528
   -7.3388     0.04894     0.04117        0.04576        0.03603
   -7.3205     0.04948     0.04161        0.04666        0.03678
   -7.3023     0.05001     0.04205        0.04757        0.03754
   -7.2841     0.05050     0.04250        0.04848        0.03831
   -7.2660     0.05097     0.04294        0.04940        0.03909
   -7.2478     0.05142     0.04339        0.05033        0.03988
   -7.2295     0.05183     0.04384        0.05127        0.04067
   -7.2113     0.05221     0.04429        0.05222        0.04147
   -7.1932     0.05257     0.04474        0.05317        0.04228
   -7.1750     0.05289     0.04520        0.05413        0.04310
   -7.1567     0.05319     0.04566        0.05510        0.04393
   -7.1385     0.05346     0.04612        0.05607        0.04476
   -7.1204     0.05370     0.04659        0.05705        0.04560
   -7.1022     0.05392     0.04704        0.05802        0.04646
   -7.0839     0.05490     0.04748        0.05901        0.04732
   -7.0658     0.05603     0.04789        0.06002        0.04818
   -7.0476     0.05655     0.04827        0.06105        0.04906
   -7.0294     0.05708     0.04862        0.06208        0.04994
   -7.0111     0.05762     0.04894        0.06312        0.05083
   -6.9931     0.05816     0.04924        0.06418        0.05172
   -6.9748     0.05871     0.04951        0.06524        0.05262
   -6.9566     0.05927     0.04975        0.06631        0.05352
   -6.9384     0.05984     0.04997        0.06740        0.05443
   -6.9203     0.06041     0.05016        0.06849        0.05534
   -6.9020     0.06099     0.05032        0.06960        0.05626
   -6.8838     0.06158     0.05045        0.07071        0.05717
   -6.8656     0.06218     0.05080        0.07184        0.05809
   -6.8475     0.06278     0.05159        0.07297        0.05902
   -6.8292     0.06339     0.05229        0.07412        0.05997
   -6.8110     0.06401     0.05268        0.07528        0.06092
   -6.7928     0.06463     0.05309        0.07645        0.06189
   -6.7747     0.06525     0.05349        0.07763        0.06286
   -6.7565     0.06588     0.05390        0.07883        0.06383
   -6.7382     0.06650     0.05431        0.08003        0.06482
   -6.7200     0.06713     0.05473        0.08125        0.06581
   -6.7019     0.06777     0.05515        0.08247        0.06681
   -6.6837     0.06840     0.05558        0.08371        0.06782
   -6.6654     0.06904     0.05600        0.08496        0.06883
   -6.6473     0.06969     0.05644        0.08622        0.06986
   -6.6291     0.07036     0.05687        0.08750        0.07089
   -6.6109     0.07105     0.05731        0.08879        0.07193
   -6.5926     0.07175     0.05776        0.09008        0.07297
   -6.5745     0.07245     0.05820        0.09140        0.07403
   -6.5563     0.07317     0.05865        0.09272        0.07509
   -6.5381     0.07393     0.05909        0.09406        0.07616
   -6.5198     0.07471     0.05953        0.09541        0.07724
   -6.5018     0.07552     0.05997        0.09678        0.07833
   -6.4835     0.07636     0.06040        0.09816        0.07942
   -6.4653     0.07723     0.06083        0.09956        0.08053
   -6.4471     0.07813     0.06126        0.10097        0.08164
   -6.4290     0.07905     0.06168        0.10240        0.08276
   -6.4107     0.08000     0.06210        0.10385        0.08388
   -6.3925     0.08098     0.06251        0.10531        0.08502
   -6.3743     0.08196     0.06293        0.10679        0.08616
   -6.3562     0.08297     0.06335        0.10829        0.08731
   -6.3379     0.08399     0.06377        0.10981        0.08846
   -6.3197     0.08503     0.06418        0.11135        0.08963
   -6.3016     0.08608     0.06460        0.11291        0.09080
   -6.2834     0.08716     0.06504        0.11448        0.09198
   -6.2651     0.08824     0.06549        0.11608        0.09316
   -6.2469     0.08935     0.06596        0.11770        0.09436
   -6.2288     0.09047     0.06645        0.11933        0.09557
   -6.2106     0.09161     0.06696        0.12099        0.09678
   -6.1924     0.09276     0.06748        0.12266        0.09800
   -6.1741     0.09393     0.06802        0.12436        0.09923
   -6.1560     0.09509     0.06858        0.12608        0.10048
   -6.1378     0.09623     0.06915        0.12782        0.10173
   -6.1196     0.09747     0.06974        0.12959        0.10299
   -6.1013     0.09876     0.07034        0.13137        0.10427
   -6.0832     0.10005     0.07095        0.13318        0.10555
   -6.0650     0.10133     0.07157        0.13501        0.10685
   -6.0468     0.10261     0.07219        0.13687        0.10816
   -6.0285     0.10387     0.07281        0.13875        0.10948
   -6.0105     0.10514     0.07345        0.14065        0.11081
   -5.9922     0.10639     0.07409        0.14257        0.11215
   -5.9740     0.10765     0.07473        0.14452        0.11350
   -5.9559     0.10897     0.07538        0.14649        0.11487
   -5.9377     0.11044     0.07604        0.14849        0.11625
   -5.9194     0.11274     0.07671        0.15051        0.11764
   -5.9012     0.11653     0.07738        0.15259        0.11904
   -5.8831     0.11980     0.07805        0.15475        0.12045
   -5.8649     0.12187     0.07864        0.15695        0.12188
   -5.8466     0.12403     0.07918        0.15918        0.12331
   -5.8284     0.12629     0.07981        0.16146        0.12476
   -5.8103     0.12863     0.08046        0.16378        0.12622
   -5.7921     0.13131     0.08109        0.16614        0.12769
   -5.7738     0.13420     0.08172        0.16856        0.12917
   -5.7556     0.13704     0.08234        0.17103        0.13066
   -5.7375     0.13993     0.08295        0.17355        0.13217
   -5.7193     0.14290     0.08354        0.17612        0.13368
   -5.7011     0.14597     0.08413        0.17875        0.13521
   -5.6828     0.14920     0.08471        0.18143        0.13674
   -5.6647     0.15265     0.08529        0.18418        0.13829
   -5.6465     0.15637     0.08585        0.18699        0.13985
   -5.6283     0.16035     0.08642        0.18987        0.14141
   -5.6100     0.16460     0.08702        0.19282        0.14299
   -5.5919     0.16911     0.08763        0.19586        0.14458
   -5.5737     0.17389     0.08827        0.19898        0.14618
   -5.5555     0.17893     0.08894        0.20219        0.14779
   -5.5374     0.18423     0.08963        0.20549        0.14942
   -5.5191     0.18988     0.09034        0.20889        0.15105
   -5.5009     0.19596     0.09177        0.21240        0.15271
   -5.4827     0.20257     0.09331        0.21602        0.15439
   -5.4646     0.21010     0.09422        0.21977        0.15610
   -5.4464     0.21937     0.09510        0.22367        0.15782
   -5.4281     0.23721     0.09600        0.22775        0.15956
   -5.4099     0.26586     0.09694        0.23230        0.16132
   -5.3918     0.29898     0.09789        0.23743        0.16309
   -5.3736     0.33497     0.09884        0.24318        0.16488
   -5.3553     0.37476     0.09980        0.24962        0.16669
   -5.3371     0.41653     0.10078        0.25682        0.16851
   -5.3190     0.45597     0.10176        0.26478        0.17035
   -5.3008     0.49431     0.10275        0.27341        0.17221
   -5.2825     0.53941     0.10375        0.28277        0.17409
   -5.2643     0.53940     0.10477        0.29304        0.17599
   -5.2462     0.50525     0.10579        0.30240        0.17791
   -5.2280     0.49056     0.10682        0.31143        0.17984
   -5.2098     0.48958     0.10787        0.32025        0.18179
   -5.1917     0.49971     0.10892        0.32925        0.18377
   -5.1734     0.51047     0.10999        0.33843        0.18576
   -5.1552     0.52181     0.11106        0.34782        0.18777
   -5.1370     0.53369     0.11215        0.35742        0.18980
   -5.1189     0.54604     0.11324        0.36724        0.19185
   -5.1006     0.55856     0.11435        0.37729        0.19392
   -5.0824     0.57102     0.11547        0.38757        0.19601
   -5.0642     0.58354     0.11663        0.39808        0.19812
   -5.0461     0.59690     0.11784        0.40881        0.20026
   -5.0278     0.61029     0.11910        0.41980        0.20241
   -5.0096     0.62442     0.12040        0.43102        0.20459
   -4.9914     0.64281     0.12174        0.44252        0.20679
   -4.9733     0.66234     0.12313        0.45441        0.20902
   -4.9551     0.67878     0.12456        0.46663        0.21127
   -4.9368     0.68897     0.12603        0.47911        0.21355
   -4.9186     0.69407     0.12755        0.49170        0.21586
   -4.9005     0.69923     0.12912        0.50437        0.21820
   -4.8823     0.70497     0.13073        0.51714        0.22056
   -4.8640     0.71142     0.13238        0.53003        0.22295
   -4.8459     0.72002     0.13408        0.54303        0.22538
   -4.8277     0.73219     0.13582        0.55623        0.22783
   -4.8095     0.74869     0.13760        0.56968        0.23032
   -4.7912     0.76837     0.13942        0.58348        0.23284
   -4.7731     0.78993     0.14127        0.59764        0.23539
   -4.7549     0.81375     0.14317        0.61222        0.23798
   -4.7367     0.83908     0.14510        0.62726        0.24060
   -4.7185     0.86625     0.14707        0.64276        0.24326
   -4.7004     0.89602     0.14908        0.65878        0.24596
   -4.6821     0.93070     0.15112        0.67537        0.24869
   -4.6639     0.98559     0.15321        0.69265        0.25145
   -4.6457     1.06652     0.15533        0.71123        0.25426
   -4.6276     1.12876     0.15749        0.73146        0.25711
   -4.6093     1.14552     0.15971        0.75231        0.25999
   -4.5911     1.09897     0.16217        0.77315        0.26292
   -4.5729     1.01237     0.16489        0.79231        0.26590
   -4.5548     0.91955     0.16774        0.80999        0.26892
   -4.5365     0.79126     0.17070        0.82577        0.27200
   -4.5183     0.70036     0.17376        0.83879        0.27513
   -4.5001     0.68066     0.17693        0.85126        0.27832
   -4.4820     0.66947     0.18019        0.86356        0.28157
   -4.4638     0.65669     0.18656        0.87562        0.28488
   -4.4455     0.65005     0.19693        0.88746        0.28836
   -4.4274     0.64523     0.20406        0.89928        0.29205
   -4.4092     0.63269     0.20773        0.91094        0.29579
   -4.3910     0.61603     0.21290        0.92230        0.29961
   -4.3727     0.59898     0.21930        0.93336        0.30353
   -4.3546     0.58143     0.22646        0.94410        0.30759
   -4.3364     0.56321     0.23421        0.95452        0.31178
   -4.3182     0.54900     0.24254        0.96460        0.31611
   -4.2999     0.53724     0.25138        0.97450        0.32060
   -4.2818     0.52188     0.26069        0.98415        0.32526
   -4.2636     0.50582     0.27048        0.99349        0.33009
   -4.2454     0.49172     0.28085        1.00255        0.33510
   -4.2272     0.47959     0.29224        1.01138        0.34031
   -4.2091     0.46941     0.30505        1.02001        0.34574
   -4.1908     0.46061     0.31938        1.02847        0.35141
   -4.1726     0.45248     0.33518        1.03677        0.35736
   -4.1544     0.45484     0.35134        1.04493        0.36361
   -4.1363     0.45116     0.36521        1.05332        0.37015
   -4.1180     0.43000     0.37544        1.06135        0.37690
   -4.0998     0.41081     0.37664        1.06897        0.38381
   -4.0817     0.39782     0.36639        1.07630        0.39061
   -4.0635     0.38951     0.35433        1.08345        0.39714
   -4.0452     0.38366     0.34700        1.09048        0.40350
   -4.0270     0.37814     0.34489        1.09741        0.40977
   -4.0089     0.37032     0.34635        1.10424        0.41605
   -3.9907     0.36039     0.34852        1.11089        0.42238
   -3.9725     0.34802     0.35061        1.11735        0.42874
   -3.9542     0.33385     0.35263        1.12355        0.43513
   -3.9361     0.32028     0.35455        1.12950        0.44157
   -3.9179     0.30731     0.35636        1.13521        0.44804
   -3.8997     0.29365     0.35799        1.14069        0.45454
   -3.8814     0.29814     0.35938        1.14590        0.46107
   -3.8633     0.28340     0.36050        1.15154        0.46762
   -3.8451     0.25756     0.36138        1.15621        0.47418
   -3.8269     0.25975     0.36200        1.16091        0.48077
   -3.8086     0.26457     0.36240        1.16566        0.48736
   -3.7905     0.30509     0.36281        1.17054        0.49396
   -3.7723     0.52051     0.36344        1.17676        0.50056
   -3.7541     0.80745     0.36433        1.18948        0.50718
   -3.7359     1.02200     0.36545        1.20615        0.51382
   -3.7178     1.24076     0.36612        1.22667        0.52048
   -3.6995     1.47939     0.36598        1.25130        0.52714
   -3.6813     1.78000     0.36507        1.28051        0.53380
   -3.6632     2.01709     0.36455        1.31608        0.54043
   -3.6450     2.10459     0.36754        1.35391        0.54707
   -3.6267     2.08121     0.37503        1.39267        0.55381
   -3.6085     1.88409     0.38551        1.42965        0.56071
   -3.5904     1.68180     0.39834        1.46124        0.56783
   -3.5722     1.49036     0.41426        1.49086        0.57521
   -3.5539     1.31509     0.44458        1.51547        0.58291
   -3.5357     1.25662     0.47535        1.53872        0.59139
   -3.5176     1.20641     0.47851        1.56120        0.60021
   -3.4994     1.14705     0.47708        1.58262        0.60880
   -3.4812     1.08730     0.48697        1.60295        0.61757
   -3.4629     1.03763     0.49729        1.62219        0.62653
   -3.4448     1.00389     0.50763        1.64071        0.63567
   -3.4266     0.97823     0.51795        1.65872        0.64500
   -3.4084     0.95677     0.52853        1.67631        0.65452
   -3.3901     0.94111     0.53969        1.69354        0.66423
   -3.3720     0.93119     0.55163        1.71056        0.67416
   -3.3538     0.92302     0.56427        1.72743        0.68431
   -3.3356     0.91145     0.57746        1.74415        0.69469
   -3.3175     0.89777     0.59264        1.76060        0.70532
   -3.2992     0.88854     0.61379        1.77682        0.71626
   -3.2810     0.89233     0.63938        1.79293        0.72766
   -3.2628     0.87216     0.66720        1.80929        0.73953
   -3.2447     0.83853     0.69486        1.82467        0.75194
   -3.2265     0.79601     0.70937        1.83981        0.76482
   -3.2082     0.74939     0.71294        1.85364        0.77776
   -3.1900     0.73188     0.71095        1.86708        0.79076
   -3.1719     0.72241     0.70521        1.88028        0.80363
   -3.1537     0.72327     0.71055        1.89337        0.81643
   -3.1354     0.73614     0.72363        1.90660        0.82949
   -3.1172     0.75995     0.71995        1.92016        0.84276
   -3.0991     0.79029     0.69793        1.93425        0.85569
   -3.0809     0.82110     0.67079        1.94892        0.86816
   -3.0626     0.85073     0.64060        1.96414        0.88010
   -3.0444     0.87961     0.61061        1.97988        0.89147
   -3.0263     0.90848     0.58388        1.99615        0.90232
   -3.0081     0.94593     0.55415        2.01294        0.91272
   -2.9899     0.99284     0.52150        2.03057        0.92249
   -2.9718     1.03283     0.50025        2.04907        0.93170
   -2.9535     1.06684     0.48739        2.06816        0.94069
   -2.9353     1.15344     0.47376        2.08790        0.94944
   -2.9171     1.14210     0.46176        2.11013        0.95793
   -2.8990     1.07790     0.45285        2.12946        0.96624
   -2.8807     1.11647     0.44712        2.14936        0.97441
   -2.8625     1.16076     0.44456        2.17009        0.98251
   -2.8443     1.20257     0.44044        2.19160        0.99059
   -2.8262     1.24324     0.42310        2.21385        0.99854
   -2.8079     1.28392     0.39911        2.23685        1.00599
   -2.7897     1.38001     0.37877        2.26058        1.01306
   -2.7715     1.57265     0.35984        2.28707        1.01977
   -2.7534     1.68614     0.34219        2.31781        1.02616
   -2.7352     1.66501     0.32503        2.34843        1.03223
   -2.7169     1.62256     0.30857        2.37840        1.03799
   -2.6987     1.56072     0.29338        2.40748        1.04346
   -2.6806     1.49352     0.28111        2.43520        1.04866
   -2.6624     1.43710     0.27030        2.46183        1.05369
   -2.6441     1.35702     0.25898        2.48750        1.05850
   -2.6259     1.26716     0.24771        2.51121        1.06311
   -2.6078     1.21877     0.23650        2.53361        1.06752
   -2.5896     1.17797     0.22534        2.55557        1.07172
   -2.5713     1.13486     0.23240        2.57648        1.07572
   -2.5532     1.07964     0.21709        2.59687        1.08017
   -2.5350     0.99908     0.18202        2.61577        1.08362
   -2.5168     0.91405     0.17189        2.63322        1.08680
   -2.4985     0.83672     0.16891        2.64904        1.08987
   -2.4805     0.76241     0.16880        2.66367        1.09295
   -2.4622     0.63996     0.16861        2.67678        1.09601
   -2.4440     0.54050     0.16860        2.68696        1.09908
   -2.4258     0.50557     0.16884        2.69645        1.10215
   -2.4077     0.47761     0.17874        2.70536        1.10523
   -2.3894     0.45687     0.22175        2.71383        1.10866
   -2.3712     0.44208     0.31383        2.72199        1.11330
   -2.3530     0.43186     0.46663        2.72992        1.12008
   -2.3349     0.42486     0.65459        2.73770        1.13028
   -2.3166     0.41944     0.84859        2.74538        1.14390
   -2.2984     0.43284     1.04299        2.75297        1.16116
   -2.2802     0.42288     1.05816        2.76113        1.18185
   -2.2621     0.39310     0.96856        2.76836        1.19967
   -2.2439     0.38540     0.97003        2.77544        1.21710
   -2.2256     0.37813     1.01977        2.78238        1.23497
   -2.2075     0.37129     1.09141        2.78920        1.25421
   -2.1893     0.36505     1.14217        2.79590        1.27469
   -2.1711     0.35966     1.19388        2.80248        1.29578
   -2.1528     0.35558     1.24204        2.80898        1.31814
   -2.1347     0.35365     1.29246        2.81543        1.34098
   -2.1165     0.35419     1.27591        2.82185        1.36517
   -2.0983     0.35537     1.20336        2.82831        1.38741
   -2.0800     0.35477     1.20565        2.83479        1.40896
   -2.0619     0.34816     1.21201        2.84123        1.43129
   -2.0437     0.34375     1.20649        2.84746        1.45307
   -2.0255     0.34709     1.21397        2.85374        1.47519
   -2.0072     0.35758     1.20853        2.86009        1.49725
   -1.9892     0.37836     1.20475        2.86675        1.51917
   -1.9709     0.39233     1.20114        2.87386        1.54109
   -1.9527     0.40149     1.19108        2.88103        1.56289
   -1.9345     0.41748     1.17745        2.88847        1.58444
   -1.9164     0.43045     1.16474        2.89622        1.60574
   -1.8981     0.43688     1.15741        2.90413        1.62682
   -1.8799     0.44163     1.16012        2.91212        1.64786
   -1.8618     0.44649     1.16469        2.92021        1.66904
   -1.8436     0.44270     1.15956        2.92837        1.69024
   -1.8253     0.42865     1.14255        2.93632        1.71124
   -1.8071     0.41764     1.13198        2.94397        1.73182
   -1.7890     0.41963     1.12822        2.95152        1.75244
   -1.7708     0.42959     1.11262        2.95924        1.77288
   -1.7525     0.44040     1.09442        2.96715        1.79293
   -1.7343     0.45200     1.08061        2.97526        1.81271
   -1.7162     0.46438     1.06809        2.98360        1.83225
   -1.6980     0.47756     1.05548        2.99216        1.85158
   -1.6798     0.49153     1.04039        3.00098        1.87066
   -1.6615     0.50628     1.02228        3.01005        1.88944
   -1.6434     0.52247     1.00126        3.01940        1.90787
   -1.6252     0.54127     0.97821        3.02907        1.92588
   -1.6070     0.56662     0.95137        3.03910        1.94347
   -1.5887     0.59620     0.92943        3.04969        1.96050
   -1.5706     0.62524     0.91985        3.06080        1.97729
   -1.5524     0.65571     0.92086        3.07244        1.99397
   -1.5342     0.68855     0.92979        3.08466        2.01080
   -1.5159     0.72377     0.92860        3.09750        2.02781
   -1.4979     0.76137     0.92416        3.11100        2.04460
   -1.4796     0.80134     0.92887        3.12520        2.06144
   -1.4614     0.85531     0.92862        3.14016        2.07840
   -1.4433     0.94049     0.92150        3.15633        2.09524
   -1.4251     1.04400     0.91987        3.17439        2.11193
   -1.4068     1.12861     0.92645        3.19432        2.12871
   -1.3886     1.21483     0.93664        3.21546        2.14565
   -1.3705     1.30202     0.94958        3.23853        2.16280
   -1.3523     1.36447     0.96505        3.26284        2.18021
   -1.3340     1.42383     0.98199        3.28819        2.19792
   -1.3158     1.53382     1.00172        3.31466        2.21594
   -1.2977     1.68585     1.03465        3.34401        2.23437
   -1.2795     1.77095     1.09759        3.37601        2.25360
   -1.2612     1.74029     1.17266        3.40846        2.27432
   -1.2430     1.67996     1.23057        3.43934        2.29627
   -1.2249     1.65005     1.27139        3.46959        2.31910
   -1.2067     1.62933     1.30090        3.49939        2.34254
   -1.1885     1.63063     1.32189        3.52889        2.36644
   -1.1702     1.63038     1.33604        3.55873        2.39065
   -1.1521     1.62026     1.34498        3.58822        2.41506
   -1.1339     1.62460     1.34689        3.61770        2.43959
   -1.1157     1.64253     1.33446        3.64734        2.46408
   -1.0976     1.76102     1.28820        3.67747        2.48816
   -1.0793     1.94875     1.22627        3.71143        2.51096
   -1.0611     2.10927     1.17089        3.74839        2.53278
   -1.0429     2.16954     1.11289        3.78819        2.55357
   -1.0248     2.18928     1.06325        3.82734        2.57328
   -1.0065     2.18965     1.02858        3.86786        2.59226
   -0.9883     2.12792     1.01422        3.90703        2.61071
   -0.9701     2.06244     0.99559        3.94530        2.62917
   -0.9520     1.98496     0.92214        3.98208        2.64695
   -0.9338     1.98880     0.84781        4.01754        2.66273
   -0.9155     2.01366     0.81675        4.05446        2.67780
   -0.8973     1.98249     0.80502        4.09082        2.69245
   -0.8792     1.95635     0.79097        4.12661        2.70710
   -0.8610     2.02773     0.76308        4.16201        2.72124
   -0.8427     2.25050     0.74708        4.20040        2.73487
   -0.8245     2.45075     0.71740        4.24391        2.74843
   -0.8064     2.31490     0.65102        4.28959        2.76097
   -0.7882     1.93431     0.57248        4.32816        2.77212
   -0.7699     1.54793     0.53009        4.35998        2.78181
   -0.7517     1.28939     0.45255        4.38449        2.79141
   -0.7336     1.19862     0.34157        4.40690        2.79828
   -0.7154     1.14000     0.29841        4.42811        2.80384
   -0.6972     1.09267     0.28760        4.44839        2.80914
   -0.6791     1.05582     0.28178        4.46787        2.81431
   -0.6608     1.02756     0.27740        4.48681        2.81939
   -0.6426     1.00256     0.27369        4.50527        2.82440
   -0.6244     0.98034     0.27065        4.52330        2.82935
   -0.6063     0.95924     0.26827        4.54095        2.83425
   -0.5880     0.93784     0.26655        4.55821        2.83911
   -0.5698     0.91706     0.26550        4.57508        2.84395
   -0.5516     0.89857     0.28378        4.59158        2.84877
   -0.5335     0.88326     0.27853        4.60778        2.85428
   -0.5152     0.87505     0.25266        4.62372        2.85891
   -0.4970     0.86796     0.24877        4.63962        2.86347
   -0.4788     0.85740     0.24499        4.65531        2.86796
   -0.4607     0.84846     0.24133        4.67082        2.87239
   -0.4425     0.84127     0.23777        4.68619        2.87675
   -0.4242     0.83521     0.23432        4.70144        2.88104
   -0.4060     0.83124     0.23099        4.71658        2.88527
   -0.3879     0.82292     0.22790        4.73169        2.88945
   -0.3697     0.80701     0.22553        4.74653        2.89357
   -0.3514     0.79312     0.22431        4.76106        2.89765
   -0.3333     0.78227     0.22410        4.77539        2.90173
   -0.3151     0.77032     0.22459        4.78953        2.90581
   -0.2969     0.75645     0.22643        4.80343        2.90990
   -0.2786     0.73566     0.23058        4.81705        2.91405
   -0.2605     0.72218     0.23457        4.83020        2.91829
   -0.2423     0.71842     0.23492        4.84334        2.92259
   -0.2241     0.71294     0.23004        4.85634        2.92684
   -0.2059     0.71361     0.21272        4.86928        2.93096
   -0.1878     0.71254     0.19342        4.88231        2.93459
   -0.1695     0.70277     0.18718        4.89521        2.93800
   -0.1513     0.69158     0.18762        4.90789        2.94140
   -0.1331     0.68784     0.19027        4.92038        2.94482
   -0.1150     0.71535     0.19417        4.93292        2.94832
   -0.0967     0.72589     0.19767        4.94641        2.95189
   -0.0785     0.69566     0.20398        4.95934        2.95552
   -0.0603     0.67912     0.21564        4.97173        2.95931
   -0.0422     0.67529     0.23729        4.98405        2.96336
   -0.0239     0.67141     0.23829        4.99630        2.96795
   -0.0057     0.67615     0.22635        5.00849        2.97203
    0.0124     0.66852     0.22918        5.02091        2.97619
    0.0306     0.65265     0.23013        5.03281        2.98037
    0.0488     0.64952     0.23071        5.04466        2.98456
    0.0671     0.65996     0.23547        5.05645        2.98877
    0.0852     0.67627     0.24335        5.06868        2.99313
    0.1034     0.68574     0.25003        5.08106        2.99763
    0.1216     0.69639     0.25478        5.09363        3.00223
    0.1399     0.70722     0.25369        5.10641        3.00690
    0.1580     0.71842     0.25346        5.11937        3.01146
    0.1762     0.73831     0.25896        5.13255        3.01612
    0.1944     0.80326     0.26492        5.14624        3.02089
    0.2127     0.81073     0.27134        5.16178        3.02576
    0.2308     0.74230     0.27822        5.17574        3.03076
    0.2490     0.67667     0.28556        5.18880        3.03589
    0.2672     0.60777     0.29336        5.20037        3.04115
    0.2854     0.55953     0.30162        5.21091        3.04656
    0.3035     0.50070     0.31033        5.22073        3.05213
    0.3218     0.41041     0.31951        5.22914        3.05786
    0.3400     0.33723     0.32914        5.23567        3.06376
    0.3582     0.29902     0.33924        5.24141        3.06984
    0.3763     0.26904     0.34996        5.24655        3.07610
    0.3946     0.24395     0.36195        5.25120        3.08257
    0.4128     0.22250     0.37579        5.25543        3.08928
    0.4309     0.20469     0.39265        5.25930        3.09625
    0.4491     0.19019     0.41702        5.26288        3.10356
    0.4674     0.17828     0.44848        5.26622        3.11142
    0.4856     0.16839     0.48190        5.26936        3.11989
    0.5037     0.16134     0.52101        5.27235        3.12896
    0.5219     0.15742     0.56773        5.27523        3.13885
    0.5401     0.15568     0.59935        5.27807        3.14962
    0.5584     0.15465     0.61743        5.28090        3.16066
    0.5765     0.15205     0.64052        5.28370        3.17209
    0.5947     0.14980     0.66487        5.28643        3.18397
    0.6129     0.14916     0.68865        5.28915        3.19629
    0.6312     0.14859     0.70920        5.29186        3.20903
    0.6493     0.14822     0.73282        5.29456        3.22210
    0.6675     0.14805     0.73333        5.29726        3.23570
    0.6857     0.14800     0.72252        5.29995        3.24878
    0.7040     0.14795     0.73091        5.30264        3.26199
    0.7221     0.14787     0.74119        5.30533        3.27538
    0.7403     0.14775     0.75279        5.30802        3.28896
    0.7585     0.14748     0.76657        5.31071        3.30278
    0.7766     0.14701     0.78042        5.31339        3.31686
    0.7948     0.14631     0.79324        5.31606        3.33118
    0.8131     0.14529     0.80590        5.31872        3.34573
    0.8313     0.14412     0.81884        5.32135        3.36051
    0.8494     0.14358     0.83165        5.32396        3.37553
    0.8676     0.14361     0.84048        5.32657        3.39077
    0.8859     0.14363     0.84810        5.32919        3.40611
    0.9041     0.14364     0.85900        5.33180        3.42164
    0.9222     0.14362     0.87081        5.33441        3.43738
    0.9404     0.14358     0.88807        5.33703        3.45333
    0.9587     0.14353     0.90861        5.33964        3.46969
    0.9769     0.14346     0.92892        5.34225        3.48639
    0.9950     0.14336     0.95029        5.34486        3.50350
    1.0132     0.14325     0.97030        5.34747        3.52098
    1.0314     0.14312     0.99686        5.35007        3.53881
    1.0497     0.14297     1.01671        5.35268        3.55725
    1.0678     0.14289     1.02563        5.35528        3.57581
    1.0860     0.14294     1.05728        5.35788        3.59458
    1.1042     0.14305     1.10655        5.36048        3.61429
    1.1223     0.14317     1.14380        5.36308        3.63485
    1.1406     0.14332     1.16943        5.36569        3.65591
    1.1588     0.14349     1.19237        5.36830        3.67741
    1.1770     0.14368     1.21385        5.37091        3.69930
    1.1951     0.14389     1.23545        5.37353        3.72158
    1.2134     0.14412     1.26326        5.37615        3.74426
    1.2316     0.14437     1.29825        5.37877        3.76755
    1.2498     0.14462     1.34496        5.38140        3.79151
    1.2679     0.14487     1.36225        5.38403        3.81650
    1.2861     0.14511     1.34279        5.38667        3.84108
    1.3044     0.14535     1.32803        5.38931        3.86536
    1.3226     0.14558     1.31780        5.39196        3.88941
    1.3407     0.14580     1.32692        5.39461        3.91332
    1.3589     0.14601     1.38781        5.39727        3.93770
    1.3772     0.14622     1.33475        5.39993        3.96383
    1.3954     0.14642     1.19484        5.40259        3.98628
    1.4135     0.14661     1.13972        5.40525        4.00731
    1.4317     0.14679     1.09080        5.40792        4.02775
    1.4500     0.14697     1.02244        5.41060        4.04701
    1.4682     0.14714     0.97138        5.41327        4.06496
    1.4863     0.14730     0.94695        5.41595        4.08236
    1.5045     0.14746     0.93282        5.41863        4.09942
    1.5227     0.14761     0.92792        5.42132        4.11630
    1.5408     0.14775     0.93601        5.42400        4.13319
    1.5591     0.14788     1.02684        5.42669        4.15037
    1.5773     0.16687     1.14003        5.42939        4.17056
    1.5955     0.16725     1.20351        5.43277        4.19185
    1.6136     0.14643     1.21874        5.43547        4.21436
    1.6319     0.14411     1.20856        5.43810        4.23621
    1.6501     0.14397     1.22759        5.44072        4.25834
    1.6683     0.14383     1.25839        5.44334        4.28088
    1.6864     0.14369     1.26268        5.44595        4.30414
    1.7047     0.14355     1.29166        5.44856        4.32683
    1.7229     0.14340     1.35820        5.45118        4.35114
    1.7411     0.14325     1.41640        5.45378        4.37626
    1.7592     0.14310     1.49426        5.45639        4.40269
    1.7774     0.14295     1.59763        5.45899        4.43064
    1.7957     0.14279     1.72671        5.46159        4.46083
    1.8139     0.14263     2.02999        5.46419        4.49348
    1.8320     0.14247     2.86347        5.46678        4.53470
    1.8502     0.14230     3.72092        5.46937        4.59768
    1.8685     0.14213     3.89123        5.47196        4.67011
    1.8866     0.14196     3.31828        5.47454        4.73929
    1.9048     0.14179     2.34633        5.47713        4.79087
    1.9230     0.14161     1.71258        5.47970        4.82468
    1.9413     0.14143     1.47694        5.48228        4.85320
    1.9594     0.14125     1.31982        5.48485        4.87843
    1.9776     0.14106     1.19663        5.48742        4.90123
    1.9958     0.14087     1.07216        5.48998        4.92198
    2.0141     0.14068     0.99363        5.49255        4.94025
    2.0321     0.14049     0.97346        5.49510        4.95814
    2.0504     0.14029     0.97386        5.49766        4.97567
    2.0686     0.14008     0.97431        5.50021        4.99358
    2.0868     0.13986     0.96119        5.50276        5.01113
    2.1049     0.13956     0.95415        5.50530        5.02856
    2.1232     0.13917     0.94662        5.50784        5.04585
    2.1414     0.13886     0.93882        5.51036        5.06301
    2.1596     0.13866     0.93238        5.51289        5.08002
    2.1777     0.13848     0.95814        5.51541        5.09694
    2.1960     0.13830     0.92947        5.51793        5.11489
    2.2142     0.13811     0.84601        5.52044        5.13076
    2.2324     0.13791     0.79459        5.52295        5.14567
    2.2505     0.13770     0.79111        5.52546        5.15968
    2.2687     0.13748     0.75064        5.52797        5.17446
    2.2870     0.13725     0.66164        5.53047        5.18700
    2.3051     0.13701     0.62306        5.53296        5.19854
    2.3233     0.13675     0.54777        5.53545        5.20967
    2.3415     0.13591     0.46263        5.53794        5.21848
    2.3598     0.13483     0.42664        5.54040        5.22651
    2.3779     0.13427     0.40551        5.54284        5.23400
    2.3961     0.13388     0.37781        5.54528        5.24126
    2.4143     0.13350     0.34434        5.54772        5.24775
    2.4326     0.13313     0.32142        5.55014        5.25380
    2.4507     0.13276     0.30164        5.55256        5.25945
    2.4689     0.13240     0.28482        5.55497        5.26477
    2.4871     0.13204     0.27056        5.55738        5.26982
    2.5054     0.13169     0.25841        5.55978        5.27462
    2.5234     0.13135     0.24805        5.56217        5.27922
    2.5417     0.13102     0.23930        5.56456        5.28365
    2.5599     0.13069     0.23202        5.56694        5.28793
    2.5781     0.13036     0.22643        5.56931        5.29209
    2.5962     0.13005     0.22286        5.57168        5.29617
    2.6145     0.12980     0.22090        5.57405        5.30020
    2.6327     0.12971     0.21937        5.57641        5.30421
    2.6508     0.12963     0.21609        5.57877        5.30818
    2.6690     0.12948     0.21184        5.58113        5.31207
    2.6873     0.12932     0.20987        5.58348        5.31589
    2.7055     0.12915     0.20954        5.58583        5.31971
    2.7236     0.12897     0.20917        5.58818        5.32352
    2.7418     0.12878     0.20874        5.59052        5.32732
    2.7601     0.12859     0.20828        5.59287        5.33111
    2.7783     0.12839     0.20776        5.59520        5.33490
    2.7964     0.12818     0.20719        5.59754        5.33868
    2.8146     0.12796     0.20658        5.59987        5.34244
    2.8328     0.12774     0.20592        5.60220        5.34619
    2.8511     0.12751     0.20521        5.60452        5.34993
    2.8692     0.12727     0.20446        5.60684        5.35366
    2.8874     0.12702     0.20366        5.60915        5.35737
    2.9056     0.12676     0.20291        5.61146        5.36107
    2.9239     0.12650     0.20231        5.61376        5.36476
    2.9420     0.12623     0.20173        5.61606        5.36844
    2.9602     0.12595     0.20112        5.61836        5.37210
    2.9784     0.12566     0.20065        5.62065        5.37575
    2.9965     0.12536     0.20046        5.62293        5.37940
    3.0147     0.12506     0.20060        5.62521        5.38305
    3.0330     0.12476     0.20105        5.62748        5.38670
    3.0512     0.12444     0.20182        5.62975        5.39037
    3.0693     0.12412     0.20290        5.63201        5.39405
    3.0875     0.12379     0.20425        5.63426        5.39775
    3.1058     0.12345     0.20585        5.63651        5.40148
    3.1240     0.12311     0.19765        5.63876        5.40524
    3.1421     0.12276     0.18752        5.64099        5.40867
    3.1603     0.12240     0.18629        5.64322        5.41207
    3.1786     0.12203     0.18597        5.64545        5.41545
    3.1968     0.12166     0.18565        5.64767        5.41883
    3.2149     0.12130     0.18533        5.64988        5.42221
    3.2331     0.12096     0.18500        5.65208        5.42558
    3.2514     0.12063     0.18468        5.65428        5.42894
    3.2696     0.12031     0.18436        5.65647        5.43230
    3.2877     0.12000     0.18404        5.65866        5.43565
    3.3059     0.11969     0.18372        5.66084        5.43900
    3.3241     0.11940     0.18340        5.66301        5.44234
    3.3424     0.11912     0.18308        5.66518        5.44567
    3.3605     0.11885     0.18276        5.66735        5.44900
    3.3787     0.11859     0.18216        5.66951        5.45232
    3.3969     0.11834     0.18113        5.67166        5.45563
    3.4150     0.11810     0.18029        5.67381        5.45891
    3.4333     0.11787     0.17978        5.67596        5.46219
    3.4515     0.11764     0.17927        5.67810        5.46546
    3.4697     0.11741     0.17874        5.68024        5.46871
    3.4878     0.11717     0.17820        5.68238        5.47196
    3.5061     0.11693     0.17765        5.68451        5.47520
    3.5243     0.11670     0.17709        5.68663        5.47843
    3.5425     0.11647     0.17652        5.68875        5.48164
    3.5606     0.11626     0.17594        5.69087        5.48485
    3.5788     0.11605     0.17534        5.69298        5.48805
    3.5971     0.11585     0.17473        5.69509        5.49123
    3.6153     0.11567     0.17409        5.69720        5.49440
    3.6334     0.11549     0.17344        5.69930        5.49757
    3.6516     0.11533     0.17276        5.70140        5.50072
    3.6699     0.11517     0.17205        5.70350        5.50385
    3.6881     0.11502     0.17133        5.70559        5.50698
    3.7062     0.11487     0.17055        5.70769        5.51009
    3.7244     0.11472     0.16966        5.70977        5.51318
    3.7427     0.11457     0.16859        5.71186        5.51626
    3.7607     0.11441     0.16767        5.71394        5.51932
    3.7790     0.11425     0.16709        5.71602        5.52236
    3.7972     0.11408     0.16661        5.71810        5.52540
    3.8154     0.11391     0.16612        5.72018        5.52843
    3.8335     0.11373     0.16563        5.72225        5.53145
    3.8518     0.11355     0.16514        5.72431        5.53445
    3.8700     0.11337     0.16463        5.72638        5.53746
    3.8882     0.11319     0.16399        5.72844        5.54045
    3.9063     0.11300     0.16283        5.73050        5.54342
    3.9246     0.11280     0.16135        5.73255        5.54637
    3.9428     0.11261     0.16017        5.73460        5.54929
    3.9610     0.11240     0.15929        5.73665        5.55220
    3.9791     0.11220     0.15846        5.73869        5.55509
    3.9974     0.11199     0.15767        5.74073        5.55797
    4.0156     0.11178     0.15727        5.74277        5.56083
    4.0338     0.11156     0.15696        5.74480        5.56369
    4.0519     0.11202     0.15639        5.74683        5.56654
    4.0701     0.11253     0.15585        5.74888        5.56938
    4.0884     0.11204     0.15532        5.75092        5.57221
    4.1065     0.11122     0.15481        5.75296        5.57503
    4.1247     0.11043     0.15432        5.75497        5.57785
    4.1429     0.10967     0.15385        5.75697        5.58065
    4.1612     0.10895     0.15340        5.75896        5.58345
    4.1793     0.10827     0.15296        5.76094        5.58623
    4.1975     0.10762     0.15251        5.76290        5.58901
    4.2157     0.10683     0.15206        5.76486        5.59178
    4.2340     0.10628     0.15161        5.76679        5.59455
    4.2521     0.10611     0.15115        5.76872        5.59730
    4.2703     0.10595     0.15068        5.77065        5.60005
    4.2885     0.10573     0.15021        5.77258        5.60278
    4.3067     0.10548     0.14973        5.77450        5.60551
    4.3248     0.10523     0.14925        5.77642        5.60823
    4.3431     0.10492     0.14876        5.77833        5.61094
    4.3613     0.10455     0.14827        5.78024        5.61365
    4.3795     0.10411     0.14777        5.78213        5.61634
    4.3976     0.10360     0.14726        5.78402        5.61902
    4.4159     0.10304     0.14675        5.78591        5.62170
    4.4341     0.10242     0.14624        5.78777        5.62436
    4.4523     0.10179     0.14572        5.78963        5.62702
    4.4704     0.10116     0.14519        5.79148        5.62967
    4.4887     0.10054     0.14466        5.79331        5.63230
    4.5069     0.09993     0.14412        5.79514        5.63493
    4.5250     0.09932     0.14357        5.79695        5.63755
    4.5432     0.09872     0.14301        5.79875        5.64016
    4.5614     0.09813     0.14243        5.80054        5.64275
    4.5797     0.09754     0.14185        5.80232        5.64534
    4.5978     0.09696     0.14125        5.80409        5.64792
    4.6160     0.09638     0.14064        5.80585        5.65048
    4.6342     0.09582     0.14002        5.80760        5.65303
    4.6525     0.09525     0.13939        5.80934        5.65558
    4.6706     0.09470     0.13878        5.81107        5.65811
    4.6888     0.09415     0.13828        5.81278        5.66063
    4.7070     0.09444     0.13789        5.81449        5.66314
    4.7253     0.09470     0.13753        5.81622        5.66565
    4.7434     0.09420     0.13716        5.81794        5.66814
    4.7616     0.09380     0.13679        5.81965        5.67064
    4.7798     0.09342     0.13641        5.82135        5.67312
    4.7980     0.09303     0.13603        5.82305        5.67560
    4.8161     0.09264     0.13564        5.82474        5.67807
    4.8344     0.09226     0.13523        5.82642        5.68054
    4.8526     0.09187     0.13482        5.82810        5.68299
    4.8707     0.09148     0.13442        5.82976        5.68544
    4.8889     0.09109     0.13404        5.83142        5.68789
    4.9072     0.09071     0.13368        5.83308        5.69032
    4.9254     0.09032     0.13333        5.83473        5.69275
    4.9435     0.08992     0.13300        5.83637        5.69517
    4.9617     0.08953     0.13268        5.83800        5.69759
    4.9800     0.08914     0.13238        5.83962        5.70000
    4.9982     0.08875     0.13208        5.84124        5.70241
    5.0163     0.08836     0.13178        5.84285        5.70481
    5.0345     0.08796     0.13147        5.84446        5.70720
    5.0527     0.08757     0.13116        5.84605        5.70959
    5.0710     0.08717     0.13085        5.84764        5.71198
    5.0891     0.08678     0.13053        5.84923        5.71436
    5.1073     0.08638     0.13020        5.85080        5.71673
    5.1255     0.08599     0.12987        5.85237        5.71909
    5.1438     0.08559     0.12954        5.85393        5.72145
    5.1619     0.08519     0.12920        5.85549        5.72381
    5.1801     0.08479     0.12886        5.85703        5.72616
    5.1983     0.08439     0.12851        5.85857        5.72850
    5.2164     0.08399     0.12816        5.86010        5.73083
    5.2347     0.08359     0.12780        5.86163        5.73316
    5.2529     0.08319     0.12744        5.86315        5.73548
    5.2711     0.08279     0.12707        5.86466        5.73780
    5.2892     0.08239     0.12682        5.86616        5.74011
    5.3074     0.08198     0.12685        5.86765        5.74241
    5.3257     0.08158     0.12656        5.86914        5.74472
    5.3439     0.08115     0.12581        5.87062        5.74702
    5.3620     0.08071     0.12507        5.87209        5.74930
    5.3802     0.08030     0.12433        5.87356        5.75157
    5.3985     0.07994     0.12359        5.87502        5.75383
    5.4167     0.07959     0.12286        5.87647        5.75607
    5.4348     0.07925     0.12214        5.87791        5.75830
    5.4530     0.07893     0.12135        5.87935        5.76051
    5.4713     0.07863     0.12072        5.88079        5.76271
    5.4895     0.07833     0.12034        5.88221        5.76491
    5.5076     0.07802     0.11996        5.88364        5.76709
    5.5258     0.07771     0.11956        5.88505        5.76927
    5.5440     0.07740     0.11912        5.88646        5.77144
    5.5623     0.07708     0.11866        5.88787        5.77361
    5.5804     0.07676     0.11817        5.88927        5.77576
    5.5986     0.07644     0.11762        5.89066        5.77791
    5.6168     0.07611     0.11702        5.89205        5.78004
    5.6349     0.07578     0.11642        5.89343        5.78217
    5.6532     0.07544     0.11582        5.89481        5.78428
    5.6714     0.07510     0.11517        5.89618        5.78638
    5.6896     0.07476     0.11449        5.89754        5.78847
    5.7077     0.07441     0.11375        5.89890        5.79055
    5.7260     0.07406     0.11299        5.90025        5.79261
    5.7442     0.07370     0.11220        5.90159        5.79466
    5.7624     0.07340     0.11143        5.90293        5.79669
    5.7805     0.07322     0.11067        5.90427        5.79872
    5.7987     0.07291     0.10993        5.90560        5.80072
    5.8170     0.07241     0.10920        5.90692        5.80272
    5.8352     0.07191     0.10848        5.90823        5.80470
    5.8533     0.07141     0.10777        5.90954        5.80666
    5.8715     0.07091     0.10707        5.91083        5.80862
    5.8898     0.07041     0.10639        5.91212        5.81056
    5.9080     0.06991     0.10572        5.91339        5.81249
    5.9261     0.06941     0.10507        5.91466        5.81441
    5.9443     0.06902     0.10430        5.91592        5.81631
    5.9626     0.06903     0.10434        5.91717        5.81820
    5.9807     0.06886     0.10460        5.91843        5.82011
    5.9989     0.06824     0.10413        5.91968        5.82201
    6.0171     0.06763     0.10364        5.92092        5.82390
    6.0353     0.06703     0.10315        5.92214        5.82578
    6.0534     0.06643     0.10266        5.92335        5.82765
    6.0717     0.06584     0.10216        5.92456        5.82952
    6.0899     0.06526     0.10167        5.92575        5.83137
    6.1081     0.06469     0.10118        5.92693        5.83322
    6.1262     0.06412     0.10069        5.92810        5.83505
    6.1445     0.06356     0.10020        5.92927        5.83688
    6.1627     0.06300     0.09970        5.93042        5.83870
    6.1809     0.06246     0.09921        5.93156        5.84051
    6.1990     0.06192     0.09872        5.93269        5.84231
    6.2173     0.06138     0.09822        5.93381        5.84410
    6.2355     0.06086     0.09773        5.93492        5.84588
    6.2537     0.06093     0.09723        5.93603        5.84766
    6.2718     0.06131     0.09674        5.93714        5.84942
    6.2900     0.06098     0.09624        5.93826        5.85118
    6.3083     0.06022     0.09575        5.93936        5.85293
    6.3265     0.05943     0.09525        5.94045        5.85466
    6.3446     0.05862     0.09467        5.94152        5.85639
    6.3628     0.05780     0.09410        5.94258        5.85811
    6.3811     0.05696     0.09361        5.94363        5.85982
    6.3992     0.05609     0.09314        5.94466        5.86152
    6.4174     0.05521     0.09268        5.94567        5.86321
    6.4356     0.05431     0.09223        5.94667        5.86489
    6.4539     0.05339     0.09179        5.94765        5.86656
    6.4720     0.05246     0.09137        5.94861        5.86823
    6.4902     0.05150     0.09095        5.94955        5.86989
    6.5084     0.05035     0.09054        5.95048        5.87154
    6.5267     0.04764     0.09013        5.95139        5.87318
    6.5447     0.04522     0.08972        5.95222        5.87482
    6.5630     0.04445     0.08930        5.95303        5.87645
    6.5812     0.04367     0.08888        5.95383        5.87807
    6.5994     0.04287     0.08846        5.95462        5.87968
    6.6175     0.04206     0.08803        5.95539        5.88129
    6.6358     0.04123     0.08760        5.95615        5.88289
    6.6540     0.04038     0.08717        5.95689        5.88448
    6.6722     0.05774     0.08674        5.95762        5.88606
    6.6903     0.05329     0.08630        5.95900        5.88763
    6.7086     0.03083     0.08586        5.95956        5.88920
    6.7268     0.03041     0.08541        5.96012        5.89076
    6.7449     0.03000     0.08496        5.96067        5.89231
    6.7631     0.02959     0.08451        5.96121        5.89385
    6.7813     0.02919     0.08406        5.96174        5.89538
    6.7996     0.02880     0.08360        5.96227        5.89691
    6.8177     0.02842     0.08314        5.96279        5.89842
    6.8359     0.02804     0.08268        5.96331        5.89993
    6.8541     0.02767     0.08221        5.96381        5.90143
    6.8724     0.02731     0.08174        5.96431        5.90292
    6.8905     0.02696     0.08127        5.96481        5.90441
    6.9087     0.02661     0.08079        5.96529        5.90588
    6.9269     0.02627     0.08031        5.96578        5.90735
    6.9452     0.02594     0.07983        5.96625        5.90880
    6.9633     0.02561     0.07935        5.96672        5.91025
    6.9815     0.02529     0.07927        5.96718        5.91169
    6.9997     0.02498     0.07961        5.96764        5.91314
    7.0180     0.02468     0.07941        5.96809        5.91459
    7.0360     0.02438     0.07868        5.96854        5.91603
    7.0543     0.02410     0.07796        5.96898        5.91745
    7.0725     0.02382     0.07724        5.96941        5.91887
    7.0906     0.02354     0.07652        5.96985        5.92026
    7.1088     0.02328     0.07581        5.97027        5.92165
    7.1271     0.02302     0.07510        5.97069        5.92302
    7.1453     0.02276     0.07439        5.97111        5.92438
    7.1634     0.02252     0.07369        5.97152        5.92573
    7.1816     0.02228     0.07298        5.97193        5.92706
    7.1999     0.02205     0.07228        5.97233        5.92839
    7.2181     0.02183     0.07159        5.97273        5.92970
    7.2362     0.02162     0.07089        5.97313        5.93099
    7.2544     0.02141     0.07020        5.97352        5.93227
    7.2727     0.02121     0.06951        5.97391        5.93355
    7.2909     0.02102     0.06882        5.97429        5.93480
    7.3090     0.02083     0.06814        5.97467        5.93605
    7.3272     0.02066     0.06797        5.97505        5.93728
    7.3454     0.02050     0.06814        5.97542        5.93852
    7.3637     0.02037     0.06767        5.97579        5.93976
    7.3818     0.02028     0.06671        5.97616        5.94099
    7.4000     0.02023     0.06574        5.97653        5.94219
    7.4182     0.02022     0.06475        5.97690        5.94338
    7.4365     0.02026     0.06375        5.97727        5.94455
    7.4546     0.02033     0.06272        5.97764        5.94570
    7.4728     0.02044     0.06167        5.97801        5.94683
    7.4910     0.02059     0.06061        5.97838        5.94794
    7.5091     0.02079     0.05952        5.97876        5.94904
    7.5273     0.02102     0.05842        5.97914        5.95011
    7.5456     0.02130     0.05730        5.97952        5.95116
    7.5638     0.02162     0.05615        5.97991        5.95219
    7.5819     0.02198     0.05499        5.98031        5.95321
    7.6001     0.02239     0.05332        5.98071        5.95420
    7.6184     0.02285     0.05040        5.98112        5.95515
    7.6366     0.02335     0.04811        5.98154        5.95603
    7.6547     0.02390     0.04721        5.98197        5.95690
    7.6729     0.02449     0.04631        5.98241        5.95775
    7.6912     0.02512     0.04538        5.98286        5.95858
    7.7094     0.02580     0.04445        5.98333        5.95940
    7.7275     0.02652     0.04350        5.98380        5.96020
    7.7457     0.02526     0.06090        5.98429        5.96098
    7.7640     0.02317     0.05638        5.98472        5.96242
    7.7822     0.02263     0.03374        5.98514        5.96303
    7.8003     0.02250     0.03324        5.98555        5.96364
    7.8185     0.02238     0.03275        5.98596        5.96424
    7.8367     0.02228     0.03227        5.98636        5.96484
    7.8548     0.02220     0.03180        5.98677        5.96542
    7.8731     0.02213     0.03134        5.98717        5.96599
    7.8913     0.02209     0.03088        5.98757        5.96656
    7.9095     0.02206     0.03044        5.98797        5.96712
    7.9276     0.02204     0.03000        5.98837        5.96767
    7.9459     0.02205     0.02957        5.98878        5.96821
    7.9641     0.02207     0.02914        5.98918        5.96874
    7.9823     0.02211     0.02873        5.98958        5.96927
    8.0004     0.02216     0.02832        5.98998        5.96979
    8.0187     0.02224     0.02793        5.99038        5.97030
    8.0369     0.02233     0.02754        5.99079        5.97080
    8.0551     0.02244     0.02717        5.99120        5.97130
    8.0732     0.02256     0.02682        5.99161        5.97179
    8.0914     0.02270     0.02650        5.99202        5.97228
    8.1097     0.02286     0.02619        5.99243        5.97276
    8.1279     0.02304     0.02592        5.99285        5.97323
    8.1460     0.02324     0.02566        5.99327        5.97370
    8.1642     0.02407     0.02544        5.99370        5.97417
    8.1825     0.02686     0.02523        5.99415        5.97463
    8.2006     0.03170     0.02505        5.99467        5.97508
    8.2188     0.03761     0.02489        5.99530        5.97554
    8.2370     0.04390     0.02476        5.99604        5.97599
    8.2553     0.05031     0.02465        5.99690        5.97644
    8.2733     0.05712     0.02456        5.99787        5.97689
    8.2916     0.06441     0.02450        5.99898        5.97733
    8.3098     0.07203     0.02446        6.00022        5.97778
    8.3280     0.07985     0.02445        6.00160        5.97822
    8.3461     0.08784     0.02450        6.00312        5.97867
    8.3644     0.09624     0.02463        6.00479        5.97911
    8.3826     0.10593     0.02486        6.00663        5.97956
    8.4008     0.11568     0.02517        6.00865        5.98002
    8.4189     0.12465     0.02558        6.01084        5.98048
    8.4372     0.13391     0.02609        6.01319        5.98095
    8.4554     0.14345     0.02669        6.01571        5.98143
    8.4736     0.15326     0.02738        6.01841        5.98192
    8.4917     0.16335     0.02817        6.02129        5.98243
    8.5100     0.17373     0.02633        6.02435        5.98295
    8.5282     0.18438     0.02361        6.02761        5.98338
    8.5464     0.19611     0.02296        6.03106        5.98381
    8.5645     0.21234     0.02260        6.03474        5.98422
    8.5827     0.22948     0.02224        6.03879        5.98463
    8.6010     0.24256     0.02190        6.04310        5.98503
    8.6191     0.24287     0.02158        6.04762        5.98543
    8.6373     0.23882     0.02128        6.05193        5.98582
    8.6555     0.24232     0.02099        6.05631        5.98620
    8.6738     0.24624     0.02072        6.06075        5.98658
    8.6919     0.24988     0.02046        6.06527        5.98695
    8.7101     0.25322     0.02022        6.06985        5.98732
    8.7283     0.25629     0.02000        6.07448        5.98769
    8.7466     0.25785     0.01979        6.07917        5.98805
    8.7647     0.25867     0.01960        6.08387        5.98841
    8.7829     0.26102     0.01943        6.08859        5.98877
    8.8011     0.26419     0.01927        6.09337        5.98912
    8.8193     0.26717     0.01913        6.09820        5.98947
    8.8374     0.26996     0.01900        6.10309        5.98981
    8.8557     0.27257     0.01890        6.10803        5.99016
    8.8739     0.27500     0.01880        6.11301        5.99050
    8.8921     0.27956     0.01873        6.11803        5.99084
    8.9102     0.28224     0.01866        6.12318        5.99118
    8.9285     0.27355     0.01862        6.12831        5.99152
    8.9467     0.26147     0.01859        6.13314        5.99186
    8.9648     0.25312     0.01858        6.13782        5.99220
    8.9830     0.24445     0.01859        6.14235        5.99254
    9.0013     0.23103     0.01861        6.14672        5.99287
    9.0195     0.22125     0.01864        6.15076        5.99321
    9.0376     0.21979     0.01870        6.15477        5.99355
    9.0558     0.21843     0.01877        6.15875        5.99389
    9.0740     0.21707     0.01885        6.16272        5.99424
    9.0923     0.21571     0.01896        6.16665        5.99458
    9.1104     0.21287     0.01907        6.17057        5.99493
    9.1286     0.21022     0.01921        6.17440        5.99527
    9.1468     0.20939     0.01936        6.17822        5.99563
    9.1651     0.20873     0.01953        6.18202        5.99598
    9.1832     0.20807     0.01971        6.18581        5.99634
    9.2014     0.20741     0.01991        6.18959        5.99670
    9.2196     0.20677     0.02013        6.19336        5.99706
    9.2379     0.20613     0.02036        6.19712        5.99743
    9.2560     0.20550     0.02061        6.20086        5.99780
    9.2742     0.20489     0.02087        6.20460        5.99818
    9.2924     0.20434     0.02116        6.20832        5.99856
    9.3106     0.20385     0.02145        6.21203        5.99895
    9.3287     0.20343     0.02177        6.21574        5.99934
    9.3470     0.20307     0.02210        6.21944        5.99974
    9.3652     0.20278     0.02244        6.22313        6.00015
    9.3833     0.21327     0.02281        6.22682        6.00056
    9.4015     0.21338     0.02319        6.23089        6.00098
    9.4198     0.20280     0.02358        6.23458        6.00140
    9.4380     0.20268     0.02443        6.23827        6.00183
    9.4561     0.20263     0.02667        6.24196        6.00229
    9.4743     0.20265     0.02936        6.24564        6.00280
    9.4926     0.20273     0.03210        6.24933        6.00336
    9.5108     0.20289     0.03899        6.25302        6.00397
    9.5289     0.20311     0.05452        6.25671        6.00478
    9.5471     0.20341     0.07215        6.26041        6.00596
    9.5653     0.21699     0.08582        6.26412        6.00740
    9.5836     0.20760     0.09891        6.26831        6.00908
    9.6017     0.18433     0.11288        6.27167        6.01100
    9.6199     0.18339     0.12773        6.27502        6.01319
    9.6381     0.18247     0.14443        6.27835        6.01565
    9.6564     0.18156     0.16193        6.28166        6.01844
    9.6745     0.18067     0.17723        6.28495        6.02154
    9.6927     0.17979     0.19095        6.28823        6.02489
    9.7109     0.17892     0.20469        6.29150        6.02849
    9.7290     0.17807     0.21849        6.29474        6.03234
    9.7473     0.17722     0.23234        6.29798        6.03644
    9.7655     0.17639     0.24625        6.30119        6.04080
    9.7837     0.17467     0.26020        6.30440        6.04541
    9.8018     0.17274     0.27422        6.30755        6.05027
    9.8200     0.17162     0.28828        6.31068        6.05539
    9.8383     0.17064     0.30240        6.31380        6.06076
    9.8565     0.18424     0.31657        6.31689        6.06639
    9.8746     0.18822     0.33080        6.32050        6.07228
    9.8928     0.17761     0.34986        6.32374        6.07843
    9.9111     0.17662     0.34640        6.32696        6.08501
    9.9293     0.17564     0.33143        6.33017        6.09103
    9.9474     0.17467     0.33200        6.33336        6.09707
    9.9656     0.17370     0.33358        6.33653        6.10312
    9.9839     0.17275     0.33148        6.33968        6.10921
   10.0021     0.17179     0.32641        6.34281        6.11518
   10.0202     0.17085     0.32320        6.34593        6.12109
   10.0384     0.16990     0.31734        6.34903        6.12694
   10.0566     0.16895     0.30267        6.35211        6.13264
   10.0747     0.16799     0.28424        6.35518        6.13796
   10.0930     0.16702     0.26760        6.35823        6.14298
   10.1112     0.16605     0.25802        6.36126        6.14770
   10.1294     0.16507     0.25626        6.36427        6.15237
   10.1475     0.16407     0.25450        6.36726        6.15702
   10.1658     0.16307     0.25274        6.37024        6.16164
   10.1840     0.16207     0.25098        6.37320        6.16622
   10.2022     0.16105     0.24906        6.37614        6.17077
   10.2203     0.16002     0.24576        6.37906        6.17528
   10.2386     0.15900     0.24319        6.38196        6.17971
   10.2568     0.15798     0.24258        6.38485        6.18413
   10.2750     0.15700     0.24202        6.38771        6.18854
   10.2931     0.15604     0.24151        6.39056        6.19294
   10.3113     0.15511     0.24106        6.39339        6.19733
   10.3296     0.15422     0.25512        6.39620        6.20171
   10.3478     0.15338     0.26077        6.39900        6.20661
   10.3659     0.15260     0.25156        6.40179        6.21120
   10.3841     0.15188     0.25045        6.40456        6.21577
   10.4024     0.15123     0.24943        6.40731        6.22032
   10.4206     0.15064     0.24850        6.41006        6.22485
   10.4387     0.15014     0.24766        6.41279        6.22936
   10.4569     0.14940     0.24690        6.41552        6.23386
   10.4752     0.14603     0.26473        6.41823        6.23835
   10.4933     0.14322     0.25469        6.42084        6.24349
   10.5115     0.14338     0.22568        6.42344        6.24761
   10.5297     0.14362     0.22413        6.42605        6.25171
   10.5479     0.14394     0.22263        6.42867        6.25577
   10.5660     0.14435     0.22120        6.43129        6.25981
   10.5843     0.14484     0.21981        6.43392        6.26382
   10.6025     0.14541     0.21845        6.43656        6.26781
   10.6207     0.14607     0.21709        6.43922        6.27177
   10.6388     0.14681     0.21573        6.44188        6.27571
   10.6571     0.14784     0.21437        6.44456        6.27962
   10.6753     0.15040     0.21290        6.44726        6.28351
   10.6935     0.15280     0.21089        6.45003        6.28737
   10.7116     0.15380     0.20886        6.45282        6.29118
   10.7299     0.15484     0.20726        6.45563        6.29497
   10.7481     0.15592     0.20565        6.45846        6.29873
   10.7663     0.15705     0.20405        6.46130        6.30245
   10.7844     0.15827     0.20246        6.46417        6.30615
   10.8026     0.15955     0.20087        6.46706        6.30982
   10.8209     0.16087     0.19928        6.46998        6.31346
   10.8390     0.18415     0.19770        6.47292        6.31707
   10.8572     0.19164     0.19613        6.47668        6.32066
   10.8754     0.17751     0.19456        6.47989        6.32421
   10.8937     0.20895     0.19299        6.48314        6.32774
   10.9118     0.24024     0.19141        6.48749        6.33123
   10.9300     0.24196     0.18982        6.49188        6.33470
   10.9482     0.22041     0.18823        6.49630        6.33814
   10.9665     0.19697     0.18663        6.49990        6.34155
   10.9846     0.19599     0.18502        6.50347        6.34493
   11.0028     0.19601     0.18343        6.50704        6.34829
   11.0210     0.19580     0.18186        6.51060        6.35161
   11.0393     0.19322     0.18032        6.51416        6.35490
   11.0573     0.19078     0.17881        6.51763        6.35817
   11.0756     0.19067     0.17733        6.52110        6.36141
   11.0938     0.19057     0.17592        6.52457        6.36463
   11.1120     0.19048     0.17414        6.52804        6.36781
   11.1301     0.19038     0.16973        6.53150        6.37096
   11.1484     0.19030     0.16605        6.53497        6.37399
   11.1666     0.18963     0.16540        6.53843        6.37701
   11.1847     0.18868     0.16488        6.54187        6.38001
   11.2029     0.18820     0.16448        6.54530        6.38301
   11.2212     0.18788     0.16422        6.54872        6.38600
   11.2394     0.18758     0.16408        6.55213        6.38898
   11.2575     0.18728     0.17565        6.55554        6.39197
   11.2757     0.18700     0.18029        6.55895        6.39537
   11.2939     0.18673     0.17393        6.56235        6.39853
   11.3122     0.18648     0.17512        6.56574        6.40170
   11.3303     0.18623     0.17626        6.56914        6.40490
   11.3485     0.18599     0.17735        6.57252        6.40812
   11.3667     0.18577     0.17840        6.57590        6.41136
   11.3850     0.18558     0.17939        6.57928        6.41461
   11.4031     0.18539     0.18034        6.58266        6.41788
   11.4213     0.18522     0.18124        6.58603        6.42117
   11.4395     0.18505     0.18208        6.58940        6.42448
   11.4578     0.18491     0.18287        6.59276        6.42780
   11.4759     0.18477     0.18366        6.59613        6.43113
   11.4941     0.18467     0.18301        6.59949        6.43448
   11.5123     0.18463     0.17940        6.60285        6.43779
   11.5306     0.18468     0.17852        6.60621        6.44101
   11.5486     0.18482     0.18025        6.60957        6.44429
   11.5669     0.18504     0.18033        6.61293        6.44757
   11.5851     0.18534     0.18045        6.61630        6.45085
   11.6032     0.18573     0.18060        6.61968        6.45414
   11.6214     0.18621     0.18078        6.62306        6.45743
   11.6397     0.18676     0.18100        6.62645        6.46072
   11.6579     0.18545     0.18124        6.62986        6.46401
   11.6760     0.18263     0.20382        6.63320        6.46731
   11.6942     0.18135     0.21073        6.63650        6.47143
   11.7125     0.18117     0.19570        6.63980        6.47498
   11.7307     0.18095     0.19670        6.64310        6.47855
   11.7488     0.18069     0.19758        6.64639        6.48214
   11.7670     0.18039     0.19834        6.64967        6.48574
   11.7853     0.18005     0.19898        6.65295        6.48936
   11.8035     0.17967     0.19951        6.65623        6.49298
   11.8216     0.17924     0.19992        6.65949        6.49662
   11.8398     0.17820     0.20022        6.66275        6.50026
   11.8580     0.17674     0.19855        6.66598        6.50391
   11.8763     0.17610     0.19617        6.66918        6.50749
   11.8944     0.17609     0.19575        6.67238        6.51104
   11.9126     0.17595     0.19606        6.67559        6.51461
   11.9308     0.17564     0.19637        6.67879        6.51818
   11.9489     0.17550     0.19667        6.68198        6.52175
   11.9672     0.17556     0.19650        6.68517        6.52534
   11.9854     0.17562     0.19586        6.68837        6.52891
   12.0036     0.17568     0.19553        6.69157        6.53246
   12.0217     0.17574     0.19552        6.69476        6.53602
   12.0399     0.17579     0.19552        6.69796        6.53958
   12.0582     0.17584     0.19551        6.70116        6.54314
   12.0764     0.17589     0.19549        6.70436        6.54669
   12.0945     0.17594     0.19548        6.70756        6.55025
   12.1127     0.17598     0.19546        6.71076        6.55381
   12.1310     0.17603     0.19544        6.71397        6.55736
   12.1492     0.17607     0.19541        6.71717        6.56092
   12.1673     0.17611     0.19538        6.72037        6.56448
   12.1855     0.17615     0.19535        6.72358        6.56803
   12.2038     0.17618     0.19532        6.72678        6.57159
   12.2220     0.17622     0.19528        6.72999        6.57514
   12.2401     0.17625     0.19524        6.73320        6.57869
   12.2583     0.17628     0.19520        6.73640        6.58224
   12.2766     0.17631     0.19515        6.73961        6.58580
   12.2948     0.17634     0.19510        6.74282        6.58935
   12.3129     0.17636     0.19505        6.74603        6.59290
   12.3311     0.17639     0.19499        6.74924        6.59644
   12.3493     0.17641     0.19416        6.75245        6.59999
   12.3674     0.17645     0.19286        6.75566        6.60351
   12.3857     0.17652     0.19234        6.75887        6.60701
   12.4039     0.17815     0.19228        6.76208        6.61051
   12.4221     0.18377     0.19220        6.76535        6.61401
   12.4402     0.18497     0.19212        6.76877        6.61750
   12.4585     0.18046     0.19203        6.77208        6.62100
   12.4767     0.17824     0.19190        6.77534        6.62449
   12.4949     0.17766     0.19171        6.77857        6.62798
   12.5130     0.17760     0.19148        6.78180        6.63147
   12.5313     0.17755     0.19119        6.78503        6.63495
   12.5495     0.17750     0.19084        6.78826        6.63843
   12.5677     0.17745     0.19045        6.79149        6.64190
   12.5858     0.17741     0.19000        6.79472        6.64536
   12.6040     0.17736     0.18949        6.79795        6.64881
   12.6223     0.17731     0.18877        6.80118        6.65225
   12.6405     0.17726     0.18706        6.80440        6.65568
   12.6586     0.17721     0.18577        6.80763        6.65906
   12.6768     0.17716     0.18569        6.81085        6.66244
   12.6951     0.17711     0.18562        6.81407        6.66582
   12.7132     0.17706     0.18555        6.81730        6.66920
   12.7314     0.17701     0.18549        6.82052        6.67257
   12.7496     0.17696     0.18543        6.82374        6.67595
   12.7679     0.17691     0.18538        6.82696        6.67932
   12.7859     0.17686     0.18533        6.83018        6.68269
   12.8042     0.17680     0.18528        6.83339        6.68606
   12.8224     0.17675     0.18495        6.83661        6.68944
   12.8406     0.17670     0.18464        6.83983        6.69280
   12.8587     0.17664     0.18466        6.84304        6.69615
   12.8770     0.17657     0.18470        6.84625        6.69952
   12.8952     0.17650     0.18475        6.84947        6.70288
   12.9134     0.17641     0.18479        6.85268        6.70624
   12.9315     0.17631     0.18483        6.85589        6.70960
   12.9498     0.17620     0.18486        6.85909        6.71296
   12.9680     0.17608     0.18490        6.86230        6.71633
   12.9862     0.17595     0.18500        6.86550        6.71969
   13.0043     0.17580     0.18543        6.86870        6.72306
   13.0226     0.17657     0.18643        6.87190        6.72644
   13.0408     0.17751     0.18803        6.87513        6.72985
   13.0589     0.17745     0.19024        6.87836        6.73328
   13.0771     0.17715     0.19305        6.88158        6.73677
   13.0953     0.17682     0.19143        6.88481        6.74031
   13.1136     0.17647     0.18698        6.88802        6.74374
   13.1317     0.17609     0.18564        6.89123        6.74711
   13.1499     0.17569     0.18548        6.89443        6.75049
   13.1681     0.17526     0.18533        6.89762        6.75386
   13.1864     0.17481     0.18518        6.90081        6.75724
   13.2045     0.17433     0.18503        6.90398        6.76060
   13.2227     0.17383     0.18488        6.90715        6.76397
   13.2409     0.17343     0.18473        6.91031        6.76733
   13.2592     0.17331     0.18459        6.91346        6.77069
   13.2773     0.17333     0.18445        6.91662        6.77405
   13.2955     0.17326     0.18434        6.91977        6.77740
   13.3137     0.17317     0.18426        6.92292        6.78076
   13.3319     0.19485     0.18419        6.92607        6.78411
   13.3500     0.19709     0.18413        6.93001        6.78746
   13.3683     0.17750     0.18407        6.93324        6.79081
   13.3865     0.17729     0.18402        6.93647        6.79416
   13.4047     0.17707     0.18396        6.93970        6.79751
   13.4228     0.17687     0.18391        6.94292        6.80085
   13.4411     0.17674     0.18387        6.94613        6.80420
   13.4593     0.17663     0.18382        6.94935        6.80755
   13.4774     0.17653     0.18378        6.95256        6.81089
   13.4956     0.17642     0.18374        6.95577        6.81423
   13.5139     0.17638     0.18370        6.95898        6.81758
   13.5321     0.17640     0.18366        6.96219        6.82092
   13.5502     0.17642     0.18363        6.96540        6.82426
   13.5684     0.17644     0.18421        6.96861        6.82760
   13.5866     0.17646     0.18497        6.97182        6.83096
   13.6049     0.17649     0.18508        6.97503        6.83433
   13.6230     0.17651     0.18499        6.97824        6.83770
   13.6412     0.17654     0.18489        6.98146        6.84107
   13.6594     0.17657     0.18478        6.98467        6.84443
   13.6777     0.17661     0.18466        6.98788        6.84779
   13.6958     0.17664     0.18453        6.99110        6.85115
   13.7140     0.17668     0.18439        6.99431        6.85451
   13.7322     0.17672     0.18424        6.99753        6.85786
   13.7505     0.17676     0.18406        7.00074        6.86121
   13.7686     0.17681     0.18385        7.00396        6.86456
   13.7868     0.17685     0.18363        7.00718        6.86790
   13.8050     0.17691     0.18338        7.01039        6.87124
   13.8231     0.17698     0.18310        7.01361        6.87457
   13.8413     0.17706     0.18281        7.01683        6.87790
   13.8596     0.17715     0.18248        7.02006        6.88123
   13.8778     0.17724     0.18214        7.02328        6.88454
   13.8959     0.17733     0.18179        7.02651        6.88786
   13.9141     0.17742     0.18143        7.02974        6.89116
   13.9324     0.17751     0.18105        7.03296        6.89446
   13.9506     0.17759     0.18065        7.03619        6.89775
   13.9687     0.17767     0.18023        7.03943        6.90103
   13.9869     0.17773     0.17987        7.04266        6.90431
   14.0052     0.17699     0.17979        7.04589        6.90758
   14.0234     0.17618     0.20160        7.04910        6.91085
   14.0415     0.17607     0.20402        7.05231        6.91491
   14.0597     0.17596     0.18461        7.05551        6.91827
   14.0779     0.17584     0.18452        7.05871        6.92163
   14.0962     0.17572     0.18443        7.06191        6.92499
   14.1143     0.17558     0.18436        7.06510        6.92834
   14.1325     0.17544     0.18432        7.06830        6.93170
   14.1507     0.17528     0.18429        7.07149        6.93505
   14.1688     0.17510     0.18426        7.07468        6.93841
   14.1871     0.17492     0.18424        7.07786        6.94176
   14.2053     0.17472     0.18422        7.08104        6.94511
   14.2235     0.17452     0.18420        7.08422        6.94846
   14.2416     0.17416     0.18417        7.08739        6.95181
   14.2599     0.17349     0.18414        7.09056        6.95516
   14.2781     0.17300     0.18409        7.09371        6.95851
   14.2963     0.17284     0.18405        7.09685        6.96186
   14.3144     0.17267     0.18399        7.10000        6.96521
   14.3326     0.17415     0.18393        7.10314        6.96856
   14.3509     0.17579     0.18386        7.10633        6.97191
   14.3691     0.17567     0.18381        7.10953        6.97525
   14.3872     0.17524     0.18382        7.11273        6.97860
   14.4054     0.17482     0.18388        7.11591        6.98194
   14.4237     0.17439     0.18395        7.11909        6.98529
   14.4419     0.17396     0.18403        7.12226        6.98863
   14.4600     0.17352     0.18410        7.12542        6.99198
   14.4782     0.17309     0.18418        7.12857        6.99533
   14.4965     0.17270     0.18426        7.13172        6.99869
   14.5147     0.17238     0.18435        7.13486        7.00204
   14.5328     0.17216     0.18444        7.13799        7.00540
   14.5510     0.17204     0.18453        7.14112        7.00875
   14.5692     0.17200     0.18462        7.14425        7.01211
   14.5873     0.17207     0.18472        7.14738        7.01547
   14.6056     0.17222     0.18481        7.15052        7.01883
   14.6238     0.17247     0.18490        7.15365        7.02220
   14.6420     0.17282     0.18499        7.15679        7.02556
   14.6601     0.17129     0.18419        7.15994        7.02893
   14.6784     0.16844     0.18328        7.16303        7.03227
   14.6966     0.16722     0.18314        7.16607        7.03560
   14.7148     0.16702     0.18302        7.16911        7.03893
   14.7329     0.16683     0.18291        7.17215        7.04226
   14.7512     0.16664     0.18281        7.17518        7.04559
   14.7694     0.16645     0.18270        7.17821        7.04891
   14.7876     0.16627     0.18259        7.18124        7.05224
   14.8057     0.16608     0.18247        7.18426        7.05556
   14.8239     0.16590     0.18234        7.18728        7.05888
   14.8422     0.16572     0.18221        7.19030        7.06219
   14.8604     0.16555     0.18206        7.19331        7.06551
   14.8785     0.16537     0.18190        7.19633        7.06882
   14.8967     0.16519     0.18172        7.19933        7.07213
   14.9150     0.16502     0.18153        7.20234        7.07543
   14.9331     0.16485     0.18094        7.20534        7.07873
   14.9513     0.16467     0.18031        7.20834        7.08202
   14.9695     0.16450     0.18011        7.21133        7.08529
   14.9878     0.16433     0.17996        7.21432        7.08857
