        0.00000       -0.72245   1   1
        0.00000        0.40490   1   2
        0.00000        0.40490   1   3
        0.00000        0.40490   1   4
        0.00000        0.86937   1   5
        0.00000        0.93699   1   6
        0.00000        0.93699   1   7
        0.00000        0.93699   1   8
        0.00000        1.47151   1   9
        0.00000        1.47151   1  10
        0.00000        1.67361   1  11
        0.00000        1.67361   1  12
        0.00000        1.67361   1  13
        0.00000        3.25966   1  14
        0.00000        3.25966   1  15
        0.00000        3.25966   1  16
        0.00000        3.74354   1  17
        0.00000        3.74354   1  18
        0.01094       -0.72124   1   1
        0.01094        0.40141   1   2
        0.01094        0.40267   1   3
        0.01094        0.40267   1   4
        0.01094        0.87202   1   5
        0.01094        0.93412   1   6
        0.01094        0.94038   1   7
        0.01094        0.94038   1   8
        0.01094        1.45386   1   9
        0.01094        1.47331   1  10
        0.01094        1.67546   1  11
        0.01094        1.67546   1  12
        0.01094        1.69349   1  13
        0.01094        3.25286   1  14
        0.01094        3.25349   1  15
        0.01094        3.25349   1  16
        0.01094        3.73278   1  17
        0.01094        3.74232   1  18
        0.02187       -0.71765   1   1
        0.02187        0.39128   1   2
        0.02187        0.39619   1   3
        0.02187        0.39619   1   4
        0.02187        0.87904   1   5
        0.02187        0.92641   1   6
        0.02187        0.95013   1   7
        0.02187        0.95013   1   8
        0.02187        1.41438   1   9
        0.02187        1.47818   1  10
        0.02187        1.68142   1  11
        0.02187        1.68142   1  12
        0.02187        1.74011   1  13
        0.02187        3.23529   1  14
        0.02187        3.23714   1  15
        0.02187        3.23714   1  16
        0.02187        3.69956   1  17
        0.02187        3.74039   1  18
        0.03281       -0.71186   1   1
        0.03281        0.37539   1   2
        0.03281        0.38602   1   3
        0.03281        0.38602   1   4
        0.03281        0.88549   1   5
        0.03281        0.91860   1   6
        0.03281        0.96528   1   7
        0.03281        0.96528   1   8
        0.03281        1.36892   1   9
        0.03281        1.48497   1  10
        0.03281        1.69240   1  11
        0.03281        1.69240   1  12
        0.03281        1.79875   1  13
        0.03281        3.21438   1  14
        0.03281        3.21648   1  15
        0.03281        3.21648   1  16
        0.03281        3.64213   1  17
        0.03281        3.74137   1  18
        0.04375       -0.70420   1   1
        0.04375        0.35496   1   2
        0.04375        0.37290   1   3
        0.04375        0.37290   1   4
        0.04375        0.87875   1   5
        0.04375        0.92255   1   6
        0.04375        0.98480   1   7
        0.04375        0.98480   1   8
        0.04375        1.32440   1   9
        0.04375        1.49288   1  10
        0.04375        1.70922   1  11
        0.04375        1.70922   1  12
        0.04375        1.86336   1  13
        0.04375        3.19899   1  14
        0.04375        3.19923   1  15
        0.04375        3.19923   1  16
        0.04375        3.56113   1  17
        0.04375        3.74775   1  18
        0.05468       -0.69497   1   1
        0.05468        0.33122   1   2
        0.05468        0.35761   1   3
        0.05468        0.35761   1   4
        0.05468        0.86053   1   5
        0.05468        0.93448   1   6
        0.05468        1.00794   1   7
        0.05468        1.00794   1   8
        0.05468        1.28429   1   9
        0.05468        1.50223   1  10
        0.05468        1.73214   1  11
        0.05468        1.73214   1  12
        0.05468        1.93020   1  13
        0.05468        3.19123   1  14
        0.05468        3.19123   1  15
        0.05468        3.19439   1  16
        0.05468        3.46235   1  17
        0.05468        3.75882   1  18
        0.06562       -0.68412   1   1
        0.06562        0.30495   1   2
        0.06562        0.34085   1   3
        0.06562        0.34085   1   4
        0.06562        0.83763   1   5
        0.06562        0.94359   1   6
        0.06562        1.03429   1   7
        0.06562        1.03429   1   8
        0.06562        1.25196   1   9
        0.06562        1.51441   1  10
        0.06562        1.76094   1  11
        0.06562        1.76094   1  12
        0.06562        1.99448   1  13
        0.06562        3.19293   1  14
        0.06562        3.19293   1  15
        0.06562        3.19883   1  16
        0.06562        3.35624   1  17
        0.06562        3.77066   1  18
        0.07656       -0.67121   1   1
        0.07656        0.27654   1   2
        0.07656        0.32329   1   3
        0.07656        0.32329   1   4
        0.07656        0.81133   1   5
        0.07656        0.94360   1   6
        0.07656        1.06340   1   7
        0.07656        1.06340   1   8
        0.07656        1.23152   1   9
        0.07656        1.53062   1  10
        0.07656        1.79508   1  11
        0.07656        1.79508   1  12
        0.07656        2.05012   1  13
        0.07656        3.19901   1  14
        0.07656        3.19901   1  15
        0.07656        3.20564   1  16
        0.07656        3.25419   1  17
        0.07656        3.77735   1  18
        0.08749       -0.65571   1   1
        0.08749        0.24614   1   2
        0.08749        0.30554   1   3
        0.08749        0.30554   1   4
        0.08749        0.78164   1   5
        0.08749        0.93170   1   6
        0.08749        1.09458   1   7
        0.08749        1.09458   1   8
        0.08749        1.22554   1   9
        0.08749        1.55056   1  10
        0.08749        1.83381   1  11
        0.08749        1.83381   1  12
        0.08749        2.09178   1  13
        0.08749        3.16205   1  14
        0.08749        3.20211   1  15
        0.08749        3.20211   1  16
        0.08749        3.20967   1  17
        0.08749        3.77366   1  18
        0.09843       -0.63726   1   1
        0.09843        0.21382   1   2
        0.09843        0.28796   1   3
        0.09843        0.28796   1   4
        0.09843        0.74915   1   5
        0.09843        0.90963   1   6
        0.09843        1.12698   1   7
        0.09843        1.12698   1   8
        0.09843        1.23281   1   9
        0.09843        1.57225   1  10
        0.09843        1.87609   1  11
        0.09843        1.87609   1  12
        0.09843        2.11691   1  13
        0.09843        3.07653   1  14
        0.09843        3.19802   1  15
        0.09843        3.19802   1  16
        0.09843        3.21197   1  17
        0.09843        3.75935   1  18
        0.10937       -0.61591   1   1
        0.10937        0.17992   1   2
        0.10937        0.27083   1   3
        0.10937        0.27084   1   4
        0.10937        0.71546   1   5
        0.10937        0.88200   1   6
        0.10937        1.15965   1   7
        0.10937        1.15965   1   8
        0.10937        1.24978   1   9
        0.10937        1.59339   1  10
        0.10937        1.92009   1  11
        0.10937        1.92009   1  12
        0.10937        2.12650   1  13
        0.10937        2.98883   1  14
        0.10937        3.18840   1  15
        0.10937        3.18840   1  16
        0.10937        3.21926   1  17
        0.10937        3.74119   1  18
        0.12031       -0.59205   1   1
        0.12031        0.14488   1   2
        0.12031        0.25444   1   3
        0.12031        0.25444   1   4
        0.12031        0.68242   1   5
        0.12031        0.85315   1   6
        0.12031        1.19199   1   7
        0.12031        1.19199   1   8
        0.12031        1.27316   1   9
        0.12031        1.61334   1  10
        0.12031        1.96352   1  11
        0.12031        1.96352   1  12
        0.12031        2.12483   1  13
        0.12031        2.89257   1  14
        0.12031        3.17982   1  15
        0.12031        3.17982   1  16
        0.12031        3.24008   1  17
        0.12031        3.72933   1  18
        0.13124       -0.56641   1   1
        0.13124        0.10910   1   2
        0.13124        0.23915   1   3
        0.13124        0.23915   1   4
        0.13124        0.65125   1   5
        0.13124        0.82592   1   6
        0.13124        1.22388   1   7
        0.13124        1.22389   1   8
        0.13124        1.30051   1   9
        0.13124        1.63403   1  10
        0.13124        2.00395   1  11
        0.13124        2.00395   1  12
        0.13124        2.11765   1  13
        0.13124        2.79096   1  14
        0.13124        3.18072   1  15
        0.13124        3.18072   1  16
        0.13124        3.27986   1  17
        0.13124        3.73154   1  18
        0.14218       -0.53982   1   1
        0.14218        0.07274   1   2
        0.14218        0.22530   1   3
        0.14218        0.22530   1   4
        0.14218        0.62226   1   5
        0.14218        0.80160   1   6
        0.14218        1.25573   1   7
        0.14218        1.25573   1   8
        0.14218        1.32986   1   9
        0.14218        1.65893   1  10
        0.14218        2.03894   1  11
        0.14218        2.03894   1  12
        0.14218        2.10969   1  13
        0.14218        2.69556   1  14
        0.14218        3.19834   1  15
        0.14218        3.19834   1  16
        0.14218        3.33751   1  17
        0.14218        3.74991   1  18
        0.15312       -0.51312   1   1
        0.15312        0.03595   1   2
        0.15312        0.21300   1   3
        0.15312        0.21300   1   4
        0.15312        0.59554   1   5
        0.15312        0.78063   1   6
        0.15312        1.28767   1   7
        0.15312        1.28767   1   8
        0.15312        1.35935   1   9
        0.15312        1.69038   1  10
        0.15312        2.06560   1  11
        0.15312        2.06560   1  12
        0.15312        2.10316   1  13
        0.15312        2.61835   1  14
        0.15312        3.23491   1  15
        0.15312        3.23491   1  16
        0.15312        3.40597   1  17
        0.15312        3.78027   1  18
        0.16405       -0.48667   1   1
        0.16405       -0.00100   1   2
        0.16405        0.20202   1   3
        0.16405        0.20202   1   4
        0.16405        0.57134   1   5
        0.16405        0.76314   1   6
        0.16405        1.31904   1   7
        0.16405        1.31904   1   8
        0.16405        1.38746   1   9
        0.16405        1.72730   1  10
        0.16405        2.08147   1  11
        0.16405        2.08147   1  12
        0.16405        2.09790   1  13
        0.16405        2.56185   1  14
        0.16405        3.28215   1  15
        0.16405        3.28215   1  16
        0.16405        3.47514   1  17
        0.16405        3.81458   1  18
        0.17499       -0.46015   1   1
        0.17499       -0.03771   1   2
        0.17499        0.19214   1   3
        0.17499        0.19214   1   4
        0.17499        0.55012   1   5
        0.17499        0.74905   1   6
        0.17499        1.34847   1   7
        0.17499        1.34847   1   8
        0.17499        1.41327   1   9
        0.17499        1.76566   1  10
        0.17499        2.08614   1  11
        0.17499        2.08614   1  12
        0.17499        2.09292   1  13
        0.17499        2.51601   1  14
        0.17499        3.31866   1  15
        0.17499        3.31866   1  16
        0.17499        3.53304   1  17
        0.17499        3.84693   1  18
        0.18593       -0.43297   1   1
        0.18593       -0.07347   1   2
        0.18593        0.18365   1   3
        0.18593        0.18365   1   4
        0.18593        0.53251   1   5
        0.18593        0.73793   1   6
        0.18593        1.37435   1   7
        0.18593        1.37435   1   8
        0.18593        1.43605   1   9
        0.18593        1.80086   1  10
        0.18593        2.08168   1  11
        0.18593        2.08168   1  12
        0.18593        2.08792   1  13
        0.18593        2.46525   1  14
        0.18593        3.31737   1  15
        0.18593        3.31737   1  16
        0.18593        3.56615   1  17
        0.18593        3.87831   1  18
        0.19686       -0.40501   1   1
        0.19686       -0.10731   1   2
        0.19686        0.17711   1   3
        0.19686        0.17711   1   4
        0.19686        0.51893   1   5
        0.19686        0.72907   1   6
        0.19686        1.39563   1   7
        0.19686        1.39563   1   8
        0.19686        1.45495   1   9
        0.19686        1.83011   1  10
        0.19686        2.07151   1  11
        0.19686        2.07151   1  12
        0.19686        2.08345   1  13
        0.19686        2.40046   1  14
        0.19686        3.26436   1  15
        0.19686        3.26436   1  16
        0.19686        3.56817   1  17
        0.19686        3.91155   1  18
        0.20780       -0.37776   1   1
        0.20780       -0.13768   1   2
        0.20780        0.17292   1   3
        0.20780        0.17292   1   4
        0.20780        0.50945   1   5
        0.20780        0.72203   1   6
        0.20780        1.41177   1   7
        0.20780        1.41177   1   8
        0.20780        1.46912   1   9
        0.20780        1.85275   1  10
        0.20780        2.05931   1  11
        0.20780        2.05931   1  12
        0.20780        2.08025   1  13
        0.20780        2.32766   1  14
        0.20780        3.17470   1  15
        0.20780        3.17470   1  16
        0.20780        3.54905   1  17
        0.20780        3.94253   1  18
        0.21874       -0.35575   1   1
        0.21874       -0.16082   1   2
        0.21874        0.17086   1   3
        0.21874        0.17086   1   4
        0.21874        0.50392   1   5
        0.21874        0.71721   1   6
        0.21874        1.42212   1   7
        0.21874        1.42212   1   8
        0.21874        1.47783   1   9
        0.21874        1.86834   1  10
        0.21874        2.04906   1  11
        0.21874        2.04906   1  12
        0.21874        2.07853   1  13
        0.21874        2.26721   1  14
        0.21874        3.09025   1  15
        0.21874        3.09025   1  16
        0.21874        3.52743   1  17
        0.21874        3.96390   1  18
        0.22967       -0.34677   1   1
        0.22967       -0.17001   1   2
        0.22967        0.17029   1   3
        0.22967        0.17029   1   4
        0.22967        0.50211   1   5
        0.22967        0.71545   1   6
        0.22967        1.42575   1   7
        0.22967        1.42575   1   8
        0.22967        1.48076   1   9
        0.22967        1.87428   1  10
        0.22967        2.04496   1  11
        0.22967        2.04496   1  12
        0.22967        2.07803   1  13
        0.22967        2.24327   1  14
        0.22967        3.05578   1  15
        0.22967        3.05578   1  16
        0.22967        3.51839   1  17
        0.22967        3.97138   1  18
        0.22967       -0.34677   1   1
        0.22967       -0.17001   1   2
        0.22967        0.17029   1   3
        0.22967        0.17029   1   4
        0.22967        0.50211   1   5
        0.22967        0.71545   1   6
        0.22967        1.42575   1   7
        0.22967        1.42575   1   8
        0.22967        1.48076   1   9
        0.22967        1.87428   1  10
        0.22967        2.04496   1  11
        0.22967        2.04496   1  12
        0.22967        2.07803   1  13
        0.22967        2.24327   1  14
        0.22967        3.05578   1  15
        0.22967        3.05578   1  16
        0.22967        3.51839   1  17
        0.22967        3.97138   1  18
        0.24321       -0.34631   1   1
        0.24321       -0.16839   1   2
        0.24321        0.15961   1   3
        0.24321        0.17147   1   4
        0.24321        0.51076   1   5
        0.24321        0.72335   1   6
        0.24321        1.41895   1   7
        0.24321        1.42149   1   8
        0.24321        1.47622   1   9
        0.24321        1.85375   1  10
        0.24321        2.03370   1  11
        0.24321        2.06129   1  12
        0.24321        2.09996   1  13
        0.24321        2.25555   1  14
        0.24321        3.03065   1  15
        0.24321        3.10805   1  16
        0.24321        3.53971   1  17
        0.24321        3.96496   1  18
        0.25674       -0.34480   1   1
        0.25674       -0.16393   1   2
        0.25674        0.13174   1   3
        0.25674        0.17509   1   4
        0.25674        0.53173   1   5
        0.25674        0.74773   1   6
        0.25674        1.40086   1   7
        0.25674        1.40965   1   8
        0.25674        1.46220   1   9
        0.25674        1.80644   1  10
        0.25674        2.01989   1  11
        0.25674        2.09709   1  12
        0.25674        2.14663   1  13
        0.25674        2.28726   1  14
        0.25674        2.98342   1  15
        0.25674        3.24162   1  16
        0.25674        3.57196   1  17
        0.25674        3.93662   1  18
        0.27028       -0.34249   1   1
        0.27028       -0.15755   1   2
        0.27028        0.09478   1   3
        0.27028        0.18125   1   4
        0.27028        0.55653   1   5
        0.27028        0.78881   1   6
        0.27028        1.37526   1   7
        0.27028        1.39206   1   8
        0.27028        1.43918   1   9
        0.27028        1.74896   1  10
        0.27028        2.01178   1  11
        0.27028        2.13740   1  12
        0.27028        2.20729   1  13
        0.27028        2.32693   1  14
        0.27028        2.94628   1  15
        0.27028        3.40520   1  16
        0.27028        3.56964   1  17
        0.27028        3.86986   1  18
        0.28381       -0.34059   1   1
        0.28381       -0.14983   1   2
        0.28381        0.05585   1   3
        0.28381        0.18994   1   4
        0.28381        0.58092   1   5
        0.28381        0.84354   1   6
        0.28381        1.34408   1   7
        0.28381        1.36990   1   8
        0.28381        1.41048   1   9
        0.28381        1.68917   1  10
        0.28381        2.01103   1  11
        0.28381        2.17463   1  12
        0.28381        2.26967   1  13
        0.28381        2.36864   1  14
        0.28381        2.91607   1  15
        0.28381        3.51105   1  16
        0.28381        3.55188   1  17
        0.28381        3.76111   1  18
        0.29734       -0.34121   1   1
        0.29734       -0.14073   1   2
        0.29734        0.02075   1   3
        0.29734        0.20093   1   4
        0.29734        0.60490   1   5
        0.29734        0.90614   1   6
        0.29734        1.30812   1   7
        0.29734        1.34357   1   8
        0.29734        1.38153   1   9
        0.29734        1.63069   1  10
        0.29734        2.01720   1  11
        0.29734        2.20532   1  12
        0.29734        2.32284   1  13
        0.29734        2.41992   1  14
        0.29734        2.86634   1  15
        0.29734        3.39748   1  16
        0.29734        3.62865   1  17
        0.29734        3.65885   1  18
        0.31088       -0.34661   1   1
        0.31088       -0.13069   1   2
        0.31088       -0.00500   1   3
        0.31088        0.21390   1   4
        0.31088        0.62953   1   5
        0.31088        0.97031   1   6
        0.31088        1.26889   1   7
        0.31088        1.31421   1   8
        0.31088        1.35753   1   9
        0.31088        1.57479   1  10
        0.31088        2.02807   1  11
        0.31088        2.23016   1  12
        0.31088        2.36320   1  13
        0.31088        2.49464   1  14
        0.31088        2.78208   1  15
        0.31088        3.25131   1  16
        0.31088        3.50172   1  17
        0.31088        3.72961   1  18
        0.31088       -0.34660   1   1
        0.31088       -0.13069   1   2
        0.31088       -0.00499   1   3
        0.31088        0.21389   1   4
        0.31088        0.62951   1   5
        0.31088        0.97027   1   6
        0.31088        1.26891   1   7
        0.31088        1.31422   1   8
        0.31088        1.35755   1   9
        0.31088        1.57483   1  10
        0.31088        2.02806   1  11
        0.31088        2.23014   1  12
        0.31088        2.36318   1  13
        0.31088        2.49458   1  14
        0.31088        2.78214   1  15
        0.31088        3.25140   1  16
        0.31088        3.50179   1  17
        0.31088        3.72957   1  18
        0.32195       -0.35570   1   1
        0.32195       -0.12276   1   2
        0.32195       -0.01557   1   3
        0.32195        0.22576   1   4
        0.32195        0.65058   1   5
        0.32195        1.01917   1   6
        0.32195        1.23615   1   7
        0.32195        1.28932   1   8
        0.32195        1.34528   1   9
        0.32195        1.53109   1  10
        0.32195        2.03822   1  11
        0.32195        2.24813   1  12
        0.32195        2.38380   1  13
        0.32195        2.57723   1  14
        0.32195        2.70559   1  15
        0.32195        3.13427   1  16
        0.32195        3.41919   1  17
        0.32195        3.77267   1  18
        0.33302       -0.36932   1   1
        0.33302       -0.11531   1   2
        0.33302       -0.01548   1   3
        0.33302        0.23865   1   4
        0.33302        0.67262   1   5
        0.33302        1.05957   1   6
        0.33302        1.20430   1   7
        0.33302        1.26372   1   8
        0.33302        1.34549   1   9
        0.33302        1.48910   1  10
        0.33302        2.04737   1  11
        0.33302        2.26542   1  12
        0.33302        2.38464   1  13
        0.33302        2.66164   1  14
        0.33302        2.67345   1  15
        0.33302        3.04172   1  16
        0.33302        3.36333   1  17
        0.33302        3.81122   1  18
        0.34410       -0.38727   1   1
        0.34410       -0.10679   1   2
        0.34410       -0.00643   1   3
        0.34410        0.25246   1   4
        0.34410        0.69567   1   5
        0.34410        1.08563   1   6
        0.34410        1.17413   1   7
        0.34410        1.23721   1   8
        0.34410        1.36489   1   9
        0.34410        1.44900   1  10
        0.34410        2.05327   1  11
        0.34410        2.28240   1  12
        0.34410        2.36172   1  13
        0.34410        2.68436   1  14
        0.34410        2.77129   1  15
        0.34410        2.98355   1  16
        0.34410        3.33509   1  17
        0.34410        3.84615   1  18
        0.35517       -0.40901   1   1
        0.35517       -0.09514   1   2
        0.35517        0.00871   1   3
        0.35517        0.26705   1   4
        0.35517        0.71979   1   5
        0.35517        1.09462   1   6
        0.35517        1.14575   1   7
        0.35517        1.21036   1   8
        0.35517        1.40475   1   9
        0.35517        1.41107   1  10
        0.35517        2.05320   1  11
        0.35517        2.29846   1  12
        0.35517        2.32701   1  13
        0.35517        2.77051   1  14
        0.35517        2.85845   1  15
        0.35517        2.96070   1  16
        0.35517        3.33137   1  17
        0.35517        3.87061   1  18
        0.36624       -0.43384   1   1
        0.36624       -0.07948   1   2
        0.36624        0.02793   1   3
        0.36624        0.28220   1   4
        0.36624        0.74497   1   5
        0.36624        1.08941   1   6
        0.36624        1.11910   1   7
        0.36624        1.18386   1   8
        0.36624        1.37572   1   9
        0.36624        1.45811   1  10
        0.36624        2.04389   1  11
        0.36624        2.28844   1  12
        0.36624        2.31218   1  13
        0.36624        2.86097   1  14
        0.36624        2.92783   1  15
        0.36624        2.99806   1  16
        0.36624        3.34702   1  17
        0.36624        3.87408   1  18
        0.37731       -0.46078   1   1
        0.37731       -0.06009   1   2
        0.37731        0.05033   1   3
        0.37731        0.29761   1   4
        0.37731        0.77111   1   5
        0.37731        1.07495   1   6
        0.37731        1.09430   1   7
        0.37731        1.15829   1   8
        0.37731        1.34340   1   9
        0.37731        1.51520   1  10
        0.37731        2.02321   1  11
        0.37731        2.24690   1  12
        0.37731        2.32188   1  13
        0.37731        2.88738   1  14
        0.37731        2.97961   1  15
        0.37731        3.11300   1  16
        0.37731        3.37424   1  17
        0.37731        3.84891   1  18
        0.38839       -0.48867   1   1
        0.38839       -0.03758   1   2
        0.38839        0.07541   1   3
        0.38839        0.31291   1   4
        0.38839        0.79803   1   5
        0.38839        1.05567   1   6
        0.38839        1.07177   1   7
        0.38839        1.13423   1   8
        0.38839        1.31458   1   9
        0.38839        1.56713   1  10
        0.38839        1.99356   1  11
        0.38839        2.20183   1  12
        0.38839        2.32598   1  13
        0.38839        2.89890   1  14
        0.38839        3.01899   1  15
        0.38839        3.20890   1  16
        0.38839        3.40031   1  17
        0.38839        3.79585   1  18
        0.39946       -0.51636   1   1
        0.39946       -0.01228   1   2
        0.39946        0.10263   1   3
        0.39946        0.32766   1   4
        0.39946        0.82530   1   5
        0.39946        1.03507   1   6
        0.39946        1.05188   1   7
        0.39946        1.11233   1   8
        0.39946        1.28979   1   9
        0.39946        1.60562   1  10
        0.39946        1.96272   1  11
        0.39946        2.15294   1  12
        0.39946        2.32311   1  13
        0.39946        2.91627   1  14
        0.39946        3.05122   1  15
        0.39946        3.22962   1  16
        0.39946        3.42460   1  17
        0.39946        3.72598   1  18
        0.41053       -0.54288   1   1
        0.41053        0.01581   1   2
        0.41053        0.13123   1   3
        0.41053        0.34152   1   4
        0.41053        0.85214   1   5
        0.41053        1.01544   1   6
        0.41053        1.03470   1   7
        0.41053        1.09349   1   8
        0.41053        1.26955   1   9
        0.41053        1.62352   1  10
        0.41053        1.93919   1  11
        0.41053        2.10156   1  12
        0.41053        2.31200   1  13
        0.41053        2.93795   1  14
        0.41053        3.07730   1  15
        0.41053        3.16471   1  16
        0.41053        3.46234   1  17
        0.41053        3.65784   1  18
        0.42161       -0.56770   1   1
        0.42161        0.04668   1   2
        0.42161        0.16034   1   3
        0.42161        0.35416   1   4
        0.42161        0.87712   1   5
        0.42161        0.99767   1   6
        0.42161        1.01991   1   7
        0.42161        1.07877   1   8
        0.42161        1.25435   1   9
        0.42161        1.61857   1  10
        0.42161        1.92440   1  11
        0.42161        2.05053   1  12
        0.42161        2.29131   1  13
        0.42161        2.93788   1  14
        0.42161        3.08991   1  15
        0.42161        3.09461   1  16
        0.42161        3.50206   1  17
        0.42161        3.60965   1  18
        0.43268       -0.59078   1   1
        0.43268        0.07987   1   2
        0.43268        0.18932   1   3
        0.43268        0.36538   1   4
        0.43268        0.89828   1   5
        0.43268        0.98166   1   6
        0.43268        1.00704   1   7
        0.43268        1.06897   1   8
        0.43268        1.24454   1   9
        0.43268        1.59551   1  10
        0.43268        1.91055   1  11
        0.43268        2.00261   1  12
        0.43268        2.25987   1  13
        0.43268        2.89469   1  14
        0.43268        3.08882   1  15
        0.43268        3.10306   1  16
        0.43268        3.53157   1  17
        0.43268        3.58912   1  18
        0.44375       -0.61236   1   1
        0.44375        0.11457   1   2
        0.44375        0.21811   1   3
        0.44375        0.37507   1   4
        0.44375        0.91372   1   5
        0.44375        0.96704   1   6
        0.44375        0.99571   1   7
        0.44375        1.06367   1   8
        0.44375        1.24053   1   9
        0.44375        1.56189   1  10
        0.44375        1.89002   1  11
        0.44375        1.95995   1  12
        0.44375        2.21725   1  13
        0.44375        2.88569   1  14
        0.44375        3.10828   1  15
        0.44375        3.11941   1  16
        0.44375        3.54667   1  17
        0.44375        3.59051   1  18
        0.45483       -0.63263   1   1
        0.45483        0.14992   1   2
        0.45483        0.24694   1   3
        0.45483        0.38319   1   4
        0.45483        0.92261   1   5
        0.45483        0.95401   1   6
        0.45483        0.98561   1   7
        0.45483        1.06044   1   8
        0.45483        1.24296   1   9
        0.45483        1.52438   1  10
        0.45483        1.86175   1  11
        0.45483        1.92485   1  12
        0.45483        2.16430   1  13
        0.45483        2.93673   1  14
        0.45483        3.11618   1  15
        0.45483        3.14903   1  16
        0.45483        3.54964   1  17
        0.45483        3.60327   1  18
        0.46590       -0.65140   1   1
        0.46590        0.18537   1   2
        0.46590        0.27567   1   3
        0.46590        0.38979   1   4
        0.46590        0.92471   1   5
        0.46590        0.94393   1   6
        0.46590        0.97645   1   7
        0.46590        1.05583   1   8
        0.46590        1.25253   1   9
        0.46590        1.48846   1  10
        0.46590        1.82739   1  11
        0.46590        1.89772   1  12
        0.46590        2.10325   1  13
        0.46590        3.01912   1  14
        0.46590        3.12884   1  15
        0.46590        3.17118   1  16
        0.46590        3.54792   1  17
        0.46590        3.61992   1  18
        0.47697       -0.66823   1   1
        0.47697        0.22081   1   2
        0.47697        0.30349   1   3
        0.47697        0.39499   1   4
        0.47697        0.92026   1   5
        0.47697        0.93842   1   6
        0.47697        0.96802   1   7
        0.47697        1.04699   1   8
        0.47697        1.26955   1   9
        0.47697        1.45888   1  10
        0.47697        1.79072   1  11
        0.47697        1.87312   1  12
        0.47697        2.03740   1  13
        0.47697        3.09063   1  14
        0.47697        3.14593   1  15
        0.47697        3.19111   1  16
        0.47697        3.55077   1  17
        0.47697        3.63715   1  18
        0.48804       -0.68266   1   1
        0.48804        0.25631   1   2
        0.48804        0.32921   1   3
        0.48804        0.39891   1   4
        0.48804        0.91291   1   5
        0.48804        0.93565   1   6
        0.48804        0.96024   1   7
        0.48804        1.03252   1   8
        0.48804        1.29349   1   9
        0.48804        1.43945   1  10
        0.48804        1.75643   1  11
        0.48804        1.84414   1  12
        0.48804        1.97027   1  13
        0.48804        3.12744   1  14
        0.48804        3.16624   1  15
        0.48804        3.21286   1  16
        0.48804        3.56558   1  17
        0.48804        3.65447   1  18
        0.49912       -0.69454   1   1
        0.49912        0.29165   1   2
        0.49912        0.35176   1   3
        0.49912        0.40171   1   4
        0.49912        0.90516   1   5
        0.49912        0.93432   1   6
        0.49912        0.95325   1   7
        0.49912        1.01281   1   8
        0.49912        1.32297   1   9
        0.49912        1.43194   1  10
        0.49912        1.72780   1  11
        0.49912        1.80807   1  12
        0.49912        1.90466   1  13
        0.49912        3.14749   1  14
        0.49912        3.18800   1  15
        0.49912        3.22264   1  16
        0.49912        3.59471   1  17
        0.49912        3.67281   1  18
        0.51019       -0.70413   1   1
        0.51019        0.32585   1   2
        0.51019        0.37050   1   3
        0.51019        0.40351   1   4
        0.51019        0.89694   1   5
        0.51019        0.93443   1   6
        0.51019        0.94731   1   7
        0.51019        0.99021   1   8
        0.51019        1.35631   1   9
        0.51019        1.43530   1  10
        0.51019        1.70612   1  11
        0.51019        1.76751   1  12
        0.51019        1.84221   1  13
        0.51019        3.16984   1  14
        0.51019        3.20932   1  15
        0.51019        3.22206   1  16
        0.51019        3.63377   1  17
        0.51019        3.69259   1  18
        0.52126       -0.71179   1   1
        0.52126        0.35698   1   2
        0.52126        0.38521   1   3
        0.52126        0.40448   1   4
        0.52126        0.88800   1   5
        0.52126        0.93545   1   6
        0.52126        0.94266   1   7
        0.52126        0.96844   1   8
        0.52126        1.39192   1   9
        0.52126        1.44585   1  10
        0.52126        1.69096   1  11
        0.52126        1.72873   1  12
        0.52126        1.78384   1  13
        0.52126        3.19780   1  14
        0.52126        3.22563   1  15
        0.52126        3.22872   1  16
        0.52126        3.67508   1  17
        0.52126        3.71226   1  18
        0.53234       -0.71757   1   1
        0.53234        0.38233   1   2
        0.53234        0.39595   1   3
        0.53234        0.40486   1   4
        0.53234        0.87904   1   5
        0.53234        0.93642   1   6
        0.53234        0.93943   1   7
        0.53234        0.95115   1   8
        0.53234        1.42767   1   9
        0.53234        1.45841   1  10
        0.53234        1.68110   1  11
        0.53234        1.69822   1  12
        0.53234        1.73139   1  13
        0.53234        3.22698   1  14
        0.53234        3.23871   1  15
        0.53234        3.24481   1  16
        0.53234        3.71096   1  17
        0.53234        3.72887   1  18
        0.54341       -0.72121   1   1
        0.54341        0.39904   1   2
        0.54341        0.40261   1   3
        0.54341        0.40491   1   4
        0.54341        0.87205   1   5
        0.54341        0.93689   1   6
        0.54341        0.93759   1   7
        0.54341        0.94052   1   8
        0.54341        1.45821   1   9
        0.54341        1.46800   1  10
        0.54341        1.67547   1  11
        0.54341        1.67967   1  12
        0.54341        1.69046   1  13
        0.54341        3.25038   1  14
        0.54341        3.25346   1  15
        0.54341        3.25574   1  16
        0.54341        3.73509   1  17
        0.54341        3.73978   1  18
        0.55448       -0.72245   1   1
        0.55448        0.40490   1   2
        0.55448        0.40490   1   3
        0.55448        0.40490   1   4
        0.55448        0.86937   1   5
        0.55448        0.93699   1   6
        0.55448        0.93699   1   7
        0.55448        0.93699   1   8
        0.55448        1.47151   1   9
        0.55448        1.47151   1  10
        0.55448        1.67361   1  11
        0.55448        1.67361   1  12
        0.55448        1.67361   1  13
        0.55448        3.25966   1  14
        0.55448        3.25966   1  15
        0.55448        3.25966   1  16
        0.55448        3.74354   1  17
        0.55448        3.74354   1  18
        0.55448       -0.72245   1   1
        0.55448        0.40490   1   2
        0.55448        0.40490   1   3
        0.55448        0.40490   1   4
        0.55448        0.86937   1   5
        0.55448        0.93699   1   6
        0.55448        0.93699   1   7
        0.55448        0.93699   1   8
        0.55448        1.47151   1   9
        0.55448        1.47151   1  10
        0.55448        1.67361   1  11
        0.55448        1.67361   1  12
        0.55448        1.67361   1  13
        0.55448        3.25966   1  14
        0.55448        3.25966   1  15
        0.55448        3.25966   1  16
        0.55448        3.74354   1  17
        0.55448        3.74354   1  18
        0.56553       -0.72122   1   1
        0.56553        0.39831   1   2
        0.56553        0.40415   1   3
        0.56553        0.40415   1   4
        0.56553        0.87202   1   5
        0.56553        0.93792   1   6
        0.56553        0.93853   1   7
        0.56553        0.93853   1   8
        0.56553        1.46304   1   9
        0.56553        1.46304   1  10
        0.56553        1.67433   1  11
        0.56553        1.68569   1  12
        0.56553        1.68569   1  13
        0.56553        3.24972   1  14
        0.56553        3.25501   1  15
        0.56553        3.25501   1  16
        0.56553        3.73747   1  17
        0.56553        3.73747   1  18
        0.57658       -0.71761   1   1
        0.57658        0.37960   1   2
        0.57658        0.40188   1   3
        0.57658        0.40188   1   4
        0.57658        0.87851   1   5
        0.57658        0.94139   1   6
        0.57658        0.94299   1   7
        0.57658        0.94299   1   8
        0.57658        1.44239   1   9
        0.57658        1.44239   1  10
        0.57658        1.67786   1  11
        0.57658        1.71710   1  12
        0.57658        1.71710   1  13
        0.57658        3.22629   1  14
        0.57658        3.24272   1  15
        0.57658        3.24272   1  16
        0.57658        3.72014   1  17
        0.57658        3.72014   1  18
        0.58763       -0.71190   1   1
        0.58763        0.35129   1   2
        0.58763        0.39812   1   3
        0.58763        0.39812   1   4
        0.58763        0.88426   1   5
        0.58763        0.94986   1   6
        0.58763        0.94986   1   7
        0.58763        0.95007   1   8
        0.58763        1.41722   1   9
        0.58763        1.41722   1  10
        0.58763        1.68738   1  11
        0.58763        1.76006   1  12
        0.58763        1.76006   1  13
        0.58763        3.20341   1  14
        0.58763        3.22636   1  15
        0.58763        3.22636   1  16
        0.58763        3.69469   1  17
        0.58763        3.69469   1  18
        0.59868       -0.70438   1   1
        0.59868        0.31622   1   2
        0.59868        0.39303   1   3
        0.59868        0.39303   1   4
        0.59868        0.88436   1   5
        0.59868        0.95830   1   6
        0.59868        0.95830   1   7
        0.59868        0.96681   1   8
        0.59868        1.39258   1   9
        0.59868        1.39258   1  10
        0.59868        1.70531   1  11
        0.59868        1.80975   1  12
        0.59868        1.80975   1  13
        0.59868        3.19126   1  14
        0.59868        3.20827   1  15
        0.59868        3.20827   1  16
        0.59868        3.66691   1  17
        0.59868        3.66691   1  18
        0.60973       -0.69497   1   1
        0.60973        0.27658   1   2
        0.60973        0.38697   1   3
        0.60973        0.38697   1   4
        0.60973        0.87884   1   5
        0.60973        0.96715   1   6
        0.60973        0.96715   1   7
        0.60973        0.99003   1   8
        0.60973        1.37172   1   9
        0.60973        1.37172   1  10
        0.60973        1.73093   1  11
        0.60973        1.86378   1  12
        0.60973        1.86378   1  13
        0.60973        3.18655   1  14
        0.60973        3.18789   1  15
        0.60973        3.18789   1  16
        0.60973        3.64401   1  17
        0.60973        3.64401   1  18
        0.62078       -0.68328   1   1
        0.62078        0.23369   1   2
        0.62078        0.38038   1   3
        0.62078        0.38038   1   4
        0.62078        0.87055   1   5
        0.62078        0.97505   1   6
        0.62078        0.97505   1   7
        0.62078        1.01592   1   8
        0.62078        1.35726   1   9
        0.62078        1.35726   1  10
        0.62078        1.76000   1  11
        0.62078        1.92078   1  12
        0.62078        1.92078   1  13
        0.62078        3.16388   1  14
        0.62078        3.16388   1  15
        0.62078        3.17206   1  16
        0.62078        3.63081   1  17
        0.62078        3.63081   1  18
        0.63183       -0.66905   1   1
        0.63183        0.18813   1   2
        0.63183        0.37364   1   3
        0.63183        0.37364   1   4
        0.63183        0.86162   1   5
        0.63183        0.98063   1   6
        0.63183        0.98063   1   7
        0.63183        1.04173   1   8
        0.63183        1.35137   1   9
        0.63183        1.35137   1  10
        0.63183        1.78683   1  11
        0.63183        1.97893   1  12
        0.63183        1.97893   1  13
        0.63183        3.12658   1  14
        0.63183        3.13733   1  15
        0.63183        3.13733   1  16
        0.63183        3.62645   1  17
        0.63183        3.62645   1  18
        0.64288       -0.65246   1   1
        0.64288        0.14028   1   2
        0.64288        0.36692   1   3
        0.64288        0.36692   1   4
        0.64288        0.85287   1   5
        0.64288        0.98298   1   6
        0.64288        0.98298   1   7
        0.64288        1.06597   1   8
        0.64288        1.35525   1   9
        0.64288        1.35525   1  10
        0.64288        1.80712   1  11
        0.64288        2.03486   1  12
        0.64288        2.03486   1  13
        0.64288        3.03906   1  14
        0.64288        3.11171   1  15
        0.64288        3.11171   1  16
        0.64288        3.62529   1  17
        0.64288        3.62529   1  18
        0.65393       -0.63398   1   1
        0.65393        0.09082   1   2
        0.65393        0.36032   1   3
        0.65393        0.36032   1   4
        0.65393        0.84427   1   5
        0.65393        0.98196   1   6
        0.65393        0.98196   1   7
        0.65393        1.08796   1   8
        0.65393        1.36866   1   9
        0.65393        1.36866   1  10
        0.65393        1.82031   1  11
        0.65393        2.08342   1  12
        0.65393        2.08342   1  13
        0.65393        2.91727   1  14
        0.65393        3.09072   1  15
        0.65393        3.09072   1  16
        0.65393        3.62058   1  17
        0.65393        3.62058   1  18
        0.66498       -0.61393   1   1
        0.66498        0.04113   1   2
        0.66498        0.35395   1   3
        0.66498        0.35395   1   4
        0.66498        0.83580   1   5
        0.66498        0.97804   1   6
        0.66498        0.97804   1   7
        0.66498        1.10725   1   8
        0.66498        1.39026   1   9
        0.66498        1.39026   1  10
        0.66498        1.83083   1  11
        0.66498        2.11852   1  12
        0.66498        2.11852   1  13
        0.66498        2.78473   1  14
        0.66498        3.07644   1  15
        0.66498        3.07644   1  16
        0.66498        3.60821   1  17
        0.66498        3.60821   1  18
        0.67603       -0.59241   1   1
        0.67603       -0.00688   1   2
        0.67603        0.34801   1   3
        0.67603        0.34801   1   4
        0.67603        0.82792   1   5
        0.67603        0.97186   1   6
        0.67603        0.97186   1   7
        0.67603        1.12334   1   8
        0.67603        1.41855   1   9
        0.67603        1.41855   1  10
        0.67603        1.84747   1  11
        0.67603        2.13486   1  12
        0.67603        2.13486   1  13
        0.67603        2.66858   1  14
        0.67603        3.06808   1  15
        0.67603        3.06808   1  16
        0.67603        3.59018   1  17
        0.67603        3.59018   1  18
        0.68708       -0.56943   1   1
        0.68708       -0.05154   1   2
        0.68708        0.34272   1   3
        0.68708        0.34272   1   4
        0.68708        0.82128   1   5
        0.68708        0.96410   1   6
        0.68708        0.96410   1   7
        0.68708        1.13576   1   8
        0.68708        1.45246   1   9
        0.68708        1.45246   1  10
        0.68708        1.87882   1  11
        0.68708        2.12961   1  12
        0.68708        2.12961   1  13
        0.68708        2.58826   1  14
        0.68708        3.06322   1  15
        0.68708        3.06322   1  16
        0.68708        3.57459   1  17
        0.68708        3.57459   1  18
        0.69814       -0.54536   1   1
        0.69814       -0.09235   1   2
        0.69814        0.33822   1   3
        0.69814        0.33822   1   4
        0.69814        0.81614   1   5
        0.69814        0.95559   1   6
        0.69814        0.95559   1   7
        0.69814        1.14460   1   8
        0.69814        1.49119   1   9
        0.69814        1.49119   1  10
        0.69814        1.92509   1  11
        0.69814        2.10335   1  12
        0.69814        2.10335   1  13
        0.69814        2.55317   1  14
        0.69814        3.06264   1  15
        0.69814        3.06264   1  16
        0.69814        3.56958   1  17
        0.69814        3.56958   1  18
        0.70919       -0.52100   1   1
        0.70919       -0.12988   1   2
        0.70919        0.33453   1   3
        0.70919        0.33453   1   4
        0.70919        0.81215   1   5
        0.70919        0.94744   1   6
        0.70919        0.94744   1   7
        0.70919        1.15066   1   8
        0.70919        1.53354   1   9
        0.70919        1.53354   1  10
        0.70919        1.97344   1  11
        0.70919        2.06043   1  12
        0.70919        2.06043   1  13
        0.70919        2.56585   1  14
        0.70919        3.07120   1  15
        0.70919        3.07120   1  16
        0.70919        3.57742   1  17
        0.70919        3.57742   1  18
        0.72024       -0.49759   1   1
        0.72024       -0.16442   1   2
        0.72024        0.33159   1   3
        0.72024        0.33159   1   4
        0.72024        0.80885   1   5
        0.72024        0.94073   1   6
        0.72024        0.94073   1   7
        0.72024        1.15501   1   8
        0.72024        1.57716   1   9
        0.72024        1.57716   1  10
        0.72024        2.00753   1  11
        0.72024        2.00861   1  12
        0.72024        2.00861   1  13
        0.72024        2.61864   1  14
        0.72024        3.09009   1  15
        0.72024        3.09009   1  16
        0.72024        3.59610   1  17
        0.72024        3.59610   1  18
        0.73129       -0.47688   1   1
        0.73129       -0.19455   1   2
        0.73129        0.32939   1   3
        0.73129        0.32939   1   4
        0.73129        0.80615   1   5
        0.73129        0.93609   1   6
        0.73129        0.93609   1   7
        0.73129        1.15828   1   8
        0.73129        1.61817   1   9
        0.73129        1.61817   1  10
        0.73129        1.95750   1  11
        0.73129        1.95750   1  12
        0.73129        2.02321   1  13
        0.73129        2.68804   1  14
        0.73129        3.11210   1  15
        0.73129        3.11210   1  16
        0.73129        3.62169   1  17
        0.73129        3.62169   1  18
        0.74234       -0.46173   1   1
        0.74234       -0.21636   1   2
        0.74234        0.32799   1   3
        0.74234        0.32799   1   4
        0.74234        0.80428   1   5
        0.74234        0.93351   1   6
        0.74234        0.93351   1   7
        0.74234        1.16047   1   8
        0.74234        1.65011   1   9
        0.74234        1.65011   1  10
        0.74234        1.91789   1  11
        0.74234        1.91789   1  12
        0.74234        2.02749   1  13
        0.74234        2.74417   1  14
        0.74234        3.12797   1  15
        0.74234        3.12797   1  16
        0.74234        3.64559   1  17
        0.74234        3.64559   1  18
        0.75339       -0.45598   1   1
        0.75339       -0.22455   1   2
        0.75339        0.32751   1   3
        0.75339        0.32751   1   4
        0.75339        0.80360   1   5
        0.75339        0.93271   1   6
        0.75339        0.93271   1   7
        0.75339        1.16127   1   8
        0.75339        1.66292   1   9
        0.75339        1.66292   1  10
        0.75339        1.90226   1  11
        0.75339        1.90226   1  12
        0.75339        2.02795   1  13
        0.75339        2.76537   1  14
        0.75339        3.13344   1  15
        0.75339        3.13344   1  16
        0.75339        3.65560   1  17
        0.75339        3.65560   1  18
        0.75339       -0.45598   1   1
        0.75339       -0.22455   1   2
        0.75339        0.32751   1   3
        0.75339        0.32751   1   4
        0.75339        0.80360   1   5
        0.75339        0.93271   1   6
        0.75339        0.93271   1   7
        0.75339        1.16127   1   8
        0.75339        1.66292   1   9
        0.75339        1.66292   1  10
        0.75339        1.90226   1  11
        0.75339        1.90226   1  12
        0.75339        2.02795   1  13
        0.75339        2.76537   1  14
        0.75339        3.13344   1  15
        0.75339        3.13344   1  16
        0.75339        3.65560   1  17
        0.75339        3.65560   1  18
        0.76499       -0.45506   1   1
        0.76499       -0.22358   1   2
        0.76499        0.32111   1   3
        0.76499        0.32563   1   4
        0.76499        0.80758   1   5
        0.76499        0.92750   1   6
        0.76499        0.93687   1   7
        0.76499        1.16555   1   8
        0.76499        1.65348   1   9
        0.76499        1.65853   1  10
        0.76499        1.90803   1  11
        0.76499        1.90982   1  12
        0.76499        2.03136   1  13
        0.76499        2.73946   1  14
        0.76499        3.13410   1  15
        0.76499        3.13723   1  16
        0.76499        3.64775   1  17
        0.76499        3.65434   1  18
        0.77659       -0.45226   1   1
        0.77659       -0.22059   1   2
        0.77659        0.30286   1   3
        0.77659        0.32005   1   4
        0.77659        0.81693   1   5
        0.77659        0.91474   1   6
        0.77659        0.95001   1   7
        0.77659        1.17680   1   8
        0.77659        1.62764   1   9
        0.77659        1.64693   1  10
        0.77659        1.92167   1  11
        0.77659        1.93195   1  12
        0.77659        2.04323   1  13
        0.77659        2.67426   1  14
        0.77659        3.13242   1  15
        0.77659        3.14612   1  16
        0.77659        3.62761   1  17
        0.77659        3.65141   1  18
        0.78819       -0.44742   1   1
        0.78819       -0.21535   1   2
        0.78819        0.27524   1   3
        0.78819        0.31086   1   4
        0.78819        0.82396   1   5
        0.78819        0.90245   1   6
        0.78819        0.97367   1   7
        0.78819        1.19130   1   8
        0.78819        1.58982   1   9
        0.78819        1.63171   1  10
        0.78819        1.93677   1  11
        0.78819        1.96669   1  12
        0.78819        2.06680   1  13
        0.78819        2.60039   1  14
        0.78819        3.12090   1  15
        0.78819        3.15366   1  16
        0.78819        3.60303   1  17
        0.78819        3.64762   1  18
        0.79979       -0.44043   1   1
        0.79979       -0.20773   1   2
        0.79979        0.24154   1   3
        0.79979        0.29805   1   4
        0.79979        0.82011   1   5
        0.79979        0.90034   1   6
        0.79979        1.00830   1   7
        0.79979        1.20472   1   8
        0.79979        1.54402   1   9
        0.79979        1.61666   1  10
        0.79979        1.95028   1  11
        0.79979        2.00945   1  12
        0.79979        2.10340   1  13
        0.79979        2.55040   1  14
        0.79979        3.09456   1  15
        0.79979        3.15176   1  16
        0.79979        3.58145   1  17
        0.79979        3.64102   1  18
        0.81139       -0.43127   1   1
        0.81139       -0.19776   1   2
        0.81139        0.20491   1   3
        0.81139        0.28155   1   4
        0.81139        0.80783   1   5
        0.81139        0.90866   1   6
        0.81139        1.05182   1   7
        0.81139        1.21335   1   8
        0.81139        1.49436   1   9
        0.81139        1.60464   1  10
        0.81139        1.96258   1  11
        0.81139        2.05340   1  12
        0.81139        2.15241   1  13
        0.81139        2.54158   1  14
        0.81139        3.05310   1  15
        0.81139        3.13400   1  16
        0.81139        3.56622   1  17
        0.81139        3.62780   1  18
        0.82299       -0.42016   1   1
        0.82299       -0.18574   1   2
        0.82299        0.16794   1   3
        0.82299        0.26149   1   4
        0.82299        0.79535   1   5
        0.82299        0.92202   1   6
        0.82299        1.10013   1   7
        0.82299        1.21504   1   8
        0.82299        1.44518   1   9
        0.82299        1.59745   1  10
        0.82299        1.97396   1  11
        0.82299        2.09472   1  12
        0.82299        2.21018   1  13
        0.82299        2.57006   1  14
        0.82299        2.99893   1  15
        0.82299        3.09895   1  16
        0.82299        3.55686   1  17
        0.82299        3.60689   1  18
        0.83459       -0.40754   1   1
        0.83459       -0.17214   1   2
        0.83459        0.13218   1   3
        0.83459        0.23822   1   4
        0.83459        0.78620   1   5
        0.83459        0.93798   1   6
        0.83459        1.14722   1   7
        0.83459        1.21114   1   8
        0.83459        1.39970   1   9
        0.83459        1.59592   1  10
        0.83459        1.98350   1  11
        0.83459        2.13430   1  12
        0.83459        2.26883   1  13
        0.83459        2.61968   1  14
        0.83459        2.93661   1  15
        0.83459        3.05130   1  16
        0.83459        3.55260   1  17
        0.83459        3.58292   1  18
        0.84619       -0.39396   1   1
        0.84619       -0.15752   1   2
        0.84619        0.09867   1   3
        0.84619        0.21242   1   4
        0.84619        0.78059   1   5
        0.84619        0.95596   1   6
        0.84619        1.17318   1   7
        0.84619        1.21672   1   8
        0.84619        1.36219   1   9
        0.84619        1.60017   1  10
        0.84619        1.98992   1  11
        0.84619        2.17180   1  12
        0.84619        2.31915   1  13
        0.84619        2.67593   1  14
        0.84619        2.87442   1  15
        0.84619        3.00174   1  16
        0.84619        3.55260   1  17
        0.84619        3.56702   1  18
        0.85779       -0.37989   1   1
        0.85779       -0.14265   1   2
        0.85779        0.06840   1   3
        0.85779        0.18474   1   4
        0.85779        0.77778   1   5
        0.85779        0.97592   1   6
        0.85779        1.16345   1   7
        0.85779        1.23411   1   8
        0.85779        1.34532   1   9
        0.85779        1.60988   1  10
        0.85779        1.99255   1  11
        0.85779        2.20510   1  12
        0.85779        2.35210   1  13
        0.85779        2.73453   1  14
        0.85779        2.82253   1  15
        0.85779        2.96525   1  16
        0.85779        3.54589   1  17
        0.85779        3.58106   1  18
        0.86939       -0.36577   1   1
        0.86939       -0.12880   1   2
        0.86939        0.04326   1   3
        0.86939        0.15596   1   4
        0.86939        0.77723   1   5
        0.86939        0.99788   1   6
        0.86939        1.14538   1   7
        0.86939        1.22313   1   8
        0.86939        1.36250   1   9
        0.86939        1.62444   1  10
        0.86939        1.99098   1  11
        0.86939        2.23234   1  12
        0.86939        2.36176   1  13
        0.86939        2.76441   1  14
        0.86939        2.80183   1  15
        0.86939        2.97635   1  16
        0.86939        3.54551   1  17
        0.86939        3.61711   1  18
        0.88099       -0.35218   1   1
        0.88099       -0.11804   1   2
        0.88099        0.02624   1   3
        0.88099        0.12691   1   4
        0.88099        0.77854   1   5
        0.88099        1.02175   1   6
        0.88099        1.12801   1   7
        0.88099        1.19517   1   8
        0.88099        1.39304   1   9
        0.88099        1.64276   1  10
        0.88099        1.98468   1  11
        0.88099        2.25321   1  12
        0.88099        2.35344   1  13
        0.88099        2.73930   1  14
        0.88099        2.78245   1  15
        0.88099        3.09573   1  16
        0.88099        3.55448   1  17
        0.88099        3.66532   1  18
        0.89259       -0.34030   1   1
        0.89259       -0.11250   1   2
        0.89259        0.02073   1   3
        0.89259        0.09872   1   4
        0.89259        0.78097   1   5
        0.89259        1.04713   1   6
        0.89259        1.11439   1   7
        0.89259        1.16452   1   8
        0.89259        1.41899   1   9
        0.89259        1.66228   1  10
        0.89259        1.97432   1  11
        0.89259        2.26858   1  12
        0.89259        2.34068   1  13
        0.89259        2.68018   1  14
        0.89259        2.76969   1  15
        0.89259        3.27531   1  16
        0.89259        3.57071   1  17
        0.89259        3.70615   1  18
        0.90419       -0.33188   1   1
        0.90419       -0.11164   1   2
        0.90419        0.02692   1   3
        0.90419        0.07325   1   4
        0.90419        0.78330   1   5
        0.90419        1.07328   1   6
        0.90419        1.10552   1   7
        0.90419        1.13543   1   8
        0.90419        1.43508   1   9
        0.90419        1.67818   1  10
        0.90419        1.96377   1  11
        0.90419        2.27854   1  12
        0.90419        2.33329   1  13
        0.90419        2.61682   1  14
        0.90419        2.77177   1  15
        0.90419        3.43591   1  16
        0.90419        3.59962   1  17
        0.90419        3.71178   1  18
        0.91579       -0.32879   1   1
        0.91579       -0.11201   1   2
        0.91579        0.03569   1   3
        0.91579        0.05841   1   4
        0.91579        0.78425   1   5
        0.91579        1.09586   1   6
        0.91579        1.09733   1   7
        0.91579        1.11712   1   8
        0.91579        1.44043   1   9
        0.91579        1.68447   1  10
        0.91579        1.95919   1  11
        0.91579        2.28192   1  12
        0.91579        2.33186   1  13
        0.91579        2.59027   1  14
        0.91579        2.77388   1  15
        0.91579        3.49569   1  16
        0.91579        3.65160   1  17
        0.91579        3.67523   1  18
        0.91579       -0.32879   1   1
        0.91579       -0.11201   1   2
        0.91579        0.03569   1   3
        0.91579        0.05841   1   4
        0.91579        0.78425   1   5
        0.91579        1.09586   1   6
        0.91579        1.09733   1   7
        0.91579        1.11712   1   8
        0.91579        1.44043   1   9
        0.91579        1.68447   1  10
        0.91579        1.95919   1  11
        0.91579        2.28192   1  12
        0.91579        2.33186   1  13
        0.91579        2.59027   1  14
        0.91579        2.77388   1  15
        0.91579        3.49569   1  16
        0.91579        3.65160   1  17
        0.91579        3.67523   1  18
        0.92727       -0.32930   1   1
        0.92727       -0.11477   1   2
        0.92727        0.03947   1   3
        0.92727        0.06040   1   4
        0.92727        0.77380   1   5
        0.92727        1.04989   1   6
        0.92727        1.10892   1   7
        0.92727        1.16362   1   8
        0.92727        1.43993   1   9
        0.92727        1.68466   1  10
        0.92727        1.95829   1  11
        0.92727        2.27687   1  12
        0.92727        2.32719   1  13
        0.92727        2.60417   1  14
        0.92727        2.77360   1  15
        0.92727        3.47045   1  16
        0.92727        3.60553   1  17
        0.92727        3.65201   1  18
        0.93876       -0.33072   1   1
        0.93876       -0.12185   1   2
        0.93876        0.05001   1   3
        0.93876        0.06638   1   4
        0.93876        0.74626   1   5
        0.93876        0.99505   1   6
        0.93876        1.13979   1   7
        0.93876        1.21981   1   8
        0.93876        1.43860   1   9
        0.93876        1.68663   1  10
        0.93876        1.95680   1  11
        0.93876        2.26267   1  12
        0.93876        2.31430   1  13
        0.93876        2.60758   1  14
        0.93876        2.80861   1  15
        0.93876        3.39098   1  16
        0.93876        3.49622   1  17
        0.93876        3.61169   1  18
        0.95024       -0.33283   1   1
        0.95024       -0.13072   1   2
        0.95024        0.06555   1   3
        0.95024        0.07636   1   4
        0.95024        0.70897   1   5
        0.95024        0.94064   1   6
        0.95024        1.18236   1   7
        0.95024        1.27575   1   8
        0.95024        1.43679   1   9
        0.95024        1.69359   1  10
        0.95024        1.95755   1  11
        0.95024        2.24189   1  12
        0.95024        2.29470   1  13
        0.95024        2.56187   1  14
        0.95024        2.90302   1  15
        0.95024        3.26685   1  16
        0.95024        3.39558   1  17
        0.95024        3.60749   1  18
        0.96173       -0.33540   1   1
        0.96173       -0.13938   1   2
        0.96173        0.08428   1   3
        0.96173        0.09000   1   4
        0.96173        0.66791   1   5
        0.96173        0.88837   1   6
        0.96173        1.22985   1   7
        0.96173        1.32886   1   8
        0.96173        1.43481   1   9
        0.96173        1.70828   1  10
        0.96173        1.96298   1  11
        0.96173        2.21783   1  12
        0.96173        2.26690   1  13
        0.96173        2.49515   1  14
        0.96173        2.99303   1  15
        0.96173        3.14785   1  16
        0.96173        3.38062   1  17
        0.96173        3.65560   1  18
        0.97321       -0.33825   1   1
        0.97321       -0.14710   1   2
        0.97321        0.10447   1   3
        0.97321        0.10640   1   4
        0.97321        0.62703   1   5
        0.97321        0.84035   1   6
        0.97321        1.27727   1   7
        0.97321        1.37632   1   8
        0.97321        1.43283   1   9
        0.97321        1.73101   1  10
        0.97321        1.97341   1  11
        0.97321        2.19342   1  12
        0.97321        2.22819   1  13
        0.97321        2.43155   1  14
        0.97321        3.03824   1  15
        0.97321        3.07953   1  16
        0.97321        3.45828   1  17
        0.97321        3.74057   1  18
        0.98469       -0.34112   1   1
        0.98469       -0.15406   1   2
        0.98469        0.12416   1   3
        0.98469        0.12451   1   4
        0.98469        0.58860   1   5
        0.98469        0.79825   1   6
        0.98469        1.32174   1   7
        0.98469        1.41593   1   8
        0.98469        1.43091   1   9
        0.98469        1.75990   1  10
        0.98469        1.98725   1  11
        0.98469        2.16943   1  12
        0.98469        2.18173   1  13
        0.98469        2.37687   1  14
        0.98469        3.06243   1  15
        0.98469        3.06515   1  16
        0.98469        3.54648   1  17
        0.98469        3.83301   1  18
        0.99618       -0.34361   1   1
        0.99618       -0.16031   1   2
        0.99618        0.14147   1   3
        0.99618        0.14269   1   4
        0.99618        0.55454   1   5
        0.99618        0.76353   1   6
        0.99618        1.36144   1   7
        0.99618        1.42881   1   8
        0.99618        1.44637   1   9
        0.99618        1.79273   1  10
        0.99618        2.00248   1  11
        0.99618        2.13517   1  12
        0.99618        2.14484   1  13
        0.99618        2.32661   1  14
        0.99618        3.07366   1  15
        0.99618        3.07701   1  16
        0.99618        3.58560   1  17
        0.99618        3.90586   1  18
        1.00766       -0.34541   1   1
        1.00766       -0.16544   1   2
        1.00766        0.15634   1   3
        1.00766        0.15736   1   4
        1.00766        0.52697   1   5
        1.00766        0.73740   1   6
        1.00766        1.39447   1   7
        1.00766        1.42721   1   8
        1.00766        1.46655   1   9
        1.00766        1.82770   1  10
        1.00766        2.01811   1  11
        1.00766        2.09318   1  12
        1.00766        2.11901   1  13
        1.00766        2.28201   1  14
        1.00766        3.07449   1  15
        1.00766        3.07718   1  16
        1.00766        3.57069   1  17
        1.00766        3.94865   1  18
        1.01914       -0.34645   1   1
        1.01914       -0.16883   1   2
        1.01914        0.16660   1   3
        1.01914        0.16695   1   4
        1.01914        0.50861   1   5
        1.01914        0.72104   1   6
        1.01914        1.41738   1   7
        1.01914        1.42613   1   8
        1.01914        1.47745   1   9
        1.01914        1.85965   1  10
        1.01914        2.03418   1  11
        1.01914        2.05952   1  12
        1.01914        2.09317   1  13
        1.01914        2.25269   1  14
        1.01914        3.06309   1  15
        1.01914        3.06437   1  16
        1.01914        3.53527   1  17
        1.01914        3.96695   1  18
        1.03063       -0.34677   1   1
        1.03063       -0.17001   1   2
        1.03063        0.17029   1   3
        1.03063        0.17029   1   4
        1.03063        0.50211   1   5
        1.03063        0.71545   1   6
        1.03063        1.42575   1   7
        1.03063        1.42575   1   8
        1.03063        1.48076   1   9
        1.03063        1.87428   1  10
        1.03063        2.04496   1  11
        1.03063        2.04496   1  12
        1.03063        2.07803   1  13
        1.03063        2.24327   1  14
        1.03063        3.05578   1  15
        1.03063        3.05578   1  16
        1.03063        3.51839   1  17
        1.03063        3.97138   1  18
