        0.00000       -0.89989   1   1
        0.00000        0.66656   1   2
        0.00000        0.66656   1   3
        0.00000        0.66656   1   4
        0.00000        1.07611   1   5
        0.00000        1.07611   1   6
        0.00000        1.07611   1   7
        0.00000        1.66573   1   8
        0.00000        2.69688   1   9
        0.00000        2.69688   1  10
        0.00000        2.69688   1  11
        0.00000        3.42424   1  12
        0.00000        3.42424   1  13
        0.00000        4.20023   1  14
        0.00000        4.20023   1  15
        0.00000        4.20023   1  16
        0.00000        6.91375   1  17
        0.00000        6.91375   1  18
        0.04762       -0.89842   1   1
        0.04762        0.66046   1   2
        0.04762        0.66046   1   3
        0.04762        0.66150   1   4
        0.04762        1.07558   1   5
        0.04762        1.08336   1   6
        0.04762        1.08336   1   7
        0.04762        1.66763   1   8
        0.04762        2.69938   1   9
        0.04762        2.70338   1  10
        0.04762        2.70338   1  11
        0.04762        3.40433   1  12
        0.04762        3.42353   1  13
        0.04762        4.19766   1  14
        0.04762        4.19766   1  15
        0.04762        4.20324   1  16
        0.04762        6.90731   1  17
        0.04762        6.94424   1  18
        0.09524       -0.89393   1   1
        0.09524        0.64253   1   2
        0.09524        0.64253   1   3
        0.09524        0.64764   1   4
        0.09524        1.07352   1   5
        0.09524        1.10481   1   6
        0.09524        1.10481   1   7
        0.09524        1.67200   1   8
        0.09524        2.67039   1   9
        0.09524        2.72437   1  10
        0.09524        2.72437   1  11
        0.09524        3.40505   1  12
        0.09524        3.42387   1  13
        0.09524        4.19376   1  14
        0.09524        4.19376   1  15
        0.09524        4.20677   1  16
        0.09524        6.88324   1  17
        0.09524        7.00534   1  18
        0.14286       -0.88632   1   1
        0.14286        0.61493   1   2
        0.14286        0.61493   1   3
        0.14286        0.62821   1   4
        0.14286        1.06882   1   5
        0.14286        1.13849   1   6
        0.14286        1.13849   1   7
        0.14286        1.67524   1   8
        0.14286        2.57026   1   9
        0.14286        2.76311   1  10
        0.14286        2.76311   1  11
        0.14286        3.43149   1  12
        0.14286        3.51470   1  13
        0.14286        4.19487   1  14
        0.14286        4.19581   1  15
        0.14286        4.19581   1  16
        0.14286        6.83557   1  17
        0.14286        7.03737   1  18
        0.19048       -0.87551   1   1
        0.19048        0.58213   1   2
        0.19048        0.58213   1   3
        0.19048        0.60587   1   4
        0.19048        1.06072   1   5
        0.19048        1.18034   1   6
        0.19048        1.18034   1   7
        0.19048        1.67360   1   8
        0.19048        2.44780   1   9
        0.19048        2.82285   1  10
        0.19048        2.82285   1  11
        0.19048        3.45345   1  12
        0.19048        3.71004   1  13
        0.19048        4.14905   1  14
        0.19048        4.20498   1  15
        0.19048        4.20498   1  16
        0.19048        6.77101   1  17
        0.19048        7.00981   1  18
        0.23810       -0.86157   1   1
        0.23810        0.54839   1   2
        0.23810        0.54839   1   3
        0.23810        0.58015   1   4
        0.23810        1.04978   1   5
        0.23810        1.22645   1   6
        0.23810        1.22645   1   7
        0.23810        1.66493   1   8
        0.23810        2.35166   1   9
        0.23810        2.90323   1  10
        0.23810        2.90323   1  11
        0.23810        3.49403   1  12
        0.23810        3.91984   1  13
        0.23810        4.06272   1  14
        0.23810        4.21458   1  15
        0.23810        4.21458   1  16
        0.23810        6.70956   1  17
        0.23810        6.94761   1  18
        0.28571       -0.84483   1   1
        0.28571        0.51517   1   2
        0.28571        0.51517   1   3
        0.28571        0.54806   1   4
        0.28571        1.03791   1   5
        0.28571        1.27502   1   6
        0.28571        1.27502   1   7
        0.28571        1.64738   1   8
        0.28571        2.28293   1   9
        0.28571        2.99641   1  10
        0.28571        2.99641   1  11
        0.28571        3.55171   1  12
        0.28571        3.94890   1  13
        0.28571        4.09518   1  14
        0.28571        4.22281   1  15
        0.28571        4.22281   1  16
        0.28571        6.66606   1  17
        0.28571        6.90460   1  18
        0.33333       -0.82562   1   1
        0.33333        0.48161   1   2
        0.33333        0.48161   1   3
        0.33333        0.50740   1   4
        0.33333        1.02705   1   5
        0.33333        1.32600   1   6
        0.33333        1.32600   1   7
        0.33333        1.61758   1   8
        0.33333        2.22728   1   9
        0.33333        3.09527   1  10
        0.33333        3.09527   1  11
        0.33333        3.61791   1  12
        0.33333        3.83416   1  13
        0.33333        4.22572   1  14
        0.33333        4.24234   1  15
        0.33333        4.24234   1  16
        0.33333        6.62992   1  17
        0.33333        6.91147   1  18
        0.38095       -0.80368   1   1
        0.38095        0.44698   1   2
        0.38095        0.44698   1   3
        0.38095        0.45960   1   4
        0.38095        1.01762   1   5
        0.38095        1.37931   1   6
        0.38095        1.37931   1   7
        0.38095        1.57285   1   8
        0.38095        2.18316   1   9
        0.38095        3.20842   1  10
        0.38095        3.20842   1  11
        0.38095        3.67900   1  12
        0.38095        3.74474   1  13
        0.38095        4.29412   1  14
        0.38095        4.29412   1  15
        0.38095        4.33601   1  16
        0.38095        6.56581   1  17
        0.38095        6.94470   1  18
        0.42857       -0.77815   1   1
        0.42857        0.41006   1   2
        0.42857        0.41220   1   3
        0.42857        0.41220   1   4
        0.42857        1.00844   1   5
        0.42857        1.43395   1   6
        0.42857        1.43395   1   7
        0.42857        1.51603   1   8
        0.42857        2.15920   1   9
        0.42857        3.35220   1  10
        0.42857        3.35220   1  11
        0.42857        3.69448   1  12
        0.42857        3.72290   1  13
        0.42857        4.39943   1  14
        0.42857        4.39943   1  15
        0.42857        4.46251   1  16
        0.42857        6.43947   1  17
        0.42857        6.94120   1  18
        0.47619       -0.74846   1   1
        0.47619        0.36429   1   2
        0.47619        0.37939   1   3
        0.47619        0.37939   1   4
        0.47619        0.99859   1   5
        0.47619        1.45538   1   6
        0.47619        1.48861   1   7
        0.47619        1.48861   1   8
        0.47619        2.15797   1   9
        0.47619        3.51656   1  10
        0.47619        3.51656   1  11
        0.47619        3.67844   1  12
        0.47619        3.74759   1  13
        0.47619        4.57838   1  14
        0.47619        4.57838   1  15
        0.47619        4.62116   1  16
        0.47619        6.24770   1  17
        0.47619        6.84577   1  18
        0.52381       -0.71540   1   1
        0.52381        0.32257   1   2
        0.52381        0.35027   1   3
        0.52381        0.35027   1   4
        0.52381        0.98901   1   5
        0.52381        1.39724   1   6
        0.52381        1.54257   1   7
        0.52381        1.54257   1   8
        0.52381        2.17251   1   9
        0.52381        3.65528   1  10
        0.52381        3.65528   1  11
        0.52381        3.67095   1  12
        0.52381        3.76566   1  13
        0.52381        4.78847   1  14
        0.52381        4.83226   1  15
        0.52381        4.83226   1  16
        0.52381        6.02554   1  17
        0.52381        6.65440   1  18
        0.57143       -0.68087   1   1
        0.57143        0.27926   1   2
        0.57143        0.32521   1   3
        0.57143        0.32521   1   4
        0.57143        0.98196   1   5
        0.57143        1.34237   1   6
        0.57143        1.59575   1   7
        0.57143        1.59575   1   8
        0.57143        2.19362   1   9
        0.57143        3.63144   1  10
        0.57143        3.72978   1  11
        0.57143        3.72978   1  12
        0.57143        3.79926   1  13
        0.57143        4.91488   1  14
        0.57143        5.10982   1  15
        0.57143        5.10982   1  16
        0.57143        5.82331   1  17
        0.57143        6.41925   1  18
        0.61905       -0.64584   1   1
        0.61905        0.22775   1   2
        0.61905        0.30320   1   3
        0.61905        0.30320   1   4
        0.61905        0.97852   1   5
        0.61905        1.28955   1   6
        0.61905        1.64794   1   7
        0.61905        1.64794   1   8
        0.61905        2.21552   1   9
        0.61905        3.52119   1  10
        0.61905        3.73836   1  11
        0.61905        3.73836   1  12
        0.61905        3.86634   1  13
        0.61905        4.96451   1  14
        0.61905        5.32598   1  15
        0.61905        5.32598   1  16
        0.61905        5.67305   1  17
        0.61905        6.21158   1  18
        0.66667       -0.60859   1   1
        0.66667        0.16597   1   2
        0.66667        0.28247   1   3
        0.66667        0.28247   1   4
        0.66667        0.97698   1   5
        0.66667        1.23901   1   6
        0.66667        1.69817   1   7
        0.66667        1.69817   1   8
        0.66667        2.23678   1   9
        0.66667        3.32441   1  10
        0.66667        3.70131   1  11
        0.66667        3.70131   1  12
        0.66667        3.96767   1  13
        0.66667        4.94707   1  14
        0.66667        5.42831   1  15
        0.66667        5.42831   1  16
        0.66667        5.57178   1  17
        0.66667        6.07168   1  18
        0.71429       -0.56576   1   1
        0.71429        0.09784   1   2
        0.71429        0.26152   1   3
        0.71429        0.26152   1   4
        0.71429        0.97418   1   5
        0.71429        1.19231   1   6
        0.71429        1.74479   1   7
        0.71429        1.74479   1   8
        0.71429        2.25872   1   9
        0.71429        3.06184   1  10
        0.71429        3.64155   1  11
        0.71429        3.64155   1  12
        0.71429        4.08568   1  13
        0.71429        4.90969   1  14
        0.71429        5.43026   1  15
        0.71429        5.43026   1  16
        0.71429        5.49198   1  17
        0.71429        5.98167   1  18
        0.76190       -0.51580   1   1
        0.76190        0.02992   1   2
        0.76190        0.24061   1   3
        0.76190        0.24061   1   4
        0.76190        0.96901   1   5
        0.76190        1.15088   1   6
        0.76190        1.78635   1   7
        0.76190        1.78635   1   8
        0.76190        2.28357   1   9
        0.76190        2.78666   1  10
        0.76190        3.57263   1  11
        0.76190        3.57263   1  12
        0.76190        4.19756   1  13
        0.76190        4.89459   1  14
        0.76190        5.38991   1  15
        0.76190        5.38991   1  16
        0.76190        5.40577   1  17
        0.76190        5.87919   1  18
        0.80952       -0.46089   1   1
        0.80952       -0.03401   1   2
        0.80952        0.22230   1   3
        0.80952        0.22230   1   4
        0.80952        0.96439   1   5
        0.80952        1.11548   1   6
        0.80952        1.82242   1   7
        0.80952        1.82242   1   8
        0.80952        2.31237   1   9
        0.80952        2.55906   1  10
        0.80952        3.49759   1  11
        0.80952        3.49759   1  12
        0.80952        4.29270   1  13
        0.80952        4.90380   1  14
        0.80952        5.30045   1  15
        0.80952        5.36170   1  16
        0.80952        5.36170   1  17
        0.80952        5.70464   1  18
        0.85714       -0.40583   1   1
        0.85714       -0.09440   1   2
        0.85714        0.20997   1   3
        0.85714        0.20997   1   4
        0.85714        0.96561   1   5
        0.85714        1.08593   1   6
        0.85714        1.85318   1   7
        0.85714        1.85318   1   8
        0.85714        2.34246   1   9
        0.85714        2.41602   1  10
        0.85714        3.41783   1  11
        0.85714        3.41783   1  12
        0.85714        4.37969   1  13
        0.85714        4.90582   1  14
        0.85714        5.17702   1  15
        0.85714        5.36404   1  16
        0.85714        5.36404   1  17
        0.85714        5.44978   1  18
        0.90476       -0.35462   1   1
        0.90476       -0.15279   1   2
        0.90476        0.20474   1   3
        0.90476        0.20474   1   4
        0.90476        0.97586   1   5
        0.90476        1.06078   1   6
        0.90476        1.87812   1   7
        0.90476        1.87812   1   8
        0.90476        2.35716   1   9
        0.90476        2.36674   1  10
        0.90476        3.34156   1  11
        0.90476        3.34156   1  12
        0.90476        4.47745   1  13
        0.90476        4.87636   1  14
        0.90476        5.03997   1  15
        0.90476        5.16980   1  16
        0.90476        5.38416   1  17
        0.90476        5.38416   1  18
        0.95238       -0.30729   1   1
        0.95238       -0.20859   1   2
        0.95238        0.20429   1   3
        0.95238        0.20429   1   4
        0.95238        0.99377   1   5
        0.95238        1.03784   1   6
        0.95238        1.89518   1   7
        0.95238        1.89518   1   8
        0.95238        2.35367   1   9
        0.95238        2.37667   1  10
        0.95238        3.28451   1  11
        0.95238        3.28451   1  12
        0.95238        4.59885   1  13
        0.95238        4.83434   1  14
        0.95238        4.89275   1  15
        0.95238        4.94802   1  16
        0.95238        5.40289   1  17
        0.95238        5.40289   1  18
        1.00000       -0.25993   1   1
        1.00000       -0.25993   1   2
        1.00000        0.20476   1   3
        1.00000        0.20476   1   4
        1.00000        1.01541   1   5
        1.00000        1.01541   1   6
        1.00000        1.90137   1   7
        1.00000        1.90137   1   8
        1.00000        2.36902   1   9
        1.00000        2.36902   1  10
        1.00000        3.26310   1  11
        1.00000        3.26310   1  12
        1.00000        4.74158   1  13
        1.00000        4.74158   1  14
        1.00000        4.83901   1  15
        1.00000        4.83901   1  16
        1.00000        5.40990   1  17
        1.00000        5.40990   1  18
        1.00000       -0.25993   1   1
        1.00000       -0.25993   1   2
        1.00000        0.20476   1   3
        1.00000        0.20476   1   4
        1.00000        1.01541   1   5
        1.00000        1.01541   1   6
        1.00000        1.90137   1   7
        1.00000        1.90137   1   8
        1.00000        2.36902   1   9
        1.00000        2.36902   1  10
        1.00000        3.26310   1  11
        1.00000        3.26310   1  12
        1.00000        4.74158   1  13
        1.00000        4.74158   1  14
        1.00000        4.83901   1  15
        1.00000        4.83901   1  16
        1.00000        5.40990   1  17
        1.00000        5.40990   1  18
        1.05893       -0.26132   1   1
        1.05893       -0.25666   1   2
        1.05893        0.19343   1   3
        1.05893        0.20931   1   4
        1.05893        1.01884   1   5
        1.05893        1.03361   1   6
        1.05893        1.89690   1   7
        1.05893        1.90021   1   8
        1.05893        2.34816   1   9
        1.05893        2.37639   1  10
        1.05893        3.24397   1  11
        1.05893        3.32676   1  12
        1.05893        4.66984   1  13
        1.05893        4.67386   1  14
        1.05893        4.86988   1  15
        1.05893        4.88777   1  16
        1.05893        5.39944   1  17
        1.05893        5.47817   1  18
        1.11785       -0.26330   1   1
        1.11785       -0.24876   1   2
        1.11785        0.16183   1   3
        1.11785        0.22046   1   4
        1.11785        1.02731   1   5
        1.11785        1.08455   1   6
        1.11785        1.88289   1   7
        1.11785        1.89579   1   8
        1.11785        2.30650   1   9
        1.11785        2.39628   1  10
        1.11785        3.16110   1  11
        1.11785        3.47153   1  12
        1.11785        4.52042   1  13
        1.11785        4.53545   1  14
        1.11785        4.94757   1  15
        1.11785        4.97463   1  16
        1.11785        5.39511   1  17
        1.11785        5.63833   1  18
        1.17678       -0.26192   1   1
        1.17678       -0.23872   1   2
        1.17678        0.11555   1   3
        1.17678        0.23307   1   4
        1.17678        1.03765   1   5
        1.17678        1.15948   1   6
        1.17678        1.85835   1   7
        1.17678        1.88597   1   8
        1.17678        2.26266   1   9
        1.17678        2.42262   1  10
        1.17678        2.99976   1  11
        1.17678        3.62434   1  12
        1.17678        4.35751   1  13
        1.17678        4.47306   1  14
        1.17678        4.95181   1  15
        1.17678        5.04143   1  16
        1.17678        5.46114   1  17
        1.17678        5.82525   1  18
        1.23570       -0.25702   1   1
        1.23570       -0.22595   1   2
        1.23570        0.06210   1   3
        1.23570        0.24452   1   4
        1.23570        1.04899   1   5
        1.23570        1.24924   1   6
        1.23570        1.82349   1   7
        1.23570        1.86917   1   8
        1.23570        2.20932   1   9
        1.23570        2.44867   1  10
        1.23570        2.83360   1  11
        1.23570        3.75232   1  12
        1.23570        4.23649   1  13
        1.23570        4.49788   1  14
        1.23570        4.78874   1  15
        1.23570        5.13175   1  16
        1.23570        5.53064   1  17
        1.23570        5.99542   1  18
        1.29463       -0.25607   1   1
        1.29463       -0.20825   1   2
        1.29463        0.01223   1   3
        1.29463        0.25687   1   4
        1.29463        1.06330   1   5
        1.29463        1.34808   1   6
        1.29463        1.78034   1   7
        1.29463        1.84608   1   8
        1.29463        2.13702   1   9
        1.29463        2.47202   1  10
        1.29463        2.72693   1  11
        1.29463        3.86632   1  12
        1.29463        4.17150   1  13
        1.29463        4.53678   1  14
        1.29463        4.54398   1  15
        1.29463        5.22076   1  16
        1.29463        5.48950   1  17
        1.29463        6.13264   1  18
        1.35355       -0.27153   1   1
        1.35355       -0.18492   1   2
        1.35355       -0.02061   1   3
        1.35355        0.27344   1   4
        1.35355        1.08260   1   5
        1.35355        1.45368   1   6
        1.35355        1.73176   1   7
        1.35355        1.81982   1   8
        1.35355        2.05271   1   9
        1.35355        2.49427   1  10
        1.35355        2.66321   1  11
        1.35355        3.99335   1  12
        1.35355        4.14343   1  13
        1.35355        4.23231   1  14
        1.35355        4.56243   1  15
        1.35355        5.31097   1  16
        1.35355        5.31600   1  17
        1.35355        6.24522   1  18
        1.35355       -0.27153   1   1
        1.35355       -0.18492   1   2
        1.35355       -0.02061   1   3
        1.35355        0.27344   1   4
        1.35355        1.08260   1   5
        1.35355        1.45368   1   6
        1.35355        1.73176   1   7
        1.35355        1.81982   1   8
        1.35355        2.05271   1   9
        1.35355        2.49427   1  10
        1.35355        2.66321   1  11
        1.35355        3.99335   1  12
        1.35355        4.14343   1  13
        1.35355        4.23231   1  14
        1.35355        4.56243   1  15
        1.35355        5.31097   1  16
        1.35355        5.31600   1  17
        1.35355        6.24522   1  18
        1.40177       -0.30031   1   1
        1.40177       -0.16255   1   2
        1.40177       -0.02960   1   3
        1.40177        0.29056   1   4
        1.40177        1.10189   1   5
        1.40177        1.54354   1   6
        1.40177        1.68962   1   7
        1.40177        1.79875   1   8
        1.40177        1.98906   1   9
        1.40177        2.50990   1  10
        1.40177        2.61089   1  11
        1.40177        3.97855   1  12
        1.40177        4.11644   1  13
        1.40177        4.12803   1  14
        1.40177        4.55113   1  15
        1.40177        5.08959   1  16
        1.40177        5.39078   1  17
        1.40177        6.33017   1  18
        1.44998       -0.33908   1   1
        1.44998       -0.13812   1   2
        1.44998       -0.02515   1   3
        1.44998        0.31000   1   4
        1.44998        1.12314   1   5
        1.44998        1.63200   1   6
        1.44998        1.64608   1   7
        1.44998        1.77970   1   8
        1.44998        1.94361   1   9
        1.44998        2.51677   1  10
        1.44998        2.54312   1  11
        1.44998        3.75989   1  12
        1.44998        4.10941   1  13
        1.44998        4.24996   1  14
        1.44998        4.53359   1  15
        1.44998        4.84108   1  16
        1.44998        5.44252   1  17
        1.44998        6.41405   1  18
        1.49819       -0.38205   1   1
        1.49819       -0.11173   1   2
        1.49819       -0.01136   1   3
        1.49819        0.33109   1   4
        1.49819        1.14545   1   5
        1.49819        1.60149   1   6
        1.49819        1.70199   1   7
        1.49819        1.76306   1   8
        1.49819        1.93450   1   9
        1.49819        2.46285   1  10
        1.49819        2.51178   1  11
        1.49819        3.60823   1  12
        1.49819        4.08717   1  13
        1.49819        4.37711   1  14
        1.49819        4.53556   1  15
        1.49819        4.60331   1  16
        1.49819        5.45023   1  17
        1.49819        6.49614   1  18
        1.54640       -0.42601   1   1
        1.54640       -0.08290   1   2
        1.54640        0.00920   1   3
        1.54640        0.35396   1   4
        1.54640        1.16866   1   5
        1.54640        1.55615   1   6
        1.54640        1.72038   1   7
        1.54640        1.74796   1   8
        1.54640        1.98979   1   9
        1.54640        2.38404   1  10
        1.54640        2.50738   1  11
        1.54640        3.53144   1  12
        1.54640        4.06618   1  13
        1.54640        4.40318   1  14
        1.54640        4.47811   1  15
        1.54640        4.57377   1  16
        1.54640        5.40571   1  17
        1.54640        6.57139   1  18
        1.59461       -0.46999   1   1
        1.59461       -0.05111   1   2
        1.59461        0.03502   1   3
        1.59461        0.37924   1   4
        1.59461        1.19289   1   5
        1.59461        1.51062   1   6
        1.59461        1.69307   1   7
        1.59461        1.73290   1   8
        1.59461        2.09709   1   9
        1.59461        2.32052   1  10
        1.59461        2.52734   1  11
        1.59461        3.51383   1  12
        1.59461        4.05157   1  13
        1.59461        4.25156   1  14
        1.59461        4.53578   1  15
        1.59461        4.64454   1  16
        1.59461        5.32308   1  17
        1.59461        6.63232   1  18
        1.64282       -0.51383   1   1
        1.64282       -0.01613   1   2
        1.64282        0.06480   1   3
        1.64282        0.40707   1   4
        1.64282        1.21776   1   5
        1.64282        1.46570   1   6
        1.64282        1.64654   1   7
        1.64282        1.71694   1   8
        1.64282        2.22746   1   9
        1.64282        2.27569   1  10
        1.64282        2.58344   1  11
        1.64282        3.53700   1  12
        1.64282        4.04443   1  13
        1.64282        4.14510   1  14
        1.64282        4.54003   1  15
        1.64282        4.72743   1  16
        1.64282        5.23348   1  17
        1.64282        6.67142   1  18
        1.69104       -0.55713   1   1
        1.69104        0.02204   1   2
        1.69104        0.09728   1   3
        1.69104        0.43645   1   4
        1.69104        1.24206   1   5
        1.69104        1.42224   1   6
        1.69104        1.59442   1   7
        1.69104        1.70110   1   8
        1.69104        2.24215   1   9
        1.69104        2.37099   1  10
        1.69104        2.66163   1  11
        1.69104        3.59028   1  12
        1.69104        4.04114   1  13
        1.69104        4.07574   1  14
        1.69104        4.49782   1  15
        1.69104        4.79851   1  16
        1.69104        5.16022   1  17
        1.69104        6.68302   1  18
        1.73925       -0.59916   1   1
        1.73925        0.06327   1   2
        1.73925        0.13176   1   3
        1.73925        0.46543   1   4
        1.73925        1.26403   1   5
        1.73925        1.38084   1   6
        1.73925        1.54373   1   7
        1.73925        1.68821   1   8
        1.73925        2.21046   1   9
        1.73925        2.52791   1  10
        1.73925        2.72946   1  11
        1.73925        3.66116   1  12
        1.73925        4.03713   1  13
        1.73925        4.04373   1  14
        1.73925        4.43383   1  15
        1.73925        4.84389   1  16
        1.73925        5.10031   1  17
        1.73925        6.66431   1  18
        1.78746       -0.63902   1   1
        1.78746        0.10707   1   2
        1.78746        0.16831   1   3
        1.78746        0.49235   1   4
        1.78746        1.28184   1   5
        1.78746        1.34181   1   6
        1.78746        1.49726   1   7
        1.78746        1.68124   1   8
        1.78746        2.17780   1   9
        1.78746        2.70114   1  10
        1.78746        2.75784   1  11
        1.78746        3.72480   1  12
        1.78746        4.03183   1  13
        1.78746        4.05932   1  14
        1.78746        4.36226   1  15
        1.78746        4.86542   1  16
        1.78746        5.04458   1  17
        1.78746        6.61660   1  18
        1.83567       -0.67612   1   1
        1.83567        0.15259   1   2
        1.83567        0.20760   1   3
        1.83567        0.51691   1   4
        1.83567        1.29407   1   5
        1.83567        1.30521   1   6
        1.83567        1.45434   1   7
        1.83567        1.68120   1   8
        1.83567        2.14981   1   9
        1.83567        2.73822   1  10
        1.83567        2.89081   1  11
        1.83567        3.77041   1  12
        1.83567        4.03021   1  13
        1.83567        4.10941   1  14
        1.83567        4.27181   1  15
        1.83567        4.87537   1  16
        1.83567        5.00050   1  17
        1.83567        6.54828   1  18
        1.88388       -0.71043   1   1
        1.88388        0.19903   1   2
        1.88388        0.25033   1   3
        1.88388        0.54001   1   4
        1.88388        1.27092   1   5
        1.88388        1.30010   1   6
        1.88388        1.41268   1   7
        1.88388        1.68601   1   8
        1.88388        2.13558   1   9
        1.88388        2.68189   1  10
        1.88388        3.08803   1  11
        1.88388        3.81653   1  12
        1.88388        4.03995   1  13
        1.88388        4.14778   1  14
        1.88388        4.15356   1  15
        1.88388        4.88305   1  16
        1.88388        4.98420   1  17
        1.88388        6.47677   1  18
        1.93210       -0.74229   1   1
        1.93210        0.24609   1   2
        1.93210        0.29666   1   3
        1.93210        0.56225   1   4
        1.93210        1.23887   1   5
        1.93210        1.30006   1   6
        1.93210        1.37036   1   7
        1.93210        1.69162   1   8
        1.93210        2.14041   1   9
        1.93210        2.61157   1  10
        1.93210        3.27421   1  11
        1.93210        3.87046   1  12
        1.93210        4.02476   1  13
        1.93210        4.06689   1  14
        1.93210        4.14320   1  15
        1.93210        4.88297   1  16
        1.93210        5.00999   1  17
        1.93210        6.42589   1  18
        1.98031       -0.77189   1   1
        1.98031        0.29414   1   2
        1.98031        0.34571   1   3
        1.98031        0.58321   1   4
        1.98031        1.20906   1   5
        1.98031        1.29420   1   6
        1.98031        1.32740   1   7
        1.98031        1.69432   1   8
        1.98031        2.16166   1   9
        1.98031        2.55374   1  10
        1.98031        3.43329   1  11
        1.98031        3.90308   1  12
        1.98031        3.90904   1  13
        1.98031        4.10234   1  14
        1.98031        4.11015   1  15
        1.98031        4.85312   1  16
        1.98031        5.10314   1  17
        1.98031        6.41922   1  18
        2.02852       -0.79905   1   1
        2.02852        0.34381   1   2
        2.02852        0.39571   1   3
        2.02852        0.60182   1   4
        2.02852        1.18159   1   5
        2.02852        1.28223   1   6
        2.02852        1.28573   1   7
        2.02852        1.69278   1   8
        2.02852        2.19201   1   9
        2.02852        2.53064   1  10
        2.02852        3.55787   1  11
        2.02852        3.78719   1  12
        2.02852        3.87151   1  13
        2.02852        4.08019   1  14
        2.02852        4.15856   1  15
        2.02852        4.76494   1  16
        2.02852        5.29710   1  17
        2.02852        6.47292   1  18
        2.07673       -0.82335   1   1
        2.07673        0.39553   1   2
        2.07673        0.44488   1   3
        2.07673        0.61689   1   4
        2.07673        1.15661   1   5
        2.07673        1.24735   1   6
        2.07673        1.26344   1   7
        2.07673        1.68834   1   8
        2.07673        2.22860   1   9
        2.07673        2.55185   1  10
        2.07673        3.53378   1  11
        2.07673        3.75018   1  12
        2.07673        3.78322   1  13
        2.07673        4.09330   1  14
        2.07673        4.19408   1  15
        2.07673        4.59917   1  16
        2.07673        5.60100   1  17
        2.07673        6.58765   1  18
        2.12494       -0.84432   1   1
        2.12494        0.44899   1   2
        2.12494        0.49217   1   3
        2.12494        0.62747   1   4
        2.12494        1.13440   1   5
        2.12494        1.21269   1   6
        2.12494        1.23756   1   7
        2.12494        1.68389   1   8
        2.12494        2.27991   1   9
        2.12494        2.60801   1  10
        2.12494        3.34301   1  11
        2.12494        3.60136   1  12
        2.12494        3.91351   1  13
        2.12494        4.11112   1  14
        2.12494        4.20457   1  15
        2.12494        4.35838   1  16
        2.12494        5.97636   1  17
        2.12494        6.74055   1  18
        2.17315       -0.86173   1   1
        2.17315        0.50276   1   2
        2.17315        0.53696   1   3
        2.17315        0.63396   1   4
        2.17315        1.11542   1   5
        2.17315        1.18060   1   6
        2.17315        1.20553   1   7
        2.17315        1.68142   1   8
        2.17315        2.36184   1   9
        2.17315        2.67071   1  10
        2.17315        3.12813   1  11
        2.17315        3.46901   1  12
        2.17315        4.04924   1  13
        2.17315        4.06939   1  14
        2.17315        4.13014   1  15
        2.17315        4.19374   1  16
        2.17315        6.34931   1  17
        2.17315        6.88824   1  18
        2.22137       -0.87564   1   1
        2.22137        0.55415   1   2
        2.22137        0.57821   1   3
        2.22137        0.63897   1   4
        2.22137        1.10017   1   5
        2.22137        1.15000   1   6
        2.22137        1.16988   1   7
        2.22137        1.68012   1   8
        2.22137        2.48124   1   9
        2.22137        2.70587   1  10
        2.22137        2.94079   1  11
        2.22137        3.39254   1  12
        2.22137        3.77743   1  13
        2.22137        4.15128   1  14
        2.22137        4.15329   1  15
        2.22137        4.17718   1  16
        2.22137        6.64592   1  17
        2.22137        6.98654   1  18
        2.26958       -0.88629   1   1
        2.26958        0.59963   1   2
        2.26958        0.61412   1   3
        2.26958        0.64576   1   4
        2.26958        1.08889   1   5
        2.26958        1.12150   1   6
        2.26958        1.13448   1   7
        2.26958        1.67742   1   8
        2.26958        2.61444   1   9
        2.26958        2.70700   1  10
        2.26958        2.80858   1  11
        2.26958        3.37960   1  12
        2.26958        3.53925   1  13
        2.26958        4.17022   1  14
        2.26958        4.17176   1  15
        2.26958        4.20855   1  16
        2.26958        6.82737   1  17
        2.26958        7.01429   1  18
        2.31779       -0.89386   1   1
        2.31779        0.63552   1   2
        2.31779        0.64231   1   3
        2.31779        0.65488   1   4
        2.31779        1.08146   1   5
        2.31779        1.09767   1   6
        2.31779        1.10408   1   7
        2.31779        1.67252   1   8
        2.31779        2.69886   1   9
        2.31779        2.69973   1  10
        2.31779        2.73486   1  11
        2.31779        3.39801   1  12
        2.31779        3.41585   1  13
        2.31779        4.17806   1  14
        2.31779        4.18770   1  15
        2.31779        4.21923   1  16
        2.31779        6.90282   1  17
        2.31779        6.98425   1  18
        2.36600       -0.89838   1   1
        2.36600        0.65859   1   2
        2.36600        0.66035   1   3
        2.36600        0.66320   1   4
        2.36600        1.07738   1   5
        2.36600        1.08172   1   6
        2.36600        1.08343   1   7
        2.36600        1.66770   1   8
        2.36600        2.69644   1   9
        2.36600        2.70419   1  10
        2.36600        2.70709   1  11
        2.36600        3.40892   1  12
        2.36600        3.41706   1  13
        2.36600        4.19285   1  14
        2.36600        4.19718   1  15
        2.36600        4.20782   1  16
        2.36600        6.91596   1  17
        2.36600        6.93617   1  18
        2.41421       -0.89989   1   1
        2.41421        0.66656   1   2
        2.41421        0.66656   1   3
        2.41421        0.66656   1   4
        2.41421        1.07611   1   5
        2.41421        1.07611   1   6
        2.41421        1.07611   1   7
        2.41421        1.66573   1   8
        2.41421        2.69688   1   9
        2.41421        2.69688   1  10
        2.41421        2.69688   1  11
        2.41421        3.42424   1  12
        2.41421        3.42424   1  13
        2.41421        4.20023   1  14
        2.41421        4.20023   1  15
        2.41421        4.20023   1  16
        2.41421        6.91375   1  17
        2.41421        6.91375   1  18
        2.41421       -0.89989   1   1
        2.41421        0.66656   1   2
        2.41421        0.66656   1   3
        2.41421        0.66656   1   4
        2.41421        1.07611   1   5
        2.41421        1.07611   1   6
        2.41421        1.07611   1   7
        2.41421        1.66573   1   8
        2.41421        2.69688   1   9
        2.41421        2.69688   1  10
        2.41421        2.69688   1  11
        2.41421        3.42424   1  12
        2.41421        3.42424   1  13
        2.41421        4.20023   1  14
        2.41421        4.20023   1  15
        2.41421        4.20023   1  16
        2.41421        6.91375   1  17
        2.41421        6.91375   1  18
        2.46233       -0.89839   1   1
        2.46233        0.65760   1   2
        2.46233        0.66233   1   3
        2.46233        0.66233   1   4
        2.46233        1.07941   1   5
        2.46233        1.07941   1   6
        2.46233        1.08361   1   7
        2.46233        1.66770   1   8
        2.46233        2.69459   1   9
        2.46233        2.70673   1  10
        2.46233        2.70673   1  11
        2.46233        3.41278   1  12
        2.46233        3.41278   1  13
        2.46233        4.19444   1  14
        2.46233        4.19444   1  15
        2.46233        4.20875   1  16
        2.46233        6.92606   1  17
        2.46233        6.92606   1  18
        2.51044       -0.89387   1   1
        2.51044        0.63041   1   2
        2.51044        0.65160   1   3
        2.51044        0.65160   1   4
        2.51044        1.08935   1   5
        2.51044        1.08935   1   6
        2.51044        1.10372   1   7
        2.51044        1.67266   1   8
        2.51044        2.69663   1   9
        2.51044        2.71858   1  10
        2.51044        2.71858   1  11
        2.51044        3.40512   1  12
        2.51044        3.40512   1  13
        2.51044        4.18306   1  14
        2.51044        4.18306   1  15
        2.51044        4.21557   1  16
        2.51044        6.94480   1  17
        2.51044        6.94480   1  18
        2.55855       -0.88614   1   1
        2.55855        0.58531   1   2
        2.55855        0.63848   1   3
        2.55855        0.63848   1   4
        2.55855        1.10567   1   5
        2.55855        1.10567   1   6
        2.55855        1.13063   1   7
        2.55855        1.67852   1   8
        2.55855        2.68493   1   9
        2.55855        2.68493   1  10
        2.55855        2.71748   1  11
        2.55855        3.46846   1  12
        2.55855        3.46846   1  13
        2.55855        4.17727   1  14
        2.55855        4.17727   1  15
        2.55855        4.18122   1  16
        2.55855        6.93202   1  17
        2.55855        6.93202   1  18
        2.60666       -0.87502   1   1
        2.60666        0.52513   1   2
        2.60666        0.62554   1   3
        2.60666        0.62554   1   4
        2.60666        1.12721   1   5
        2.60666        1.12721   1   6
        2.60666        1.15861   1   7
        2.60666        1.68443   1   8
        2.60666        2.59024   1   9
        2.60666        2.59024   1  10
        2.60666        2.75262   1  11
        2.60666        3.63259   1  12
        2.60666        3.63259   1  13
        2.60666        4.08305   1  14
        2.60666        4.18106   1  15
        2.60666        4.18106   1  16
        2.60666        6.86434   1  17
        2.60666        6.86434   1  18
        2.65478       -0.86052   1   1
        2.65478        0.45569   1   2
        2.65478        0.61209   1   3
        2.65478        0.61209   1   4
        2.65478        1.15159   1   5
        2.65478        1.15159   1   6
        2.65478        1.18472   1   7
        2.65478        1.69211   1   8
        2.65478        2.47986   1   9
        2.65478        2.47986   1  10
        2.65478        2.76789   1  11
        2.65478        3.84832   1  12
        2.65478        3.84832   1  13
        2.65478        3.94551   1  14
        2.65478        4.18682   1  15
        2.65478        4.18682   1  16
        2.65478        6.75444   1  17
        2.65478        6.75444   1  18
        2.70289       -0.84284   1   1
        2.70289        0.38409   1   2
        2.70289        0.59625   1   3
        2.70289        0.59625   1   4
        2.70289        1.17613   1   5
        2.70289        1.17613   1   6
        2.70289        1.20877   1   7
        2.70289        1.70329   1   8
        2.70289        2.39968   1   9
        2.70289        2.39968   1  10
        2.70289        2.73175   1  11
        2.70289        3.82481   1  12
        2.70289        4.04493   1  13
        2.70289        4.04493   1  14
        2.70289        4.18813   1  15
        2.70289        4.18813   1  16
        2.70289        6.64030   1  17
        2.70289        6.64030   1  18
        2.75100       -0.82235   1   1
        2.75100        0.31566   1   2
        2.75100        0.57758   1   3
        2.75100        0.57758   1   4
        2.75100        1.19915   1   5
        2.75100        1.19915   1   6
        2.75100        1.23155   1   7
        2.75100        1.71746   1   8
        2.75100        2.36815   1   9
        2.75100        2.36815   1  10
        2.75100        2.67917   1  11
        2.75100        3.74239   1  12
        2.75100        4.11220   1  13
        2.75100        4.11220   1  14
        2.75100        4.25419   1  15
        2.75100        4.25419   1  16
        2.75100        6.55145   1  17
        2.75100        6.55145   1  18
        2.79911       -0.79948   1   1
        2.79911        0.25104   1   2
        2.79911        0.55774   1   3
        2.79911        0.55774   1   4
        2.79911        1.22027   1   5
        2.79911        1.22027   1   6
        2.79911        1.25298   1   7
        2.79911        1.73215   1   8
        2.79911        2.37709   1   9
        2.79911        2.37709   1  10
        2.79911        2.69441   1  11
        2.79911        3.67426   1  12
        2.79911        4.06170   1  13
        2.79911        4.06170   1  14
        2.79911        4.38354   1  15
        2.79911        4.38354   1  16
        2.79911        6.48701   1  17
        2.79911        6.48701   1  18
        2.84723       -0.77397   1   1
        2.84723        0.18656   1   2
        2.84723        0.53917   1   3
        2.84723        0.53917   1   4
        2.84723        1.23929   1   5
        2.84723        1.23929   1   6
        2.84723        1.27186   1   7
        2.84723        1.74469   1   8
        2.84723        2.40406   1   9
        2.84723        2.40406   1  10
        2.84723        2.81889   1  11
        2.84723        3.60376   1  12
        2.84723        3.97564   1  13
        2.84723        3.97564   1  14
        2.84723        4.53012   1  15
        2.84723        4.53012   1  16
        2.84723        6.42449   1  17
        2.84723        6.42449   1  18
        2.89534       -0.74465   1   1
        2.89534        0.11864   1   2
        2.89534        0.52336   1   3
        2.89534        0.52336   1   4
        2.89534        1.25557   1   5
        2.89534        1.25557   1   6
        2.89534        1.28697   1   7
        2.89534        1.75452   1   8
        2.89534        2.42985   1   9
        2.89534        2.42985   1  10
        2.89534        3.01680   1  11
        2.89534        3.53033   1  12
        2.89534        3.87279   1  13
        2.89534        3.87279   1  14
        2.89534        4.70058   1  15
        2.89534        4.70058   1  16
        2.89534        6.34045   1  17
        2.89534        6.34045   1  18
        2.94345       -0.71118   1   1
        2.94345        0.04790   1   2
        2.94345        0.51014   1   3
        2.94345        0.51014   1   4
        2.94345        1.26835   1   5
        2.94345        1.26835   1   6
        2.94345        1.29824   1   7
        2.94345        1.76399   1   8
        2.94345        2.44809   1   9
        2.94345        2.44809   1  10
        2.94345        3.21200   1  11
        2.94345        3.44578   1  12
        2.94345        3.76772   1  13
        2.94345        3.76772   1  14
        2.94345        4.87721   1  15
        2.94345        4.87721   1  16
        2.94345        6.22590   1  17
        2.94345        6.22590   1  18
        2.99156       -0.67516   1   1
        2.99156       -0.02122   1   2
        2.99156        0.49835   1   3
        2.99156        0.49835   1   4
        2.99156        1.27736   1   5
        2.99156        1.27736   1   6
        2.99156        1.30714   1   7
        2.99156        1.77594   1   8
        2.99156        2.46147   1   9
        2.99156        2.46147   1  10
        2.99156        3.30637   1  11
        2.99156        3.36325   1  12
        2.99156        3.66794   1  13
        2.99156        3.66794   1  14
        2.99156        5.02892   1  15
        2.99156        5.02892   1  16
        2.99156        6.09299   1  17
        2.99156        6.09299   1  18
        3.03968       -0.63917   1   1
        3.03968       -0.08404   1   2
        3.03968        0.48723   1   3
        3.03968        0.48723   1   4
        3.03968        1.28300   1   5
        3.03968        1.28300   1   6
        3.03968        1.31529   1   7
        3.03968        1.79000   1   8
        3.03968        2.47527   1   9
        3.03968        2.47527   1  10
        3.03968        3.12092   1  11
        3.03968        3.42629   1  12
        3.03968        3.57484   1  13
        3.03968        3.57484   1  14
        3.03968        5.13189   1  15
        3.03968        5.13189   1  16
        3.03968        5.96689   1  17
        3.03968        5.96689   1  18
        3.08779       -0.60479   1   1
        3.08779       -0.13934   1   2
        3.08779        0.47724   1   3
        3.08779        0.47724   1   4
        3.08779        1.28618   1   5
        3.08779        1.28618   1   6
        3.08779        1.32265   1   7
        3.08779        1.80225   1   8
        3.08779        2.49556   1   9
        3.08779        2.49556   1  10
        3.08779        2.87470   1  11
        3.08779        3.44781   1  12
        3.08779        3.48688   1  13
        3.08779        3.48688   1  14
        3.08779        5.18762   1  15
        3.08779        5.18762   1  16
        3.08779        5.86390   1  17
        3.08779        5.86390   1  18
        3.13590       -0.57049   1   1
        3.13590       -0.19057   1   2
        3.13590        0.46957   1   3
        3.13590        0.46957   1   4
        3.13590        1.28801   1   5
        3.13590        1.28801   1   6
        3.13590        1.32804   1   7
        3.13590        1.80886   1   8
        3.13590        2.52668   1   9
        3.13590        2.52668   1  10
        3.13590        2.62777   1  11
        3.13590        3.40311   1  12
        3.13590        3.40311   1  13
        3.13590        3.44119   1  14
        3.13590        5.22329   1  15
        3.13590        5.22329   1  16
        3.13590        5.77874   1  17
        3.13590        5.77874   1  18
        3.18401       -0.53265   1   1
        3.18401       -0.24182   1   2
        3.18401        0.46488   1   3
        3.18401        0.46488   1   4
        3.18401        1.28914   1   5
        3.18401        1.28914   1   6
        3.18401        1.33107   1   7
        3.18401        1.81020   1   8
        3.18401        2.43107   1   9
        3.18401        2.56621   1  10
        3.18401        2.56621   1  11
        3.18401        3.32722   1  12
        3.18401        3.32722   1  13
        3.18401        3.42397   1  14
        3.18401        5.26594   1  15
        3.18401        5.26594   1  16
        3.18401        5.69970   1  17
        3.18401        5.69970   1  18
        3.23213       -0.49268   1   1
        3.23213       -0.29032   1   2
        3.23213        0.46271   1   3
        3.23213        0.46271   1   4
        3.23213        1.28978   1   5
        3.23213        1.28978   1   6
        3.23213        1.33255   1   7
        3.23213        1.81021   1   8
        3.23213        2.30896   1   9
        3.23213        2.60232   1  10
        3.23213        2.60232   1  11
        3.23213        3.27016   1  12
        3.23213        3.27016   1  13
        3.23213        3.40878   1  14
        3.23213        5.31881   1  15
        3.23213        5.31881   1  16
        3.23213        5.62768   1  17
        3.23213        5.62768   1  18
        3.28024       -0.47107   1   1
        3.28024       -0.31476   1   2
        3.28024        0.46213   1   3
        3.28024        0.46213   1   4
        3.28024        1.28998   1   5
        3.28024        1.28998   1   6
        3.28024        1.33304   1   7
        3.28024        1.81049   1   8
        3.28024        2.26780   1   9
        3.28024        2.61746   1  10
        3.28024        2.61746   1  11
        3.28024        3.24819   1  12
        3.28024        3.24819   1  13
        3.28024        3.40290   1  14
        3.28024        5.34888   1  15
        3.28024        5.34888   1  16
        3.28024        5.59214   1  17
        3.28024        5.59214   1  18
        3.28024       -0.47107   1   1
        3.28024       -0.31476   1   2
        3.28024        0.46213   1   3
        3.28024        0.46213   1   4
        3.28024        1.28998   1   5
        3.28024        1.28998   1   6
        3.28024        1.33304   1   7
        3.28024        1.81049   1   8
        3.28024        2.26780   1   9
        3.28024        2.61746   1  10
        3.28024        2.61746   1  11
        3.28024        3.24819   1  12
        3.28024        3.24819   1  13
        3.28024        3.40290   1  14
        3.28024        5.34888   1  15
        3.28024        5.34888   1  16
        3.28024        5.59214   1  17
        3.28024        5.59214   1  18
        3.33075       -0.47007   1   1
        3.33075       -0.31394   1   2
        3.33075        0.45331   1   3
        3.33075        0.45856   1   4
        3.33075        1.28823   1   5
        3.33075        1.29576   1   6
        3.33075        1.33865   1   7
        3.33075        1.80798   1   8
        3.33075        2.25870   1   9
        3.33075        2.61075   1  10
        3.33075        2.62015   1  11
        3.33075        3.25466   1  12
        3.33075        3.25834   1  13
        3.33075        3.39069   1  14
        3.33075        5.34427   1  15
        3.33075        5.35177   1  16
        3.33075        5.57825   1  17
        3.33075        5.59150   1  18
        3.38125       -0.46629   1   1
        3.38125       -0.31099   1   2
        3.38125        0.42948   1   3
        3.38125        0.44840   1   4
        3.38125        1.28324   1   5
        3.38125        1.30676   1   6
        3.38125        1.36032   1   7
        3.38125        1.80235   1   8
        3.38125        2.23519   1   9
        3.38125        2.59505   1  10
        3.38125        2.62449   1  11
        3.38125        3.26934   1  12
        3.38125        3.29085   1  13
        3.38125        3.37958   1  14
        3.38125        5.32488   1  15
        3.38125        5.34933   1  16
        3.38125        5.54884   1  17
        3.38125        5.60133   1  18
        3.43176       -0.45876   1   1
        3.43176       -0.30478   1   2
        3.43176        0.39596   1   3
        3.43176        0.43274   1   4
        3.43176        1.27613   1   5
        3.43176        1.31627   1   6
        3.43176        1.40117   1   7
        3.43176        1.79683   1   8
        3.43176        2.20401   1   9
        3.43176        2.58118   1  10
        3.43176        2.62323   1  11
        3.43176        3.28825   1  12
        3.43176        3.35317   1  13
        3.43176        3.41386   1  14
        3.43176        5.27648   1  15
        3.43176        5.31833   1  16
        3.43176        5.54246   1  17
        3.43176        5.64538   1  18
        3.48227       -0.44787   1   1
        3.48227       -0.29428   1   2
        3.48227        0.35630   1   3
        3.48227        0.41227   1   4
        3.48227        1.26920   1   5
        3.48227        1.32612   1   6
        3.48227        1.45522   1   7
        3.48227        1.79186   1   8
        3.48227        2.16613   1   9
        3.48227        2.58089   1  10
        3.48227        2.61253   1  11
        3.48227        3.32280   1  12
        3.48227        3.45793   1  13
        3.48227        3.50139   1  14
        3.48227        5.20236   1  15
        3.48227        5.25731   1  16
        3.48227        5.59480   1  17
        3.48227        5.72199   1  18
        3.53278       -0.43432   1   1
        3.53278       -0.27925   1   2
        3.53278        0.31125   1   3
        3.53278        0.38706   1   4
        3.53278        1.26536   1   5
        3.53278        1.33809   1   6
        3.53278        1.51606   1   7
        3.53278        1.78515   1   8
        3.53278        2.11842   1   9
        3.53278        2.59425   1  10
        3.53278        2.59974   1  11
        3.53278        3.37066   1  12
        3.53278        3.61386   1  13
        3.53278        3.62885   1  14
        3.53278        5.12281   1  15
        3.53278        5.18652   1  16
        3.53278        5.71024   1  17
        3.53278        5.80162   1  18
        3.58328       -0.41770   1   1
        3.58328       -0.26041   1   2
        3.58328        0.26090   1   3
        3.58328        0.35705   1   4
        3.58328        1.26724   1   5
        3.58328        1.35232   1   6
        3.58328        1.57794   1   7
        3.58328        1.77455   1   8
        3.58328        2.06531   1   9
        3.58328        2.57255   1  10
        3.58328        2.63301   1  11
        3.58328        3.42304   1  12
        3.58328        3.78016   1  13
        3.58328        3.81036   1  14
        3.58328        5.04329   1  15
        3.58328        5.12806   1  16
        3.58328        5.85009   1  17
        3.58328        5.85570   1  18
        3.63379       -0.39736   1   1
        3.63379       -0.23908   1   2
        3.63379        0.20699   1   3
        3.63379        0.32267   1   4
        3.63379        1.27630   1   5
        3.63379        1.36842   1   6
        3.63379        1.63333   1   7
        3.63379        1.75921   1   8
        3.63379        2.02151   1   9
        3.63379        2.54984   1  10
        3.63379        2.67118   1  11
        3.63379        3.47564   1  12
        3.63379        3.94497   1  13
        3.63379        4.01235   1  14
        3.63379        4.95622   1  15
        3.63379        5.09982   1  16
        3.63379        5.84367   1  17
        3.63379        5.96575   1  18
        3.68430       -0.37346   1   1
        3.68430       -0.21667   1   2
        3.68430        0.15329   1   3
        3.68430        0.28500   1   4
        3.68430        1.29221   1   5
        3.68430        1.38616   1   6
        3.68430        1.67156   1   7
        3.68430        1.73903   1   8
        3.68430        2.00339   1   9
        3.68430        2.52479   1  10
        3.68430        2.70753   1  11
        3.68430        3.52548   1  12
        3.68430        4.10598   1  13
        3.68430        4.17877   1  14
        3.68430        4.85400   1  15
        3.68430        5.10897   1  16
        3.68430        5.77952   1  17
        3.68430        5.99269   1  18
        3.73481       -0.34690   1   1
        3.73481       -0.19464   1   2
        3.73481        0.10433   1   3
        3.73481        0.24542   1   4
        3.73481        1.31294   1   5
        3.73481        1.40541   1   6
        3.73481        1.68373   1   7
        3.73481        1.71431   1   8
        3.73481        2.01761   1   9
        3.73481        2.49336   1  10
        3.73481        2.74145   1  11
        3.73481        3.56584   1  12
        3.73481        4.22255   1  13
        3.73481        4.29127   1  14
        3.73481        4.74691   1  15
        3.73481        5.14440   1  16
        3.73481        5.67349   1  17
        3.73481        5.94610   1  18
        3.78532       -0.31881   1   1
        3.78532       -0.17502   1   2
        3.78532        0.06395   1   3
        3.78532        0.20499   1   4
        3.78532        1.33604   1   5
        3.78532        1.42558   1   6
        3.78532        1.67137   1   7
        3.78532        1.68594   1   8
        3.78532        2.05455   1   9
        3.78532        2.45182   1  10
        3.78532        2.77873   1  11
        3.78532        3.58258   1  12
        3.78532        4.24744   1  13
        3.78532        4.36196   1  14
        3.78532        4.67572   1  15
        3.78532        5.18371   1  16
        3.78532        5.54641   1  17
        3.78532        5.87350   1  18
        3.83582       -0.28992   1   1
        3.83582       -0.16144   1   2
        3.83582        0.03539   1   3
        3.83582        0.16426   1   4
        3.83582        1.36036   1   5
        3.83582        1.44509   1   6
        3.83582        1.64289   1   7
        3.83582        1.65568   1   8
        3.83582        2.09917   1   9
        3.83582        2.40010   1  10
        3.83582        2.82949   1  11
        3.83582        3.55259   1  12
        3.83582        4.20752   1  13
        3.83582        4.41031   1  14
        3.83582        4.66703   1  15
        3.83582        5.20986   1  16
        3.83582        5.41652   1  17
        3.83582        5.80216   1  18
        3.88633       -0.26019   1   1
        3.88633       -0.15961   1   2
        3.88633        0.02306   1   3
        3.88633        0.12401   1   4
        3.88633        1.38651   1   5
        3.88633        1.46025   1   6
        3.88633        1.60871   1   7
        3.88633        1.62604   1   8
        3.88633        2.14330   1   9
        3.88633        2.34272   1  10
        3.88633        2.90440   1  11
        3.88633        3.45476   1  12
        3.88633        4.20279   1  13
        3.88633        4.43719   1  14
        3.88633        4.70857   1  15
        3.88633        5.18214   1  16
        3.88633        5.33930   1  17
        3.88633        5.71974   1  18
        3.93684       -0.22932   1   1
        3.93684       -0.17331   1   2
        3.93684        0.03001   1   3
        3.93684        0.08590   1   4
        3.93684        1.41542   1   5
        3.93684        1.46254   1   6
        3.93684        1.58401   1   7
        3.93684        1.60012   1   8
        3.93684        2.18687   1   9
        3.93684        2.28575   1  10
        3.93684        3.01073   1  11
        3.93684        3.30599   1  12
        3.93684        4.26713   1  13
        3.93684        4.42312   1  14
        3.93684        4.79346   1  15
        3.93684        5.05756   1  16
        3.93684        5.38404   1  17
        3.93684        5.61171   1  18
        3.98735       -0.19883   1   1
        3.98735       -0.19883   1   2
        3.98735        0.05299   1   3
        3.98735        0.05299   1   4
        3.98735        1.44440   1   5
        3.98735        1.44440   1   6
        3.98735        1.58285   1   7
        3.98735        1.58285   1   8
        3.98735        2.23350   1   9
        3.98735        2.23350   1  10
        3.98735        3.14842   1  11
        3.98735        3.14842   1  12
        3.98735        4.35809   1  13
        3.98735        4.35809   1  14
        3.98735        4.91536   1  15
        3.98735        4.91536   1  16
        3.98735        5.48907   1  17
        3.98735        5.48907   1  18
        3.98735       -0.19883   1   1
        3.98735       -0.19883   1   2
        3.98735        0.05299   1   3
        3.98735        0.05299   1   4
        3.98735        1.44440   1   5
        3.98735        1.44440   1   6
        3.98735        1.58285   1   7
        3.98735        1.58285   1   8
        3.98735        2.23350   1   9
        3.98735        2.23350   1  10
        3.98735        3.14842   1  11
        3.98735        3.14842   1  12
        3.98735        4.35809   1  13
        3.98735        4.35809   1  14
        3.98735        4.91536   1  15
        3.98735        4.91536   1  16
        3.98735        5.48907   1  17
        3.98735        5.48907   1  18
        4.03735       -0.20235   1   1
        4.03735       -0.20235   1   2
        4.03735        0.05726   1   3
        4.03735        0.05726   1   4
        4.03735        1.40795   1   5
        4.03735        1.40795   1   6
        4.03735        1.61552   1   7
        4.03735        1.61552   1   8
        4.03735        2.23560   1   9
        4.03735        2.23560   1  10
        4.03735        3.15307   1  11
        4.03735        3.15307   1  12
        4.03735        4.36656   1  13
        4.03735        4.36656   1  14
        4.03735        4.91576   1  15
        4.03735        4.91576   1  16
        4.03735        5.51770   1  17
        4.03735        5.51770   1  18
        4.08735       -0.21049   1   1
        4.08735       -0.21049   1   2
        4.08735        0.06865   1   3
        4.08735        0.06865   1   4
        4.08735        1.34280   1   5
        4.08735        1.34280   1   6
        4.08735        1.67147   1   7
        4.08735        1.67147   1   8
        4.08735        2.24226   1   9
        4.08735        2.24226   1  10
        4.08735        3.16210   1  11
        4.08735        3.16210   1  12
        4.08735        4.38735   1  13
        4.08735        4.38735   1  14
        4.08735        4.92968   1  15
        4.08735        4.92968   1  16
        4.08735        5.57694   1  17
        4.08735        5.57694   1  18
        4.13735       -0.21911   1   1
        4.13735       -0.21911   1   2
        4.13735        0.08492   1   3
        4.13735        0.08492   1   4
        4.13735        1.27867   1   5
        4.13735        1.27867   1   6
        4.13735        1.72537   1   7
        4.13735        1.72537   1   8
        4.13735        2.25419   1   9
        4.13735        2.25419   1  10
        4.13735        3.17091   1  11
        4.13735        3.17091   1  12
        4.13735        4.41371   1  13
        4.13735        4.41371   1  14
        4.13735        4.95587   1  15
        4.13735        4.95587   1  16
        4.13735        5.62917   1  17
        4.13735        5.62917   1  18
        4.18735       -0.22665   1   1
        4.18735       -0.22665   1   2
        4.18735        0.10522   1   3
        4.18735        0.10522   1   4
        4.18735        1.22132   1   5
        4.18735        1.22132   1   6
        4.18735        1.77398   1   7
        4.18735        1.77398   1   8
        4.18735        2.27151   1   9
        4.18735        2.27151   1  10
        4.18735        3.18605   1  11
        4.18735        3.18605   1  12
        4.18735        4.43763   1  13
        4.18735        4.43763   1  14
        4.18735        4.97322   1  15
        4.18735        4.97322   1  16
        4.18735        5.65863   1  17
        4.18735        5.65863   1  18
        4.23735       -0.23419   1   1
        4.23735       -0.23419   1   2
        4.23735        0.12918   1   3
        4.23735        0.12918   1   4
        4.23735        1.16995   1   5
        4.23735        1.16995   1   6
        4.23735        1.81667   1   7
        4.23735        1.81667   1   8
        4.23735        2.29268   1   9
        4.23735        2.29268   1  10
        4.23735        3.21805   1  11
        4.23735        3.21805   1  12
        4.23735        4.45139   1  13
        4.23735        4.45139   1  14
        4.23735        4.97826   1  15
        4.23735        4.97826   1  16
        4.23735        5.65740   1  17
        4.23735        5.65740   1  18
        4.28735       -0.24255   1   1
        4.28735       -0.24255   1   2
        4.28735        0.15463   1   3
        4.28735        0.15463   1   4
        4.28735        1.12289   1   5
        4.28735        1.12289   1   6
        4.28735        1.85156   1   7
        4.28735        1.85156   1   8
        4.28735        2.31441   1   9
        4.28735        2.31441   1  10
        4.28735        3.26630   1  11
        4.28735        3.26630   1  12
        4.28735        4.45981   1  13
        4.28735        4.45981   1  14
        4.28735        4.98220   1  15
        4.28735        4.98220   1  16
        4.28735        5.61796   1  17
        4.28735        5.61796   1  18
        4.33735       -0.25057   1   1
        4.33735       -0.25057   1   2
        4.33735        0.17736   1   3
        4.33735        0.17736   1   4
        4.33735        1.08057   1   5
        4.33735        1.08057   1   6
        4.33735        1.87669   1   7
        4.33735        1.87669   1   8
        4.33735        2.33383   1   9
        4.33735        2.33383   1  10
        4.33735        3.30679   1  11
        4.33735        3.30679   1  12
        4.33735        4.49319   1  13
        4.33735        4.49319   1  14
        4.33735        4.97445   1  15
        4.33735        4.97445   1  16
        4.33735        5.54967   1  17
        4.33735        5.54967   1  18
        4.38735       -0.25633   1   1
        4.38735       -0.25633   1   2
        4.38735        0.19356   1   3
        4.38735        0.19356   1   4
        4.38735        1.04602   1   5
        4.38735        1.04602   1   6
        4.38735        1.89192   1   7
        4.38735        1.89192   1   8
        4.38735        2.35044   1   9
        4.38735        2.35044   1  10
        4.38735        3.30839   1  11
        4.38735        3.30839   1  12
        4.38735        4.58109   1  13
        4.38735        4.58109   1  14
        4.38735        4.92998   1  15
        4.38735        4.92998   1  16
        4.38735        5.48119   1  17
        4.38735        5.48119   1  18
        4.43735       -0.25919   1   1
        4.43735       -0.25919   1   2
        4.43735        0.20222   1   3
        4.43735        0.20222   1   4
        4.43735        1.02331   1   5
        4.43735        1.02331   1   6
        4.43735        1.89929   1   7
        4.43735        1.89929   1   8
        4.43735        2.36358   1   9
        4.43735        2.36358   1  10
        4.43735        3.27991   1  11
        4.43735        3.27991   1  12
        4.43735        4.69063   1  13
        4.43735        4.69063   1  14
        4.43735        4.86773   1  15
        4.43735        4.86773   1  16
        4.43735        5.43057   1  17
        4.43735        5.43057   1  18
        4.48735       -0.25993   1   1
        4.48735       -0.25993   1   2
        4.48735        0.20476   1   3
        4.48735        0.20476   1   4
        4.48735        1.01541   1   5
        4.48735        1.01541   1   6
        4.48735        1.90137   1   7
        4.48735        1.90137   1   8
        4.48735        2.36902   1   9
        4.48735        2.36902   1  10
        4.48735        3.26310   1  11
        4.48735        3.26310   1  12
        4.48735        4.74158   1  13
        4.48735        4.74158   1  14
        4.48735        4.83901   1  15
        4.48735        4.83901   1  16
        4.48735        5.40990   1  17
        4.48735        5.40990   1  18
