        0.00000       -0.56635   2   1
        0.00000       -0.00098   2   2
        0.00000       -0.00098   2   3
        0.00000       -0.00098   2   4
        0.00000        0.12883   2   5
        0.00000        0.12883   2   6
        0.00000        2.43327   2   7
        0.00000        2.43327   2   8
        0.00000        2.43327   2   9
        0.05000       -0.56256   2   1
        0.05000       -0.00111   2   2
        0.05000       -0.00111   2   3
        0.05000        0.00011   2   4
        0.05000        0.12674   2   5
        0.05000        0.12964   2   6
        0.05000        2.37666   2   7
        0.05000        2.41711   2   8
        0.05000        2.41711   2   9
        0.10000       -0.55210   2   1
        0.10000       -0.00145   2   2
        0.10000       -0.00145   2   3
        0.10000        0.00339   2   4
        0.10000        0.12051   2   5
        0.10000        0.13207   2   6
        0.10000        2.23611   2   7
        0.10000        2.36295   2   8
        0.10000        2.36295   2   9
        0.15000       -0.53498   2   1
        0.15000       -0.00185   2   2
        0.15000       -0.00185   2   3
        0.15000        0.00884   2   4
        0.15000        0.11033   2   5
        0.15000        0.13604   2   6
        0.15000        2.07398   2   7
        0.15000        2.26193   2   8
        0.15000        2.26193   2   9
        0.20000       -0.50913   2   1
        0.20000       -0.00206   2   2
        0.20000       -0.00206   2   3
        0.20000        0.01632   2   4
        0.20000        0.09648   2   5
        0.20000        0.14116   2   6
        0.20000        1.93792   2   7
        0.20000        2.11775   2   8
        0.20000        2.11775   2   9
        0.25000       -0.47608   2   1
        0.25000       -0.00171   2   2
        0.25000       -0.00171   2   3
        0.25000        0.02557   2   4
        0.25000        0.07933   2   5
        0.25000        0.14694   2   6
        0.25000        1.83862   2   7
        0.25000        1.95219   2   8
        0.25000        1.95219   2   9
        0.30000       -0.44257   2   1
        0.30000       -0.00030   2   2
        0.30000       -0.00030   2   3
        0.30000        0.03639   2   4
        0.30000        0.05930   2   5
        0.30000        0.15311   2   6
        0.30000        1.76267   2   7
        0.30000        1.79365   2   8
        0.30000        1.79365   2   9
        0.35000       -0.41119   2   1
        0.35000        0.00278   2   2
        0.35000        0.00278   2   3
        0.35000        0.03684   2   4
        0.35000        0.04865   2   5
        0.35000        0.15965   2   6
        0.35000        1.65912   2   7
        0.35000        1.65912   2   8
        0.35000        1.69442   2   9
        0.40000       -0.37385   2   1
        0.40000        0.00808   2   2
        0.40000        0.00808   2   3
        0.40000        0.01251   2   4
        0.40000        0.06223   2   5
        0.40000        0.16706   2   6
        0.40000        1.54655   2   7
        0.40000        1.54655   2   8
        0.40000        1.62580   2   9
        0.45000       -0.32239   2   1
        0.45000       -0.01299   2   2
        0.45000        0.01592   2   3
        0.45000        0.01592   2   4
        0.45000        0.07686   2   5
        0.45000        0.17743   2   6
        0.45000        1.44315   2   7
        0.45000        1.44315   2   8
        0.45000        1.55604   2   9
        0.50000       -0.26448   2   1
        0.50000       -0.03886   2   2
        0.50000        0.02641   2   3
        0.50000        0.02641   2   4
        0.50000        0.09206   2   5
        0.50000        0.19503   2   6
        0.50000        1.33999   2   7
        0.50000        1.33999   2   8
        0.50000        1.48980   2   9
        0.55000       -0.21914   2   1
        0.55000       -0.06434   2   2
        0.55000        0.03955   2   3
        0.55000        0.03955   2   4
        0.55000        0.10734   2   5
        0.55000        0.22299   2   6
        0.55000        1.23871   2   7
        0.55000        1.23871   2   8
        0.55000        1.43499   2   9
        0.60000       -0.19440   2   1
        0.60000       -0.08877   2   2
        0.60000        0.05528   2   3
        0.60000        0.05528   2   4
        0.60000        0.12225   2   5
        0.60000        0.25873   2   6
        0.60000        1.14661   2   7
        0.60000        1.14661   2   8
        0.60000        1.40039   2   9
        0.65000       -0.18241   2   1
        0.65000       -0.11159   2   2
        0.65000        0.07344   2   3
        0.65000        0.07344   2   4
        0.65000        0.13651   2   5
        0.65000        0.30131   2   6
        0.65000        1.06762   2   7
        0.65000        1.06762   2   8
        0.65000        1.39357   2   9
        0.70000       -0.17560   2   1
        0.70000       -0.13234   2   2
        0.70000        0.09364   2   3
        0.70000        0.09364   2   4
        0.70000        0.14982   2   5
        0.70000        0.35869   2   6
        0.70000        0.99897   2   7
        0.70000        0.99897   2   8
        0.70000        1.41864   2   9
        0.75000       -0.17369   2   1
        0.75000       -0.15060   2   2
        0.75000        0.11522   2   3
        0.75000        0.11522   2   4
        0.75000        0.16184   2   5
        0.75000        0.43600   2   6
        0.75000        0.93555   2   7
        0.75000        0.93555   2   8
        0.75000        1.47167   2   9
        0.80000       -0.17713   2   1
        0.80000       -0.16602   2   2
        0.80000        0.13720   2   3
        0.80000        0.13720   2   4
        0.80000        0.17222   2   5
        0.80000        0.52402   2   6
        0.80000        0.87577   2   7
        0.80000        0.87577   2   8
        0.80000        1.53520   2   9
        0.85000       -0.18339   2   1
        0.85000       -0.17833   2   2
        0.85000        0.15807   2   3
        0.85000        0.15807   2   4
        0.85000        0.18061   2   5
        0.85000        0.60749   2   6
        0.85000        0.82318   2   7
        0.85000        0.82318   2   8
        0.85000        1.58180   2   9
        0.90000       -0.18937   2   1
        0.90000       -0.18731   2   2
        0.90000        0.17570   2   3
        0.90000        0.17570   2   4
        0.90000        0.18678   2   5
        0.90000        0.67805   2   6
        0.90000        0.78314   2   7
        0.90000        0.78314   2   8
        0.90000        1.59181   2   9
        0.95000       -0.19331   2   1
        0.95000       -0.19280   2   2
        0.95000        0.18761   2   3
        0.95000        0.18761   2   4
        0.95000        0.19056   2   5
        0.95000        0.73025   2   6
        0.95000        0.75890   2   7
        0.95000        0.75890   2   8
        0.95000        1.57337   2   9
        1.00000       -0.19464   2   1
        1.00000       -0.19464   2   2
        1.00000        0.19183   2   3
        1.00000        0.19183   2   4
        1.00000        0.19183   2   5
        1.00000        0.75093   2   6
        1.00000        0.75093   2   7
        1.00000        0.75093   2   8
        1.00000        1.56018   2   9
        1.00000       -0.19464   2   1
        1.00000       -0.19464   2   2
        1.00000        0.19183   2   3
        1.00000        0.19183   2   4
        1.00000        0.19183   2   5
        1.00000        0.75093   2   6
        1.00000        0.75093   2   7
        1.00000        0.75093   2   8
        1.00000        1.56018   2   9
        1.05051       -0.19314   2   1
        1.05051       -0.19290   2   2
        1.05051        0.18598   2   3
        1.05051        0.18749   2   4
        1.05051        0.19210   2   5
        1.05051        0.74194   2   6
        1.05051        0.74593   2   7
        1.05051        0.75901   2   8
        1.05051        1.57522   2   9
        1.10102       -0.18856   2   1
        1.10102       -0.18788   2   2
        1.10102        0.16945   2   3
        1.10102        0.17487   2   4
        1.10102        0.19290   2   5
        1.10102        0.71575   2   6
        1.10102        0.73282   2   7
        1.10102        0.78319   2   8
        1.10102        1.61189   2   9
        1.15152       -0.18086   2   1
        1.15152       -0.18021   2   2
        1.15152        0.14494   2   3
        1.15152        0.15532   2   4
        1.15152        0.19416   2   5
        1.15152        0.67532   2   6
        1.15152        0.71654   2   7
        1.15152        0.82263   2   8
        1.15152        1.64945   2   9
        1.20203       -0.17100   2   1
        1.20203       -0.17005   2   2
        1.20203        0.11562   2   3
        1.20203        0.13150   2   4
        1.20203        0.19582   2   5
        1.20203        0.62592   2   6
        1.20203        0.70230   2   7
        1.20203        0.87477   2   8
        1.20203        1.66664   2   9
        1.25254       -0.16209   2   1
        1.25254       -0.15618   2   2
        1.25254        0.08420   2   3
        1.25254        0.10709   2   4
        1.25254        0.19782   2   5
        1.25254        0.57301   2   6
        1.25254        0.69144   2   7
        1.25254        0.93504   2   8
        1.25254        1.65341   2   9
        1.30305       -0.15632   2   1
        1.30305       -0.13918   2   2
        1.30305        0.05251   2   3
        1.30305        0.08624   2   4
        1.30305        0.20009   2   5
        1.30305        0.51949   2   6
        1.30305        0.68062   2   7
        1.30305        0.99854   2   8
        1.30305        1.61464   2   9
        1.35355       -0.15722   2   1
        1.35355       -0.11908   2   2
        1.35355        0.02194   2   3
        1.35355        0.07302   2   4
        1.35355        0.20254   2   5
        1.35355        0.46559   2   6
        1.35355        0.66688   2   7
        1.35355        1.06293   2   8
        1.35355        1.56296   2   9
        1.40406       -0.16644   2   1
        1.40406       -0.09602   2   2
        1.40406       -0.00629   2   3
        1.40406        0.07006   2   4
        1.40406        0.20501   2   5
        1.40406        0.41119   2   6
        1.40406        0.65337   2   7
        1.40406        1.12992   2   8
        1.40406        1.50779   2   9
        1.45457       -0.18107   2   1
        1.45457       -0.07001   2   2
        1.45457       -0.03116   2   3
        1.45457        0.07636   2   4
        1.45457        0.20732   2   5
        1.45457        0.35739   2   6
        1.45457        0.64732   2   7
        1.45457        1.20291   2   8
        1.45457        1.45245   2   9
        1.50508       -0.19628   2   1
        1.50508       -0.05204   2   2
        1.50508       -0.04086   2   3
        1.50508        0.08802   2   4
        1.50508        0.20933   2   5
        1.50508        0.30558   2   6
        1.50508        0.65137   2   7
        1.50508        1.28194   2   8
        1.50508        1.40070   2   9
        1.55558       -0.20983   2   1
        1.55558       -0.06871   2   2
        1.55558       -0.00868   2   3
        1.55558        0.10107   2   4
        1.55558        0.21098   2   5
        1.55558        0.25616   2   6
        1.55558        0.65871   2   7
        1.55558        1.36068   2   8
        1.55558        1.36156   2   9
        1.60609       -0.22163   2   1
        1.60609       -0.08101   2   2
        1.60609        0.02532   2   3
        1.60609        0.11253   2   4
        1.60609        0.20950   2   5
        1.60609        0.21224   2   6
        1.60609        0.65997   2   7
        1.60609        1.34296   2   8
        1.60609        1.42801   2   9
        1.65660       -0.23055   2   1
        1.65660       -0.08863   2   2
        1.65660        0.05811   2   3
        1.65660        0.12031   2   4
        1.65660        0.16843   2   5
        1.65660        0.21305   2   6
        1.65660        0.65516   2   7
        1.65660        1.34055   2   8
        1.65660        1.47308   2   9
        1.70711       -0.23400   2   1
        1.70711       -0.09123   2   2
        1.70711        0.07647   2   3
        1.70711        0.12306   2   4
        1.70711        0.14709   2   5
        1.70711        0.21333   2   6
        1.70711        0.65212   2   7
        1.70711        1.34184   2   8
        1.70711        1.48885   2   9
        1.70711       -0.23400   2   1
        1.70711       -0.09123   2   2
        1.70711        0.07647   2   3
        1.70711        0.12306   2   4
        1.70711        0.14709   2   5
        1.70711        0.21333   2   6
        1.70711        0.65212   2   7
        1.70711        1.34184   2   8
        1.70711        1.48885   2   9
        1.75761       -0.23642   2   1
        1.75761       -0.09018   2   2
        1.75761        0.06022   2   3
        1.75761        0.12328   2   4
        1.75761        0.14675   2   5
        1.75761        0.20989   2   6
        1.75761        0.67242   2   7
        1.75761        1.34665   2   8
        1.75761        1.49243   2   9
        1.80812       -0.24473   2   1
        1.80812       -0.08711   2   2
        1.80812        0.02885   2   3
        1.80812        0.12259   2   4
        1.80812        0.14573   2   5
        1.80812        0.19993   2   6
        1.80812        0.72623   2   7
        1.80812        1.36116   2   8
        1.80812        1.51040   2   9
        1.85863       -0.25910   2   1
        1.85863       -0.08216   2   2
        1.85863        0.00498   2   3
        1.85863        0.12049   2   4
        1.85863        0.14407   2   5
        1.85863        0.18442   2   6
        1.85863        0.80445   2   7
        1.85863        1.38931   2   8
        1.85863        1.55517   2   9
        1.90914       -0.27839   2   1
        1.90914       -0.07554   2   2
        1.90914       -0.00911   2   3
        1.90914        0.11720   2   4
        1.90914        0.14193   2   5
        1.90914        0.16471   2   6
        1.90914        0.90241   2   7
        1.90914        1.44254   2   8
        1.90914        1.62721   2   9
        1.95964       -0.30607   2   1
        1.95964       -0.06749   2   2
        1.95964       -0.01909   2   3
        1.95964        0.11336   2   4
        1.95964        0.13958   2   5
        1.95964        0.14222   2   6
        1.95964        1.01192   2   7
        1.95964        1.53179   2   8
        1.95964        1.71024   2   9
        2.01015       -0.34698   2   1
        2.01015       -0.05829   2   2
        2.01015       -0.02483   2   3
        2.01015        0.10989   2   4
        2.01015        0.11828   2   5
        2.01015        0.13729   2   6
        2.01015        1.12551   2   7
        2.01015        1.65251   2   8
        2.01015        1.78577   2   9
        2.06066       -0.39709   2   1
        2.06066       -0.04832   2   2
        2.06066       -0.02429   2   3
        2.06066        0.09424   2   4
        2.06066        0.10762   2   5
        2.06066        0.13523   2   6
        2.06066        1.25128   2   7
        2.06066        1.78012   2   8
        2.06066        1.85190   2   9
        2.11117       -0.44434   2   1
        2.11117       -0.03809   2   2
        2.11117       -0.01897   2   3
        2.11117        0.07138   2   4
        2.11117        0.10720   2   5
        2.11117        0.13345   2   6
        2.11117        1.41302   2   7
        2.11117        1.88746   2   8
        2.11117        1.92585   2   9
        2.16168       -0.48084   2   1
        2.16168       -0.02821   2   2
        2.16168       -0.01231   2   3
        2.16168        0.05072   2   4
        2.16168        0.10904   2   5
        2.16168        0.13193   2   6
        2.16168        1.62757   2   7
        2.16168        1.96932   2   8
        2.16168        2.02546   2   9
        2.21218       -0.50842   2   1
        2.21218       -0.01923   2   2
        2.21218       -0.00688   2   3
        2.21218        0.03295   2   4
        2.21218        0.11306   2   5
        2.21218        0.13070   2   6
        2.21218        1.87950   2   7
        2.21218        2.04821   2   8
        2.21218        2.14832   2   9
        2.26269       -0.53152   2   1
        2.26269       -0.01166   2   2
        2.26269       -0.00348   2   3
        2.26269        0.01852   2   4
        2.26269        0.11840   2   5
        2.26269        0.12978   2   6
        2.26269        2.12090   2   7
        2.26269        2.15128   2   8
        2.26269        2.27024   2   9
        2.31320       -0.55030   2   1
        2.31320       -0.00588   2   2
        2.31320       -0.00179   2   3
        2.31320        0.00783   2   4
        2.31320        0.12367   2   5
        2.31320        0.12920   2   6
        2.31320        2.27757   2   7
        2.31320        2.30175   2   8
        2.31320        2.36373   2   9
        2.36371       -0.56233   2   1
        2.36371       -0.00223   2   2
        2.36371       -0.00114   2   3
        2.36371        0.00124   2   4
        2.36371        0.12746   2   5
        2.36371        0.12891   2   6
        2.36371        2.38854   2   7
        2.36371        2.40268   2   8
        2.36371        2.41692   2   9
        2.41421       -0.56635   2   1
        2.41421       -0.00098   2   2
        2.41421       -0.00098   2   3
        2.41421       -0.00098   2   4
        2.41421        0.12883   2   5
        2.41421        0.12883   2   6
        2.41421        2.43327   2   7
        2.41421        2.43327   2   8
        2.41421        2.43327   2   9
        2.41421       -0.56635   2   1
        2.41421       -0.00098   2   2
        2.41421       -0.00098   2   3
        2.41421       -0.00098   2   4
        2.41421        0.12883   2   5
        2.41421        0.12883   2   6
        2.41421        2.43327   2   7
        2.41421        2.43327   2   8
        2.41421        2.43327   2   9
        2.46516       -0.56220   2   1
        2.46516       -0.00189   2   2
        2.46516       -0.00189   2   3
        2.46516        0.00166   2   4
        2.46516        0.12818   2   5
        2.46516        0.12818   2   6
        2.46516        2.39657   2   7
        2.46516        2.39657   2   8
        2.46516        2.41304   2   9
        2.51610       -0.54923   2   1
        2.51610       -0.00469   2   2
        2.51610       -0.00469   2   3
        2.51610        0.00949   2   4
        2.51610        0.12645   2   5
        2.51610        0.12645   2   6
        2.51610        2.29238   2   7
        2.51610        2.29238   2   8
        2.51610        2.34616   2   9
        2.56704       -0.52801   2   1
        2.56704       -0.00959   2   2
        2.56704       -0.00959   2   3
        2.56704        0.02232   2   4
        2.56704        0.12426   2   5
        2.56704        0.12426   2   6
        2.56704        2.13684   2   7
        2.56704        2.13684   2   8
        2.56704        2.22466   2   9
        2.61798       -0.50197   2   1
        2.61798       -0.01673   2   2
        2.61798       -0.01673   2   3
        2.61798        0.03992   2   4
        2.61798        0.12239   2   5
        2.61798        0.12239   2   6
        2.61798        1.95247   2   7
        2.61798        1.95247   2   8
        2.61798        2.05740   2   9
        2.66893       -0.47404   2   1
        2.66893       -0.02608   2   2
        2.66893       -0.02608   2   3
        2.66893        0.06197   2   4
        2.66893        0.12149   2   5
        2.66893        0.12149   2   6
        2.66893        1.76262   2   7
        2.66893        1.76262   2   8
        2.66893        1.87281   2   9
        2.71987       -0.44219   2   1
        2.71987       -0.03721   2   2
        2.71987       -0.03721   2   3
        2.71987        0.08809   2   4
        2.71987        0.12191   2   5
        2.71987        0.12191   2   6
        2.71987        1.58681   2   7
        2.71987        1.58681   2   8
        2.71987        1.70221   2   9
        2.77081       -0.40111   2   1
        2.77081       -0.04941   2   2
        2.77081       -0.04941   2   3
        2.77081        0.11820   2   4
        2.77081        0.12362   2   5
        2.77081        0.12362   2   6
        2.77081        1.43749   2   7
        2.77081        1.43749   2   8
        2.77081        1.56006   2   9
        2.82175       -0.34942   2   1
        2.82175       -0.06177   2   2
        2.82175       -0.06177   2   3
        2.82175        0.12635   2   4
        2.82175        0.12635   2   5
        2.82175        0.15266   2   6
        2.82175        1.31871   2   7
        2.82175        1.31871   2   8
        2.82175        1.44046   2   9
        2.87270       -0.29345   2   1
        2.87270       -0.07342   2   2
        2.87270       -0.07342   2   3
        2.87270        0.12974   2   4
        2.87270        0.12974   2   5
        2.87270        0.19182   2   6
        2.87270        1.22700   2   7
        2.87270        1.22700   2   8
        2.87270        1.32979   2   9
        2.92364       -0.24213   2   1
        2.92364       -0.08365   2   2
        2.92364       -0.08365   2   3
        2.92364        0.13345   2   4
        2.92364        0.13345   2   5
        2.92364        0.23527   2   6
        2.92364        1.15392   2   7
        2.92364        1.15392   2   8
        2.92364        1.22116   2   9
        2.97458       -0.19924   2   1
        2.97458       -0.09201   2   2
        2.97458       -0.09201   2   3
        2.97458        0.13720   2   4
        2.97458        0.13720   2   5
        2.97458        0.28213   2   6
        2.97458        1.08949   2   7
        2.97458        1.08949   2   8
        2.97458        1.11806   2   9
        3.02553       -0.16328   2   1
        3.02553       -0.09832   2   2
        3.02553       -0.09832   2   3
        3.02553        0.14077   2   4
        3.02553        0.14077   2   5
        3.02553        0.33327   2   6
        3.02553        1.02591   2   7
        3.02553        1.02591   2   8
        3.02553        1.02845   2   9
        3.07647       -0.13332   2   1
        3.07647       -0.10260   2   2
        3.07647       -0.10260   2   3
        3.07647        0.14394   2   4
        3.07647        0.14394   2   5
        3.07647        0.39234   2   6
        3.07647        0.95714   2   7
        3.07647        0.95996   2   8
        3.07647        0.95996   2   9
        3.12741       -0.11151   2   1
        3.12741       -0.10497   2   2
        3.12741       -0.10497   2   3
        3.12741        0.14657   2   4
        3.12741        0.14657   2   5
        3.12741        0.46283   2   6
        3.12741        0.89319   2   7
        3.12741        0.89319   2   8
        3.12741        0.90345   2   9
        3.17835       -0.10554   2   1
        3.17835       -0.10554   2   2
        3.17835       -0.09984   2   3
        3.17835        0.14853   2   4
        3.17835        0.14853   2   5
        3.17835        0.54465   2   6
        3.17835        0.82984   2   7
        3.17835        0.82984   2   8
        3.17835        0.86377   2   9
        3.22930       -0.10438   2   1
        3.22930       -0.10438   2   2
        3.22930       -0.09743   2   3
        3.22930        0.14975   2   4
        3.22930        0.14975   2   5
        3.22930        0.63481   2   6
        3.22930        0.77392   2   7
        3.22930        0.77392   2   8
        3.22930        0.83536   2   9
        3.28024       -0.10169   2   1
        3.28024       -0.10169   2   2
        3.28024       -0.10169   2   3
        3.28024        0.15018   2   4
        3.28024        0.15018   2   5
        3.28024        0.72694   2   6
        3.28024        0.72694   2   7
        3.28024        0.72694   2   8
        3.28024        0.82114   2   9
        3.28024       -0.10169   2   1
        3.28024       -0.10169   2   2
        3.28024       -0.10169   2   3
        3.28024        0.15018   2   4
        3.28024        0.15018   2   5
        3.28024        0.72694   2   6
        3.28024        0.72694   2   7
        3.28024        0.72694   2   8
        3.28024        0.82114   2   9
        3.33118       -0.10992   2   1
        3.33118       -0.09793   2   2
        3.33118       -0.09793   2   3
        3.33118        0.14973   2   4
        3.33118        0.14973   2   5
        3.33118        0.68803   2   6
        3.33118        0.68803   2   7
        3.33118        0.77394   2   8
        3.33118        0.86603   2   9
        3.38212       -0.11953   2   1
        3.38212       -0.09386   2   2
        3.38212       -0.09386   2   3
        3.38212        0.14832   2   4
        3.38212        0.14832   2   5
        3.38212        0.65563   2   6
        3.38212        0.65563   2   7
        3.38212        0.77129   2   8
        3.38212        0.97091   2   9
        3.43307       -0.12768   2   1
        3.43307       -0.09029   2   2
        3.43307       -0.09029   2   3
        3.43307        0.14598   2   4
        3.43307        0.14598   2   5
        3.43307        0.62922   2   6
        3.43307        0.62922   2   7
        3.43307        0.76567   2   8
        3.43307        1.08591   2   9
        3.48401       -0.13183   2   1
        3.48401       -0.08792   2   2
        3.48401       -0.08792   2   3
        3.48401        0.14296   2   4
        3.48401        0.14296   2   5
        3.48401        0.60980   2   6
        3.48401        0.60980   2   7
        3.48401        0.76125   2   8
        3.48401        1.20840   2   9
        3.53495       -0.13045   2   1
        3.53495       -0.08736   2   2
        3.53495       -0.08736   2   3
        3.53495        0.13988   2   4
        3.53495        0.13988   2   5
        3.53495        0.59872   2   6
        3.53495        0.59872   2   7
        3.53495        0.75708   2   8
        3.53495        1.34551   2   9
        3.58589       -0.12299   2   1
        3.58589       -0.08937   2   2
        3.58589       -0.08937   2   3
        3.58589        0.13763   2   4
        3.58589        0.13763   2   5
        3.58589        0.59624   2   6
        3.58589        0.59624   2   7
        3.58589        0.75324   2   8
        3.58589        1.49925   2   9
        3.63684       -0.10898   2   1
        3.63684       -0.09473   2   2
        3.63684       -0.09473   2   3
        3.63684        0.13708   2   4
        3.63684        0.13708   2   5
        3.63684        0.60096   2   6
        3.63684        0.60096   2   7
        3.63684        0.75265   2   8
        3.63684        1.65483   2   9
        3.68778       -0.10370   2   1
        3.68778       -0.10370   2   2
        3.68778       -0.08790   2   3
        3.68778        0.13878   2   4
        3.68778        0.13878   2   5
        3.68778        0.61052   2   6
        3.68778        0.61052   2   7
        3.68778        0.75781   2   8
        3.68778        1.78436   2   9
        3.73872       -0.11569   2   1
        3.73872       -0.11569   2   2
        3.73872       -0.05990   2   3
        3.73872        0.14282   2   4
        3.73872        0.14282   2   5
        3.73872        0.62308   2   6
        3.73872        0.62308   2   7
        3.73872        0.76611   2   8
        3.73872        1.86421   2   9
        3.78967       -0.12946   2   1
        3.78967       -0.12946   2   2
        3.78967       -0.02630   2   3
        3.78967        0.14888   2   4
        3.78967        0.14888   2   5
        3.78967        0.63816   2   6
        3.78967        0.63816   2   7
        3.78967        0.77054   2   8
        3.78967        1.88921   2   9
        3.84061       -0.14371   2   1
        3.84061       -0.14371   2   2
        3.84061        0.01122   2   3
        3.84061        0.15647   2   4
        3.84061        0.15647   2   5
        3.84061        0.65623   2   6
        3.84061        0.65623   2   7
        3.84061        0.76659   2   8
        3.84061        1.87065   2   9
        3.89155       -0.15741   2   1
        3.89155       -0.15741   2   2
        3.89155        0.05123   2   3
        3.89155        0.16490   2   4
        3.89155        0.16490   2   5
        3.89155        0.67731   2   6
        3.89155        0.67731   2   7
        3.89155        0.75771   2   8
        3.89155        1.82327   2   9
        3.94249       -0.16980   2   1
        3.94249       -0.16980   2   2
        3.94249        0.09204   2   3
        3.94249        0.17333   2   4
        3.94249        0.17333   2   5
        3.94249        0.69984   2   6
        3.94249        0.69984   2   7
        3.94249        0.75120   2   8
        3.94249        1.75830   2   9
        3.99344       -0.18023   2   1
        3.99344       -0.18023   2   2
        3.99344        0.13068   2   3
        3.99344        0.18087   2   4
        3.99344        0.18087   2   5
        3.99344        0.72085   2   6
        3.99344        0.72085   2   7
        3.99344        0.75001   2   8
        3.99344        1.68642   2   9
        4.04438       -0.18811   2   1
        4.04438       -0.18811   2   2
        4.04438        0.16289   2   3
        4.04438        0.18679   2   4
        4.04438        0.18679   2   5
        4.04438        0.73734   2   6
        4.04438        0.73734   2   7
        4.04438        0.75118   2   8
        4.04438        1.62108   2   9
        4.09532       -0.19299   2   1
        4.09532       -0.19299   2   2
        4.09532        0.18431   2   3
        4.09532        0.19055   2   4
        4.09532        0.19055   2   5
        4.09532        0.74753   2   6
        4.09532        0.74753   2   7
        4.09532        0.75132   2   8
        4.09532        1.57606   2   9
        4.14626       -0.19464   2   1
        4.14626       -0.19464   2   2
        4.14626        0.19183   2   3
        4.14626        0.19183   2   4
        4.14626        0.19183   2   5
        4.14626        0.75093   2   6
        4.14626        0.75093   2   7
        4.14626        0.75093   2   8
        4.14626        1.56018   2   9
        4.14626       -0.10169   2   1
        4.14626       -0.10169   2   2
        4.14626       -0.10169   2   3
        4.14626        0.15018   2   4
        4.14626        0.15018   2   5
        4.14626        0.72694   2   6
        4.14626        0.72694   2   7
        4.14626        0.72694   2   8
        4.14626        0.82114   2   9
        4.20182       -0.10633   2   1
        4.20182       -0.10627   2   2
        4.20182       -0.09353   2   3
        4.20182        0.14924   2   4
        4.20182        0.15009   2   5
        4.20182        0.64801   2   6
        4.20182        0.71453   2   7
        4.20182        0.80951   2   8
        4.20182        0.84759   2   9
        4.25738       -0.11951   2   1
        4.25738       -0.10794   2   2
        4.25738       -0.08169   2   3
        4.25738        0.14658   2   4
        4.25738        0.14979   2   5
        4.25738        0.57164   2   6
        4.25738        0.69400   2   7
        4.25738        0.89463   2   8
        4.25738        0.90842   2   9
        4.31293       -0.13899   2   1
        4.31293       -0.10741   2   2
        4.31293       -0.06604   2   3
        4.31293        0.14264   2   4
        4.31293        0.14931   2   5
        4.31293        0.49937   2   6
        4.31293        0.67679   2   7
        4.31293        0.97887   2   8
        4.31293        0.98807   2   9
        4.36849       -0.16169   2   1
        4.36849       -0.10513   2   2
        4.36849       -0.04506   2   3
        4.36849        0.13804   2   4
        4.36849        0.14882   2   5
        4.36849        0.43520   2   6
        4.36849        0.66379   2   7
        4.36849        1.06075   2   8
        4.36849        1.08162   2   9
        4.42404       -0.18463   2   1
        4.42404       -0.10167   2   2
        4.42404       -0.01700   2   3
        4.42404        0.13335   2   4
        4.42404        0.14845   2   5
        4.42404        0.37913   2   6
        4.42404        0.65365   2   7
        4.42404        1.14118   2   8
        4.42404        1.18718   2   9
        4.47960       -0.20524   2   1
        4.47960       -0.09782   2   2
        4.47960        0.01614   2   3
        4.47960        0.12912   2   4
        4.47960        0.14813   2   5
        4.47960        0.32574   2   6
        4.47960        0.64707   2   7
        4.47960        1.21799   2   8
        4.47960        1.29761   2   9
        4.53515       -0.22115   2   1
        4.53515       -0.09441   2   2
        4.53515        0.04748   2   3
        4.53515        0.12581   2   4
        4.53515        0.14773   2   5
        4.53515        0.27286   2   6
        4.53515        0.64624   2   7
        4.53515        1.28316   2   8
        4.53515        1.39658   2   9
        4.59071       -0.23083   2   1
        4.59071       -0.09206   2   2
        4.59071        0.06908   2   3
        4.59071        0.12375   2   4
        4.59071        0.14729   2   5
        4.59071        0.23006   2   6
        4.59071        0.64980   2   7
        4.59071        1.32666   2   8
        4.59071        1.46472   2   9
        4.64626       -0.23400   2   1
        4.64626       -0.09123   2   2
        4.64626        0.07647   2   3
        4.64626        0.12306   2   4
        4.64626        0.14709   2   5
        4.64626        0.21333   2   6
        4.64626        0.65212   2   7
        4.64626        1.34184   2   8
        4.64626        1.48885   2   9
