        0.00000       -0.59403   1   1
        0.00000       -0.14510   1   2
        0.00000       -0.14510   1   3
        0.00000       -0.14510   1   4
        0.00000       -0.04972   1   5
        0.00000       -0.04972   1   6
        0.00000        2.36414   1   7
        0.00000        2.36414   1   8
        0.00000        2.36414   1   9
        0.05000       -0.58974   1   1
        0.05000       -0.14513   1   2
        0.05000       -0.14513   1   3
        0.05000       -0.14422   1   4
        0.05000       -0.05137   1   5
        0.05000       -0.04912   1   6
        0.05000        2.31165   1   7
        0.05000        2.34650   1   8
        0.05000        2.34650   1   9
        0.10000       -0.57824   1   1
        0.10000       -0.14515   1   2
        0.10000       -0.14515   1   3
        0.10000       -0.14145   1   4
        0.10000       -0.05630   1   5
        0.10000       -0.04716   1   6
        0.10000        2.18006   1   7
        0.10000        2.28776   1   8
        0.10000        2.28776   1   9
        0.15000       -0.56067   1   1
        0.15000       -0.14503   1   2
        0.15000       -0.14503   1   3
        0.15000       -0.13663   1   4
        0.15000       -0.06440   1   5
        0.15000       -0.04377   1   6
        0.15000        2.02561   1   7
        0.15000        2.17965   1   8
        0.15000        2.17965   1   9
        0.20000       -0.53586   1   1
        0.20000       -0.14454   1   2
        0.20000       -0.14454   1   3
        0.20000       -0.12975   1   4
        0.20000       -0.07545   1   5
        0.20000       -0.03928   1   6
        0.20000        1.89372   1   7
        0.20000        2.02855   1   8
        0.20000        2.02855   1   9
        0.25000       -0.50494   1   1
        0.25000       -0.14343   1   2
        0.25000       -0.14343   1   3
        0.25000       -0.12110   1   4
        0.25000       -0.08920   1   5
        0.25000       -0.03413   1   6
        0.25000        1.79750   1   7
        0.25000        1.86007   1   8
        0.25000        1.86007   1   9
        0.30000       -0.47336   1   1
        0.30000       -0.14130   1   2
        0.30000       -0.14130   1   3
        0.30000       -0.11107   1   4
        0.30000       -0.10538   1   5
        0.30000       -0.02821   1   6
        0.30000        1.70457   1   7
        0.30000        1.70457   1   8
        0.30000        1.72559   1   9
        0.35000       -0.44324   1   1
        0.35000       -0.13764   1   2
        0.35000       -0.13764   1   3
        0.35000       -0.12362   1   4
        0.35000       -0.09992   1   5
        0.35000       -0.02079   1   6
        0.35000        1.57718   1   7
        0.35000        1.57718   1   8
        0.35000        1.66079   1   9
        0.40000       -0.40797   1   1
        0.40000       -0.14349   1   2
        0.40000       -0.13200   1   3
        0.40000       -0.13200   1   4
        0.40000       -0.08778   1   5
        0.40000       -0.01031   1   6
        0.40000        1.47167   1   7
        0.40000        1.47167   1   8
        0.40000        1.59220   1   9
        0.45000       -0.36233   1   1
        0.45000       -0.16436   1   2
        0.45000       -0.12413   1   3
        0.45000       -0.12413   1   4
        0.45000       -0.07484   1   5
        0.45000        0.00701   1   6
        0.45000        1.37240   1   7
        0.45000        1.37240   1   8
        0.45000        1.51900   1   9
        0.50000       -0.31617   1   1
        0.50000       -0.18560   1   2
        0.50000       -0.11399   1   3
        0.50000       -0.11399   1   4
        0.50000       -0.06140   1   5
        0.50000        0.03732   1   6
        0.50000        1.27070   1   7
        0.50000        1.27070   1   8
        0.50000        1.44852   1   9
        0.55000       -0.28670   1   1
        0.55000       -0.20663   1   2
        0.55000       -0.10165   1   3
        0.55000       -0.10165   1   4
        0.55000       -0.04789   1   5
        0.55000        0.08289   1   6
        0.55000        1.17050   1   7
        0.55000        1.17050   1   8
        0.55000        1.39024   1   9
        0.60000       -0.27689   1   1
        0.60000       -0.22700   1   2
        0.60000       -0.08719   1   3
        0.60000       -0.08719   1   4
        0.60000       -0.03465   1   5
        0.60000        0.13695   1   6
        0.60000        1.08072   1   7
        0.60000        1.08072   1   8
        0.60000        1.35130   1   9
        0.65000       -0.27710   1   1
        0.65000       -0.24629   1   2
        0.65000       -0.07083   1   3
        0.65000       -0.07083   1   4
        0.65000       -0.02197   1   5
        0.65000        0.19650   1   6
        0.65000        1.00534   1   7
        0.65000        1.00534   1   8
        0.65000        1.33703   1   9
        0.70000       -0.28056   1   1
        0.70000       -0.26402   1   2
        0.70000       -0.05304   1   3
        0.70000       -0.05304   1   4
        0.70000       -0.01012   1   5
        0.70000        0.26916   1   6
        0.70000        0.94093   1   7
        0.70000        0.94093   1   8
        0.70000        1.35275   1   9
        0.75000       -0.28659   1   1
        0.75000       -0.27969   1   2
        0.75000       -0.03453   1   3
        0.75000       -0.03453   1   4
        0.75000        0.00055   1   5
        0.75000        0.35916   1   6
        0.75000        0.88212   1   7
        0.75000        0.88212   1   8
        0.75000        1.39891   1   9
        0.80000       -0.29505   1   1
        0.80000       -0.29290   1   2
        0.80000       -0.01623   1   3
        0.80000       -0.01623   1   4
        0.80000        0.00970   1   5
        0.80000        0.45728   1   6
        0.80000        0.82737   1   7
        0.80000        0.82737   1   8
        0.80000        1.46136   1   9
        0.85000       -0.30400   1   1
        0.85000       -0.30343   1   2
        0.85000        0.00063   1   3
        0.85000        0.00063   1   4
        0.85000        0.01706   1   5
        0.85000        0.54992   1   6
        0.85000        0.77987   1   7
        0.85000        0.77987   1   8
        0.85000        1.51132   1   9
        0.90000       -0.31134   1   1
        0.90000       -0.31115   1   2
        0.90000        0.01448   1   3
        0.90000        0.01448   1   4
        0.90000        0.02246   1   5
        0.90000        0.62998   1   6
        0.90000        0.74411   1   7
        0.90000        0.74411   1   8
        0.90000        1.52455   1   9
        0.95000       -0.31596   1   1
        0.95000       -0.31590   1   2
        0.95000        0.02366   1   3
        0.95000        0.02366   1   4
        0.95000        0.02577   1   5
        0.95000        0.69093   1   6
        0.95000        0.72259   1   7
        0.95000        0.72259   1   8
        0.95000        1.50639   1   9
        1.00000       -0.31751   1   1
        1.00000       -0.31751   1   2
        1.00000        0.02688   1   3
        1.00000        0.02688   1   4
        1.00000        0.02688   1   5
        1.00000        0.71552   1   6
        1.00000        0.71552   1   7
        1.00000        0.71552   1   8
        1.00000        1.49245   1   9
        1.00000       -0.31751   1   1
        1.00000       -0.31751   1   2
        1.00000        0.02688   1   3
        1.00000        0.02688   1   4
        1.00000        0.02688   1   5
        1.00000        0.71552   1   6
        1.00000        0.71552   1   7
        1.00000        0.71552   1   8
        1.00000        1.49245   1   9
        1.05051       -0.31590   1   1
        1.05051       -0.31589   1   2
        1.05051        0.02227   1   3
        1.05051        0.02358   1   4
        1.05051        0.02709   1   5
        1.05051        0.70384   1   6
        1.05051        0.70812   1   7
        1.05051        0.72269   1   8
        1.05051        1.50841   1   9
        1.10102       -0.31122   1   1
        1.10102       -0.31102   1   2
        1.10102        0.00906   1   3
        1.10102        0.01396   1   4
        1.10102        0.02774   1   5
        1.10102        0.67067   1   6
        1.10102        0.68859   1   7
        1.10102        0.74411   1   8
        1.10102        1.54615   1   9
        1.15152       -0.30400   1   1
        1.15152       -0.30280   1   2
        1.15152       -0.01101   1   3
        1.15152       -0.00108   1   4
        1.15152        0.02890   1   5
        1.15152        0.62147   1   6
        1.15152        0.66341   1   7
        1.15152        0.77927   1   8
        1.15152        1.58225   1   9
        1.20203       -0.29507   1   1
        1.20203       -0.29129   1   2
        1.20203       -0.03569   1   3
        1.20203       -0.01994   1   4
        1.20203        0.03051   1   5
        1.20203        0.56374   1   6
        1.20203        0.63927   1   7
        1.20203        0.82655   1   8
        1.20203        1.59519   1   9
        1.25254       -0.28576   1   1
        1.25254       -0.27655   1   2
        1.25254       -0.06282   1   3
        1.25254       -0.04030   1   4
        1.25254        0.03242   1   5
        1.25254        0.50389   1   6
        1.25254        0.61888   1   7
        1.25254        0.88268   1   8
        1.25254        1.57750   1   9
        1.30305       -0.27825   1   1
        1.30305       -0.25856   1   2
        1.30305       -0.09076   1   3
        1.30305       -0.05930   1   4
        1.30305        0.03441   1   5
        1.30305        0.44445   1   6
        1.30305        0.59957   1   7
        1.30305        0.94362   1   8
        1.30305        1.53765   1   9
        1.35355       -0.27553   1   1
        1.35355       -0.23732   1   2
        1.35355       -0.11813   1   3
        1.35355       -0.07356   1   4
        1.35355        0.03637   1   5
        1.35355        0.38504   1   6
        1.35355        0.57806   1   7
        1.35355        1.00677   1   8
        1.35355        1.49046   1   9
        1.40406       -0.27963   1   1
        1.40406       -0.21291   1   2
        1.40406       -0.14371   1   3
        1.40406       -0.08017   1   4
        1.40406        0.03833   1   5
        1.40406        0.32555   1   6
        1.40406        0.55742   1   7
        1.40406        1.07308   1   8
        1.40406        1.44468   1   9
        1.45457       -0.28909   1   1
        1.45457       -0.18542   1   2
        1.45457       -0.16645   1   3
        1.45457       -0.07885   1   4
        1.45457        0.04033   1   5
        1.45457        0.26759   1   6
        1.45457        0.54574   1   7
        1.45457        1.14557   1   8
        1.45457        1.40070   1   9
        1.50508       -0.30014   1   1
        1.50508       -0.18565   1   2
        1.50508       -0.15495   1   3
        1.50508       -0.07228   1   4
        1.50508        0.04226   1   5
        1.50508        0.21299   1   6
        1.50508        0.54646   1   7
        1.50508        1.22479   1   8
        1.50508        1.35933   1   9
        1.55558       -0.31067   1   1
        1.55558       -0.20103   1   2
        1.55558       -0.12187   1   3
        1.55558       -0.06375   1   4
        1.55558        0.04392   1   5
        1.55558        0.16186   1   6
        1.55558        0.55218   1   7
        1.55558        1.30516   1   8
        1.55558        1.32843   1   9
        1.60609       -0.32034   1   1
        1.60609       -0.21243   1   2
        1.60609       -0.08725   1   3
        1.60609       -0.05582   1   4
        1.60609        0.04508   1   5
        1.60609        0.11380   1   6
        1.60609        0.55205   1   7
        1.60609        1.31622   1   8
        1.60609        1.37547   1   9
        1.65660       -0.32791   1   1
        1.65660       -0.21953   1   2
        1.65660       -0.05405   1   3
        1.65660       -0.05029   1   4
        1.65660        0.04572   1   5
        1.65660        0.07150   1   6
        1.65660        0.54566   1   7
        1.65660        1.31835   1   8
        1.65660        1.42352   1   9
        1.70711       -0.33088   1   1
        1.70711       -0.22196   1   2
        1.70711       -0.04831   1   3
        1.70711       -0.03604   1   4
        1.70711        0.04591   1   5
        1.70711        0.05014   1   6
        1.70711        0.54188   1   7
        1.70711        1.32135   1   8
        1.70711        1.44055   1   9
        1.70711       -0.33088   1   1
        1.70711       -0.22196   1   2
        1.70711       -0.04831   1   3
        1.70711       -0.03604   1   4
        1.70711        0.04591   1   5
        1.70711        0.05014   1   6
        1.70711        0.54188   1   7
        1.70711        1.32135   1   8
        1.70711        1.44055   1   9
        1.75761       -0.33136   1   1
        1.75761       -0.22105   1   2
        1.75761       -0.04930   1   3
        1.75761       -0.03624   1   4
        1.75761        0.02856   1   5
        1.75761        0.04313   1   6
        1.75761        0.56613   1   7
        1.75761        1.32612   1   8
        1.75761        1.44372   1   9
        1.80812       -0.33343   1   1
        1.80812       -0.21839   1   2
        1.80812       -0.05371   1   3
        1.80812       -0.03690   1   4
        1.80812       -0.01392   1   5
        1.80812        0.03480   1   6
        1.80812        0.62752   1   7
        1.80812        1.34014   1   8
        1.80812        1.46016   1   9
        1.85863       -0.33754   1   1
        1.85863       -0.21413   1   2
        1.85863       -0.06978   1   3
        1.85863       -0.04111   1   4
        1.85863       -0.03812   1   5
        1.85863        0.02125   1   6
        1.85863        0.71316   1   7
        1.85863        1.36626   1   8
        1.85863        1.50189   1   9
        1.90914       -0.34400   1   1
        1.90914       -0.20844   1   2
        1.90914       -0.09570   1   3
        1.90914       -0.05030   1   4
        1.90914       -0.03982   1   5
        1.90914        0.00351   1   6
        1.90914        0.81855   1   7
        1.90914        1.41476   1   8
        1.90914        1.56974   1   9
        1.95964       -0.35751   1   1
        1.95964       -0.20152   1   2
        1.95964       -0.12229   1   3
        1.95964       -0.05606   1   4
        1.95964       -0.04167   1   5
        1.95964       -0.01675   1   6
        1.95964        0.93543   1   7
        1.95964        1.49652   1   8
        1.95964        1.64842   1   9
        2.01015       -0.38649   1   1
        2.01015       -0.19362   1   2
        2.01015       -0.14410   1   3
        2.01015       -0.06045   1   4
        2.01015       -0.04332   1   5
        2.01015       -0.03787   1   6
        2.01015        1.05457   1   7
        2.01015        1.60892   1   8
        2.01015        1.72024   1   9
        2.06066       -0.43089   1   1
        2.06066       -0.18512   1   2
        2.06066       -0.15424   1   3
        2.06066       -0.06353   1   4
        2.06066       -0.05867   1   5
        2.06066       -0.04468   1   6
        2.06066        1.18212   1   7
        2.06066        1.73080   1   8
        2.06066        1.78323   1   9
        2.11117       -0.47673   1   1
        2.11117       -0.17644   1   2
        2.11117       -0.15464   1   3
        2.11117       -0.07859   1   4
        2.11117       -0.06498   1   5
        2.11117       -0.04586   1   6
        2.11117        1.34183   1   7
        2.11117        1.83747   1   8
        2.11117        1.85408   1   9
        2.16168       -0.51217   1   1
        2.16168       -0.16806   1   2
        2.16168       -0.15134   1   3
        2.16168       -0.09721   1   4
        2.16168       -0.06437   1   5
        2.16168       -0.04702   1   6
        2.16168        1.55267   1   7
        2.16168        1.92269   1   8
        2.16168        1.95070   1   9
        2.21218       -0.53767   1   1
        2.21218       -0.16045   1   2
        2.21218       -0.14820   1   3
        2.21218       -0.11383   1   4
        2.21218       -0.06173   1   5
        2.21218       -0.04812   1   6
        2.21218        1.80210   1   7
        2.21218        2.00437   1   8
        2.21218        2.07169   1   9
        2.26269       -0.55875   1   1
        2.26269       -0.15402   1   2
        2.26269       -0.14629   1   3
        2.26269       -0.12749   1   4
        2.26269       -0.05781   1   5
        2.26269       -0.04899   1   6
        2.26269        2.04397   1   7
        2.26269        2.10486   1   8
        2.26269        2.19400   1   9
        2.31320       -0.57690   1   1
        2.31320       -0.14916   1   2
        2.31320       -0.14543   1   3
        2.31320       -0.13737   1   4
        2.31320       -0.05378   1   5
        2.31320       -0.04949   1   6
        2.31320        2.22257   1   7
        2.31320        2.22781   1   8
        2.31320        2.29010   1   9
        2.36371       -0.58954   1   1
        2.36371       -0.14613   1   2
        2.36371       -0.14515   1   3
        2.36371       -0.14320   1   4
        2.36371       -0.05081   1   5
        2.36371       -0.04968   1   6
        2.36371        2.32372   1   7
        2.36371        2.33211   1   8
        2.36371        2.34640   1   9
        2.41421       -0.59403   1   1
        2.41421       -0.14510   1   2
        2.41421       -0.14510   1   3
        2.41421       -0.14510   1   4
        2.41421       -0.04972   1   5
        2.41421       -0.04972   1   6
        2.41421        2.36414   1   7
        2.41421        2.36414   1   8
        2.41421        2.36414   1   9
        2.41421       -0.59403   1   1
        2.41421       -0.14510   1   2
        2.41421       -0.14510   1   3
        2.41421       -0.14510   1   4
        2.41421       -0.04972   1   5
        2.41421       -0.04972   1   6
        2.41421        2.36414   1   7
        2.41421        2.36414   1   8
        2.41421        2.36414   1   9
        2.46516       -0.58942   1   1
        2.46516       -0.14582   1   2
        2.46516       -0.14582   1   3
        2.46516       -0.14282   1   4
        2.46516       -0.05025   1   5
        2.46516       -0.05025   1   6
        2.46516        2.32991   1   7
        2.46516        2.32991   1   8
        2.46516        2.34058   1   9
        2.51610       -0.57596   1   1
        2.51610       -0.14808   1   2
        2.51610       -0.14808   1   3
        2.51610       -0.13582   1   4
        2.51610       -0.05163   1   5
        2.51610       -0.05163   1   6
        2.51610        2.23152   1   7
        2.51610        2.23152   1   8
        2.51610        2.26674   1   9
        2.56704       -0.55546   1   1
        2.56704       -0.15208   1   2
        2.56704       -0.15208   1   3
        2.56704       -0.12385   1   4
        2.56704       -0.05329   1   5
        2.56704       -0.05329   1   6
        2.56704        2.08148   1   7
        2.56704        2.08148   1   8
        2.56704        2.14073   1   9
        2.61798       -0.53081   1   1
        2.61798       -0.15796   1   2
        2.61798       -0.15796   1   3
        2.61798       -0.10710   1   4
        2.61798       -0.05459   1   5
        2.61798       -0.05459   1   6
        2.61798        1.89939   1   7
        2.61798        1.89939   1   8
        2.61798        1.97492   1   9
        2.66893       -0.50328   1   1
        2.66893       -0.16561   1   2
        2.66893       -0.16561   1   3
        2.66893       -0.08626   1   4
        2.66893       -0.05508   1   5
        2.66893       -0.05508   1   6
        2.66893        1.70826   1   7
        2.66893        1.70826   1   8
        2.66893        1.79632   1   9
        2.71987       -0.47068   1   1
        2.71987       -0.17465   1   2
        2.71987       -0.17465   1   3
        2.71987       -0.06179   1   4
        2.71987       -0.05453   1   5
        2.71987       -0.05453   1   6
        2.71987        1.52948   1   7
        2.71987        1.52948   1   8
        2.71987        1.63234   1   9
        2.77081       -0.43012   1   1
        2.77081       -0.18448   1   2
        2.77081       -0.18448   1   3
        2.77081       -0.05300   1   4
        2.77081       -0.05300   1   5
        2.77081       -0.03293   1   6
        2.77081        1.37758   1   7
        2.77081        1.37758   1   8
        2.77081        1.49493   1   9
        2.82175       -0.38282   1   1
        2.82175       -0.19431   1   2
        2.82175       -0.19431   1   3
        2.82175       -0.05068   1   4
        2.82175       -0.05068   1   5
        2.82175        0.00201   1   6
        2.82175        1.25730   1   7
        2.82175        1.25730   1   8
        2.82175        1.37820   1   9
        2.87270       -0.33475   1   1
        2.87270       -0.20334   1   2
        2.87270       -0.20334   1   3
        2.87270       -0.04789   1   4
        2.87270       -0.04789   1   5
        2.87270        0.04405   1   6
        2.87270        1.16432   1   7
        2.87270        1.16432   1   8
        2.87270        1.26964   1   9
        2.92364       -0.29185   1   1
        2.92364       -0.21089   1   2
        2.92364       -0.21089   1   3
        2.92364       -0.04493   1   4
        2.92364       -0.04493   1   5
        2.92364        0.09230   1   6
        2.92364        1.08919   1   7
        2.92364        1.08919   1   8
        2.92364        1.16287   1   9
        2.97458       -0.25632   1   1
        2.97458       -0.21654   1   2
        2.97458       -0.21654   1   3
        2.97458       -0.04208   1   4
        2.97458       -0.04208   1   5
        2.97458        0.14558   1   6
        2.97458        1.02182   1   7
        2.97458        1.02182   1   8
        2.97458        1.06117   1   9
        3.02553       -0.22854   1   1
        3.02553       -0.22013   1   2
        3.02553       -0.22013   1   3
        3.02553       -0.03951   1   4
        3.02553       -0.03951   1   5
        3.02553        0.20543   1   6
        3.02553        0.95521   1   7
        3.02553        0.95521   1   8
        3.02553        0.97223   1   9
        3.07647       -0.22169   1   1
        3.07647       -0.22169   1   2
        3.07647       -0.20976   1   3
        3.07647       -0.03735   1   4
        3.07647       -0.03735   1   5
        3.07647        0.27541   1   6
        3.07647        0.88683   1   7
        3.07647        0.88683   1   8
        3.07647        0.90101   1   9
        3.12741       -0.22139   1   1
        3.12741       -0.22139   1   2
        3.12741       -0.20073   1   3
        3.12741       -0.03567   1   4
        3.12741       -0.03567   1   5
        3.12741        0.35683   1   6
        3.12741        0.81810   1   7
        3.12741        0.81810   1   8
        3.12741        0.84730   1   9
        3.17835       -0.21946   1   1
        3.17835       -0.21946   1   2
        3.17835       -0.19975   1   3
        3.17835       -0.03449   1   4
        3.17835       -0.03449   1   5
        3.17835        0.44744   1   6
        3.17835        0.75250   1   7
        3.17835        0.75250   1   8
        3.17835        0.80795   1   9
        3.22930       -0.21619   1   1
        3.22930       -0.21619   1   2
        3.22930       -0.20407   1   3
        3.22930       -0.03382   1   4
        3.22930       -0.03382   1   5
        3.22930        0.54454   1   6
        3.22930        0.69357   1   7
        3.22930        0.69357   1   8
        3.22930        0.78031   1   9
        3.28024       -0.21191   1   1
        3.28024       -0.21191   1   2
        3.28024       -0.21191   1   3
        3.28024       -0.03361   1   4
        3.28024       -0.03361   1   5
        3.28024        0.64309   1   6
        3.28024        0.64309   1   7
        3.28024        0.64309   1   8
        3.28024        0.76695   1   9
        3.28024       -0.21191   1   1
        3.28024       -0.21191   1   2
        3.28024       -0.21191   1   3
        3.28024       -0.03361   1   4
        3.28024       -0.03361   1   5
        3.28024        0.64309   1   6
        3.28024        0.64309   1   7
        3.28024        0.64309   1   8
        3.28024        0.76695   1   9
        3.33118       -0.22230   1   1
        3.33118       -0.20710   1   2
        3.33118       -0.20710   1   3
        3.33118       -0.03378   1   4
        3.33118       -0.03378   1   5
        3.33118        0.60099   1   6
        3.33118        0.60099   1   7
        3.33118        0.70215   1   8
        3.33118        0.80580   1   9
        3.38212       -0.23363   1   1
        3.38212       -0.20245   1   2
        3.38212       -0.20245   1   3
        3.38212       -0.03419   1   4
        3.38212       -0.03419   1   5
        3.38212        0.56630   1   6
        3.38212        0.56630   1   7
        3.38212        0.70298   1   8
        3.38212        0.91013   1   9
        3.43307       -0.24321   1   1
        3.43307       -0.19883   1   2
        3.43307       -0.19883   1   3
        3.43307       -0.03458   1   4
        3.43307       -0.03458   1   5
        3.43307        0.53854   1   6
        3.43307        0.53854   1   7
        3.43307        0.69559   1   8
        3.43307        1.02632   1   9
        3.48401       -0.24834   1   1
        3.48401       -0.19711   1   2
        3.48401       -0.19711   1   3
        3.48401       -0.03459   1   4
        3.48401       -0.03459   1   5
        3.48401        0.51840   1   6
        3.48401        0.51840   1   7
        3.48401        0.68892   1   8
        3.48401        1.14931   1   9
        3.53495       -0.24764   1   1
        3.53495       -0.19807   1   2
        3.53495       -0.19807   1   3
        3.53495       -0.03375   1   4
        3.53495       -0.03375   1   5
        3.53495        0.50699   1   6
        3.53495        0.50699   1   7
        3.53495        0.68290   1   8
        3.53495        1.28856   1   9
        3.58589       -0.24098   1   1
        3.58589       -0.20234   1   2
        3.58589       -0.20234   1   3
        3.58589       -0.03165   1   4
        3.58589       -0.03165   1   5
        3.58589        0.50456   1   6
        3.58589        0.50456   1   7
        3.58589        0.67787   1   8
        3.58589        1.44686   1   9
        3.63684       -0.22850   1   1
        3.63684       -0.21023   1   2
        3.63684       -0.21023   1   3
        3.63684       -0.02800   1   4
        3.63684       -0.02800   1   5
        3.63684        0.50981   1   6
        3.63684        0.50981   1   7
        3.63684        0.67726   1   8
        3.63684        1.60676   1   9
        3.68778       -0.22151   1   1
        3.68778       -0.22151   1   2
        3.68778       -0.21003   1   3
        3.68778       -0.02282   1   4
        3.68778       -0.02282   1   5
        3.68778        0.52049   1   6
        3.68778        0.52049   1   7
        3.68778        0.68386   1   8
        3.68778        1.73658   1   9
        3.73872       -0.23533   1   1
        3.73872       -0.23533   1   2
        3.73872       -0.18564   1   3
        3.73872       -0.01642   1   4
        3.73872       -0.01642   1   5
        3.73872        0.53503   1   6
        3.73872        0.53503   1   7
        3.73872        0.69463   1   8
        3.73872        1.81152   1   9
        3.78967       -0.25044   1   1
        3.78967       -0.25044   1   2
        3.78967       -0.15621   1   3
        3.78967       -0.00922   1   4
        3.78967       -0.00922   1   5
        3.78967        0.55343   1   6
        3.78967        0.55343   1   7
        3.78967        0.70184   1   8
        3.78967        1.82908   1   9
        3.84061       -0.26561   1   1
        3.84061       -0.26561   1   2
        3.84061       -0.12317   1   3
        3.84061       -0.00168   1   4
        3.84061       -0.00168   1   5
        3.84061        0.57681   1   6
        3.84061        0.57681   1   7
        3.84061        0.70086   1   8
        3.84061        1.80483   1   9
        3.89155       -0.27988   1   1
        3.89155       -0.27988   1   2
        3.89155       -0.08823   1   3
        3.89155        0.00575   1   4
        3.89155        0.00575   1   5
        3.89155        0.60545   1   6
        3.89155        0.60545   1   7
        3.89155        0.69592   1   8
        3.89155        1.75583   1   9
        3.94249       -0.29258   1   1
        3.94249       -0.29258   1   2
        3.94249       -0.05349   1   3
        3.94249        0.01261   1   4
        3.94249        0.01261   1   5
        3.94249        0.63736   1   6
        3.94249        0.63736   1   7
        3.94249        0.69508   1   8
        3.94249        1.69223   1   9
        3.99344       -0.30311   1   1
        3.99344       -0.30311   1   2
        3.99344       -0.02166   1   3
        3.99344        0.01849   1   4
        3.99344        0.01849   1   5
        3.99344        0.66833   1   6
        3.99344        0.66833   1   7
        3.99344        0.70088   1   8
        3.99344        1.62185   1   9
        4.04438       -0.31100   1   1
        4.04438       -0.31100   1   2
        4.04438        0.00413   1   3
        4.04438        0.02303   1   4
        4.04438        0.02303   1   5
        4.04438        0.69368   1   6
        4.04438        0.69368   1   7
        4.04438        0.70889   1   8
        4.04438        1.55612   1   9
        4.09532       -0.31587   1   1
        4.09532       -0.31587   1   2
        4.09532        0.02100   1   3
        4.09532        0.02590   1   4
        4.09532        0.02590   1   5
        4.09532        0.70995   1   6
        4.09532        0.70995   1   7
        4.09532        0.71406   1   8
        4.09532        1.50933   1   9
        4.14626       -0.31751   1   1
        4.14626       -0.31751   1   2
        4.14626        0.02688   1   3
        4.14626        0.02688   1   4
        4.14626        0.02688   1   5
        4.14626        0.71552   1   6
        4.14626        0.71552   1   7
        4.14626        0.71552   1   8
        4.14626        1.49245   1   9
        4.14626       -0.21191   1   1
        4.14626       -0.21191   1   2
        4.14626       -0.21191   1   3
        4.14626       -0.03361   1   4
        4.14626       -0.03361   1   5
        4.14626        0.64309   1   6
        4.14626        0.64309   1   7
        4.14626        0.64309   1   8
        4.14626        0.76695   1   9
        4.20182       -0.21913   1   1
        4.20182       -0.21614   1   2
        4.20182       -0.20131   1   3
        4.20182       -0.03395   1   4
        4.20182       -0.03373   1   5
        4.20182        0.55840   1   6
        4.20182        0.63167   1   7
        4.20182        0.73238   1   8
        4.20182        0.79113   1   9
        4.25738       -0.22798   1   1
        4.25738       -0.22381   1   2
        4.25738       -0.18665   1   3
        4.25738       -0.03508   1   4
        4.25738       -0.03404   1   5
        4.25738        0.47827   1   6
        4.25738        0.60943   1   7
        4.25738        0.82309   1   8
        4.25738        0.85066   1   9
        4.31293       -0.24530   1   1
        4.31293       -0.22653   1   2
        4.31293       -0.16720   1   3
        4.31293       -0.03701   1   4
        4.31293       -0.03440   1   5
        4.31293        0.40343   1   6
        4.31293        0.58739   1   7
        4.31293        0.91122   1   8
        4.31293        0.93147   1   9
        4.36849       -0.26550   1   1
        4.36849       -0.22753   1   2
        4.36849       -0.14173   1   3
        4.36849       -0.03944   1   4
        4.36849       -0.03471   1   5
        4.36849        0.33690   1   6
        4.36849        0.56805   1   7
        4.36849        0.99726   1   8
        4.36849        1.02697   1   9
        4.42404       -0.28614   1   1
        4.42404       -0.22700   1   2
        4.42404       -0.10959   1   3
        4.42404       -0.04194   1   4
        4.42404       -0.03499   1   5
        4.42404        0.27855   1   6
        4.42404        0.55169   1   7
        4.42404        1.08486   1   8
        4.42404        1.13345   1   9
        4.47960       -0.30481   1   1
        4.47960       -0.22548   1   2
        4.47960       -0.07277   1   3
        4.47960       -0.04428   1   4
        4.47960       -0.03530   1   5
        4.47960        0.22227   1   6
        4.47960        0.54043   1   7
        4.47960        1.17248   1   8
        4.47960        1.24406   1   9
        4.53515       -0.31924   1   1
        4.53515       -0.22373   1   2
        4.53515       -0.04632   1   3
        4.53515       -0.03564   1   4
        4.53515       -0.03477   1   5
        4.53515        0.16248   1   6
        4.53515        0.53703   1   7
        4.53515        1.24972   1   8
        4.53515        1.34433   1   9
        4.59071       -0.32801   1   1
        4.59071       -0.22243   1   2
        4.59071       -0.04777   1   3
        4.59071       -0.03593   1   4
        4.59071        0.00396   1   5
        4.59071        0.10181   1   6
        4.59071        0.53970   1   7
        4.59071        1.30263   1   8
        4.59071        1.41503   1   9
        4.64626       -0.33088   1   1
        4.64626       -0.22196   1   2
        4.64626       -0.04831   1   3
        4.64626       -0.03604   1   4
        4.64626        0.04591   1   5
        4.64626        0.05014   1   6
        4.64626        0.54188   1   7
        4.64626        1.32135   1   8
        4.64626        1.44055   1   9
