        0.00000       -0.59403   1   1
        0.00000       -0.56636   1   2
        0.00000       -0.14629   1   3
        0.00000       -0.14482   1   4
        0.00000       -0.14328   1   5
        0.00000       -0.04936   1   6
        0.00000       -0.04907   1   7
        0.00000       -0.00280   1   8
        0.00000       -0.00113   1   9
        0.00000        0.00119   1  10
        0.00000        0.12855   1  11
        0.00000        0.12865   1  12
        0.00000        2.35452   1  13
        0.00000        2.36377   1  14
        0.00000        2.37750   1  15
        0.00000        2.42386   1  16
        0.00000        2.43288   1  17
        0.00000        2.44014   1  18
        0.05000       -0.58972   1   1
        0.05000       -0.56267   1   2
        0.05000       -0.14586   1   3
        0.05000       -0.14478   1   4
        0.05000       -0.14272   1   5
        0.05000       -0.05091   1   6
        0.05000       -0.04842   1   7
        0.05000       -0.00259   1   8
        0.05000       -0.00132   1   9
        0.05000        0.00150   1  10
        0.05000        0.12649   1  11
        0.05000        0.12943   1  12
        0.05000        2.29873   1  13
        0.05000        2.34192   1  14
        0.05000        2.35011   1  15
        0.05000        2.36788   1  16
        0.05000        2.40767   1  17
        0.05000        2.40845   1  18
        0.10000       -0.57769   1   1
        0.10000       -0.55161   1   2
        0.10000       -0.14522   1   3
        0.10000       -0.14474   1   4
        0.10000       -0.14044   1   5
        0.10000       -0.05575   1   6
        0.10000       -0.04646   1   7
        0.10000       -0.00230   1   8
        0.10000       -0.00176   1   9
        0.10000        0.00323   1  10
        0.10000        0.12027   1  11
        0.10000        0.13183   1  12
        0.10000        2.14281   1  13
        0.10000        2.20334   1  14
        0.10000        2.29846   1  15
        0.10000        2.29885   1  16
        0.10000        2.34486   1  17
        0.10000        2.34495   1  18
        0.15000       -0.55940   1   1
        0.15000       -0.53322   1   2
        0.15000       -0.14495   1   3
        0.15000       -0.14474   1   4
        0.15000       -0.13589   1   5
        0.15000       -0.06377   1   6
        0.15000       -0.04350   1   7
        0.15000       -0.00231   1   8
        0.15000       -0.00222   1   9
        0.15000        0.00777   1  10
        0.15000        0.11010   1  11
        0.15000        0.13567   1  12
        0.15000        1.97934   1  13
        0.15000        2.03785   1  14
        0.15000        2.21250   1  15
        0.15000        2.21262   1  16
        0.15000        2.25270   1  17
        0.15000        2.25273   1  18
        0.20000       -0.53515   1   1
        0.20000       -0.50770   1   2
        0.20000       -0.14455   1   3
        0.20000       -0.14445   1   4
        0.20000       -0.12925   1   5
        0.20000       -0.07482   1   6
        0.20000       -0.03932   1   7
        0.20000       -0.00239   1   8
        0.20000       -0.00228   1   9
        0.20000        0.01546   1  10
        0.20000        0.09630   1  11
        0.20000        0.14062   1  12
        0.20000        1.86661   1  13
        0.20000        1.91673   1  14
        0.20000        2.06980   1  15
        0.20000        2.06989   1  16
        0.20000        2.11923   1  17
        0.20000        2.11926   1  18
        0.25000       -0.50496   1   1
        0.25000       -0.47607   1   2
        0.25000       -0.14328   1   3
        0.25000       -0.14323   1   4
        0.25000       -0.12076   1   5
        0.25000       -0.08865   1   6
        0.25000       -0.03342   1   7
        0.25000       -0.00181   1   8
        0.25000       -0.00160   1   9
        0.25000        0.02580   1  10
        0.25000        0.07919   1  11
        0.25000        0.14647   1  12
        0.25000        1.79874   1  13
        0.25000        1.83543   1  14
        0.25000        1.87036   1  15
        0.25000        1.87095   1  16
        0.25000        1.94412   1  17
        0.25000        1.94418   1  18
        0.30000       -0.47026   1   1
        0.30000       -0.44025   1   2
        0.30000       -0.14054   1   3
        0.30000       -0.14053   1   4
        0.30000       -0.11071   1   5
        0.30000       -0.10488   1   6
        0.30000       -0.02581   1   7
        0.30000        0.00003   1   8
        0.30000        0.00032   1   9
        0.30000        0.03789   1  10
        0.30000        0.05902   1  11
        0.30000        0.15324   1  12
        0.30000        1.67356   1  13
        0.30000        1.67367   1  14
        0.30000        1.74217   1  15
        0.30000        1.76474   1  16
        0.30000        1.76904   1  17
        0.30000        1.77434   1  18
        0.35000       -0.43270   1   1
        0.35000       -0.40153   1   2
        0.35000       -0.13629   1   3
        0.35000       -0.13620   1   4
        0.35000       -0.12302   1   5
        0.35000       -0.09947   1   6
        0.35000       -0.01699   1   7
        0.35000        0.00361   1   8
        0.35000        0.00401   1   9
        0.35000        0.03624   1  10
        0.35000        0.05093   1  11
        0.35000        0.16055   1  12
        0.35000        1.53651   1  13
        0.35000        1.53654   1  14
        0.35000        1.63284   1  15
        0.35000        1.63302   1  16
        0.35000        1.67230   1  17
        0.35000        1.70141   1  18
        0.40000       -0.39275   1   1
        0.40000       -0.35905   1   2
        0.40000       -0.14309   1   3
        0.40000       -0.13038   1   4
        0.40000       -0.13018   1   5
        0.40000       -0.08733   1   6
        0.40000       -0.00631   1   7
        0.40000        0.00820   1   8
        0.40000        0.00974   1   9
        0.40000        0.01263   1  10
        0.40000        0.06447   1  11
        0.40000        0.16799   1  12
        0.40000        1.44517   1  13
        0.40000        1.44520   1  14
        0.40000        1.53080   1  15
        0.40000        1.53089   1  16
        0.40000        1.58947   1  17
        0.40000        1.62624   1  18
        0.45000       -0.35202   1   1
        0.45000       -0.31209   1   2
        0.45000       -0.16385   1   3
        0.45000       -0.12305   1   4
        0.45000       -0.12296   1   5
        0.45000       -0.07452   1   6
        0.45000       -0.01384   1   7
        0.45000        0.00947   1   8
        0.45000        0.01696   1   9
        0.45000        0.01785   1  10
        0.45000        0.07825   1  11
        0.45000        0.17770   1  12
        0.45000        1.36457   1  13
        0.45000        1.36459   1  14
        0.45000        1.43470   1  15
        0.45000        1.43474   1  16
        0.45000        1.51198   1  17
        0.45000        1.55247   1  18
        0.50000       -0.31608   1   1
        0.50000       -0.26450   1   2
        0.50000       -0.18524   1   3
        0.50000       -0.11379   1   4
        0.50000       -0.11372   1   5
        0.50000       -0.06140   1   6
        0.50000       -0.03852   1   7
        0.50000        0.02566   1   8
        0.50000        0.02641   1   9
        0.50000        0.03900   1  10
        0.50000        0.09202   1  11
        0.50000        0.19438   1  12
        0.50000        1.27684   1  13
        0.50000        1.27685   1  14
        0.50000        1.33390   1  15
        0.50000        1.33391   1  16
        0.50000        1.45038   1  17
        0.50000        1.48833   1  18
        0.55000       -0.29138   1   1
        0.55000       -0.22448   1   2
        0.55000       -0.20654   1   3
        0.55000       -0.10209   1   4
        0.55000       -0.10200   1   5
        0.55000       -0.06376   1   6
        0.55000       -0.04690   1   7
        0.55000        0.03810   1   8
        0.55000        0.03838   1   9
        0.55000        0.07953   1  10
        0.55000        0.10564   1  11
        0.55000        0.22054   1  12
        0.55000        1.18473   1  13
        0.55000        1.18474   1  14
        0.55000        1.23502   1  15
        0.55000        1.23503   1  16
        0.55000        1.40244   1  17
        0.55000        1.43846   1  18
        0.60000       -0.27892   1   1
        0.60000       -0.22709   1   2
        0.60000       -0.19756   1   3
        0.60000       -0.08897   1   4
        0.60000       -0.08767   1   5
        0.60000       -0.08588   1   6
        0.60000       -0.03390   1   7
        0.60000        0.05326   1   8
        0.60000        0.05344   1   9
        0.60000        0.11933   1  10
        0.60000        0.12879   1  11
        0.60000        0.25472   1  12
        0.60000        1.09832   1  13
        0.60000        1.09832   1  14
        0.60000        1.14755   1  15
        0.60000        1.14756   1  16
        0.60000        1.36322   1  17
        0.60000        1.40428   1  18
        0.65000       -0.27551   1   1
        0.65000       -0.24633   1   2
        0.65000       -0.18236   1   3
        0.65000       -0.11010   1   4
        0.65000       -0.07108   1   5
        0.65000       -0.07104   1   6
        0.65000       -0.02118   1   7
        0.65000        0.07152   1   8
        0.65000        0.07166   1   9
        0.65000        0.13347   1  10
        0.65000        0.18808   1  11
        0.65000        0.29782   1  12
        0.65000        1.02109   1  13
        0.65000        1.02109   1  14
        0.65000        1.07193   1  15
        0.65000        1.07194   1  16
        0.65000        1.33865   1  17
        0.65000        1.39057   1  18
        0.70000       -0.27865   1   1
        0.70000       -0.26385   1   2
        0.70000       -0.17509   1   3
        0.70000       -0.13160   1   4
        0.70000       -0.05293   1   5
        0.70000       -0.05292   1   6
        0.70000       -0.00934   1   7
        0.70000        0.09231   1   8
        0.70000        0.09245   1   9
        0.70000        0.14791   1  10
        0.70000        0.26586   1  11
        0.70000        0.35686   1  12
        0.70000        0.94996   1  13
        0.70000        0.94996   1  14
        0.70000        1.00193   1  15
        0.70000        1.00193   1  16
        0.70000        1.34738   1  17
        0.70000        1.40972   1  18
        0.75000       -0.28628   1   1
        0.75000       -0.27934   1   2
        0.75000       -0.17382   1   3
        0.75000       -0.15074   1   4
        0.75000       -0.03402   1   5
        0.75000       -0.03402   1   6
        0.75000        0.00128   1   7
        0.75000        0.11479   1   8
        0.75000        0.11495   1   9
        0.75000        0.16146   1  10
        0.75000        0.36044   1  11
        0.75000        0.43488   1  12
        0.75000        0.88350   1  13
        0.75000        0.88350   1  14
        0.75000        0.93418   1  15
        0.75000        0.93418   1  16
        0.75000        1.40305   1  17
        0.75000        1.46826   1  18
        0.80000       -0.29552   1   1
        0.80000       -0.29253   1   2
        0.80000       -0.17735   1   3
        0.80000       -0.16666   1   4
        0.80000       -0.01539   1   5
        0.80000       -0.01537   1   6
        0.80000        0.01041   1   7
        0.80000        0.13791   1   8
        0.80000        0.13811   1   9
        0.80000        0.17268   1  10
        0.80000        0.45736   1  11
        0.80000        0.52240   1  12
        0.80000        0.82488   1  13
        0.80000        0.82490   1  14
        0.80000        0.87178   1  15
        0.80000        0.87178   1  16
        0.80000        1.48245   1  17
        0.80000        1.54127   1  18
        0.85000       -0.30398   1   1
        0.85000       -0.30313   1   2
        0.85000       -0.18346   1   3
        0.85000       -0.17898   1   4
        0.85000        0.00161   1   5
        0.85000        0.00167   1   6
        0.85000        0.01783   1   7
        0.85000        0.15960   1   8
        0.85000        0.15992   1   9
        0.85000        0.18108   1  10
        0.85000        0.54521   1  11
        0.85000        0.60537   1  12
        0.85000        0.77789   1  13
        0.85000        0.77794   1  14
        0.85000        0.82017   1  15
        0.85000        0.82019   1  16
        0.85000        1.53547   1  17
        0.85000        1.58736   1  18
        0.90000       -0.31088   1   1
        0.90000       -0.31078   1   2
        0.90000       -0.18946   1   3
        0.90000       -0.18774   1   4
        0.90000        0.01534   1   5
        0.90000        0.01549   1   6
        0.90000        0.02340   1   7
        0.90000        0.17656   1   8
        0.90000        0.17725   1   9
        0.90000        0.18712   1  10
        0.90000        0.62288   1  11
        0.90000        0.67564   1  12
        0.90000        0.74377   1  13
        0.90000        0.74404   1  14
        0.90000        0.78260   1  15
        0.90000        0.78267   1  16
        0.90000        1.53945   1  17
        0.90000        1.59170   1  18
        0.95000       -0.31559   1   1
        0.95000       -0.31544   1   2
        0.95000       -0.19345   1   3
        0.95000       -0.19302   1   4
        0.95000        0.02403   1   5
        0.95000        0.02455   1   6
        0.95000        0.02716   1   7
        0.95000        0.18600   1   8
        0.95000        0.18772   1   9
        0.95000        0.19159   1  10
        0.95000        0.68590   1  11
        0.95000        0.71734   1  12
        0.95000        0.72343   1  13
        0.95000        0.73328   1  14
        0.95000        0.76004   1  15
        0.95000        0.76052   1  16
        0.95000        1.51223   1  17
        0.95000        1.57119   1  18
        1.00000       -0.31717   1   1
        1.00000       -0.31716   1   2
        1.00000       -0.19480   1   3
        1.00000       -0.19480   1   4
        1.00000        0.02655   1   5
        1.00000        0.02772   1   6
        1.00000        0.02896   1   7
        1.00000        0.18849   1   8
        1.00000        0.19110   1   9
        1.00000        0.19365   1  10
        1.00000        0.70704   1  11
        1.00000        0.71294   1  12
        1.00000        0.72234   1  13
        1.00000        0.74713   1  14
        1.00000        0.75281   1  15
        1.00000        0.75729   1  16
        1.00000        1.49462   1  17
        1.00000        1.55815   1  18
        1.00000       -0.31717   1   1
        1.00000       -0.31716   1   2
        1.00000       -0.19480   1   3
        1.00000       -0.19480   1   4
        1.00000        0.02655   1   5
        1.00000        0.02772   1   6
        1.00000        0.02896   1   7
        1.00000        0.18849   1   8
        1.00000        0.19110   1   9
        1.00000        0.19365   1  10
        1.00000        0.70704   1  11
        1.00000        0.71294   1  12
        1.00000        0.72234   1  13
        1.00000        0.74713   1  14
        1.00000        0.75281   1  15
        1.00000        0.75729   1  16
        1.00000        1.49462   1  17
        1.00000        1.55815   1  18
        1.05051       -0.31553   1   1
        1.05051       -0.31542   1   2
        1.05051       -0.19331   1   3
        1.05051       -0.19310   1   4
        1.05051        0.02279   1   5
        1.05051        0.02446   1   6
        1.05051        0.02833   1   7
        1.05051        0.18507   1   8
        1.05051        0.18760   1   9
        1.05051        0.19238   1  10
        1.05051        0.69675   1  11
        1.05051        0.71111   1  12
        1.05051        0.71878   1  13
        1.05051        0.74145   1  14
        1.05051        0.74982   1  15
        1.05051        0.76003   1  16
        1.05051        1.51388   1  17
        1.05051        1.57270   1  18
        1.10102       -0.31081   1   1
        1.10102       -0.31036   1   2
        1.10102       -0.18873   1   3
        1.10102       -0.18812   1   4
        1.10102        0.00966   1   5
        1.10102        0.01487   1   6
        1.10102        0.02892   1   7
        1.10102        0.17043   1   8
        1.10102        0.17616   1   9
        1.10102        0.19238   1  10
        1.10102        0.66667   1  11
        1.10102        0.68607   1  12
        1.10102        0.71172   1  13
        1.10102        0.73155   1  14
        1.10102        0.74792   1  15
        1.10102        0.78299   1  16
        1.10102        1.55519   1  17
        1.10102        1.60789   1  18
        1.15152       -0.30361   1   1
        1.15152       -0.30227   1   2
        1.15152       -0.18099   1   3
        1.15152       -0.18039   1   4
        1.15152       -0.01044   1   5
        1.15152       -0.00032   1   6
        1.15152        0.02996   1   7
        1.15152        0.14536   1   8
        1.15152        0.15598   1   9
        1.15152        0.19346   1  10
        1.15152        0.62053   1  11
        1.15152        0.66258   1  12
        1.15152        0.67329   1  13
        1.15152        0.71466   1  14
        1.15152        0.78115   1  15
        1.15152        0.82177   1  16
        1.15152        1.58789   1  17
        1.15152        1.64558   1  18
        1.20203       -0.29481   1   1
        1.20203       -0.29115   1   2
        1.20203       -0.17115   1   3
        1.20203       -0.17025   1   4
        1.20203       -0.03523   1   5
        1.20203       -0.01952   1   6
        1.20203        0.03122   1   7
        1.20203        0.11441   1   8
        1.20203        0.12996   1   9
        1.20203        0.19515   1  10
        1.20203        0.56724   1  11
        1.20203        0.62440   1  12
        1.20203        0.64409   1  13
        1.20203        0.70119   1  14
        1.20203        0.82811   1  15
        1.20203        0.87409   1  16
        1.20203        1.59319   1  17
        1.20203        1.66884   1  18
        1.25254       -0.28572   1   1
        1.25254       -0.27666   1   2
        1.25254       -0.16241   1   3
        1.25254       -0.15664   1   4
        1.25254       -0.06255   1   5
        1.25254       -0.04017   1   6
        1.25254        0.03279   1   7
        1.25254        0.08236   1   8
        1.25254        0.10431   1   9
        1.25254        0.19726   1  10
        1.25254        0.51100   1  11
        1.25254        0.57270   1  12
        1.25254        0.62754   1  13
        1.25254        0.69060   1  14
        1.25254        0.88528   1  15
        1.25254        0.93504   1  16
        1.25254        1.57092   1  17
        1.25254        1.66541   1  18
        1.30305       -0.27835   1   1
        1.30305       -0.25854   1   2
        1.30305       -0.15684   1   3
        1.30305       -0.13979   1   4
        1.30305       -0.09059   1   5
        1.30305       -0.05914   1   6
        1.30305        0.03484   1   7
        1.30305        0.05141   1   8
        1.30305        0.08433   1   9
        1.30305        0.19952   1  10
        1.30305        0.45092   1  11
        1.30305        0.51985   1  12
        1.30305        0.60734   1  13
        1.30305        0.67894   1  14
        1.30305        0.94751   1  15
        1.30305        0.99831   1  16
        1.30305        1.53282   1  17
        1.30305        1.62884   1  18
        1.35355       -0.27524   1   1
        1.35355       -0.23700   1   2
        1.35355       -0.15737   1   3
        1.35355       -0.11967   1   4
        1.35355       -0.11738   1   5
        1.35355       -0.07317   1   6
        1.35355        0.02201   1   7
        1.35355        0.03730   1   8
        1.35355        0.07290   1   9
        1.35355        0.20171   1  10
        1.35355        0.38657   1  11
        1.35355        0.46411   1  12
        1.35355        0.58126   1  13
        1.35355        0.66367   1  14
        1.35355        1.00970   1  15
        1.35355        1.06018   1  16
        1.35355        1.48954   1  17
        1.35355        1.56508   1  18
        1.40406       -0.27834   1   1
        1.40406       -0.21241   1   2
        1.40406       -0.16548   1   3
        1.40406       -0.14329   1   4
        1.40406       -0.09493   1   5
        1.40406       -0.07978   1   6
        1.40406       -0.00555   1   7
        1.40406        0.03980   1   8
        1.40406        0.07095   1   9
        1.40406        0.20382   1  10
        1.40406        0.32189   1  11
        1.40406        0.40606   1  12
        1.40406        0.55724   1  13
        1.40406        0.64918   1  14
        1.40406        1.07254   1  15
        1.40406        1.12336   1  16
        1.40406        1.44262   1  17
        1.40406        1.49413   1  18
        1.45457       -0.28719   1   1
        1.45457       -0.18495   1   2
        1.45457       -0.17947   1   3
        1.45457       -0.16597   1   4
        1.45457       -0.07865   1   5
        1.45457       -0.06808   1   6
        1.45457       -0.03042   1   7
        1.45457        0.04189   1   8
        1.45457        0.07706   1   9
        1.45457        0.20600   1  10
        1.45457        0.26280   1  11
        1.45457        0.35050   1  12
        1.45457        0.54643   1  13
        1.45457        0.64330   1  14
        1.45457        1.14299   1  15
        1.45457        1.19465   1  16
        1.45457        1.39472   1  17
        1.45457        1.43471   1  18
        1.50508       -0.29909   1   1
        1.50508       -0.19558   1   2
        1.50508       -0.18530   1   3
        1.50508       -0.15458   1   4
        1.50508       -0.07222   1   5
        1.50508       -0.05144   1   6
        1.50508       -0.03974   1   7
        1.50508        0.04343   1   8
        1.50508        0.08806   1   9
        1.50508        0.20781   1  10
        1.50508        0.21194   1  11
        1.50508        0.30172   1  12
        1.50508        0.54974   1  13
        1.50508        0.64746   1  14
        1.50508        1.22527   1  15
        1.50508        1.27622   1  16
        1.50508        1.35609   1  17
        1.50508        1.39324   1  18
        1.55558       -0.31116   1   1
        1.55558       -0.21072   1   2
        1.55558       -0.20086   1   3
        1.55558       -0.12156   1   4
        1.55558       -0.07004   1   5
        1.55558       -0.06175   1   6
        1.55558       -0.01029   1   7
        1.55558        0.04459   1   8
        1.55558        0.10065   1   9
        1.55558        0.16448   1  10
        1.55558        0.21031   1  11
        1.55558        0.25872   1  12
        1.55558        0.55669   1  13
        1.55558        0.65418   1  14
        1.55558        1.31129   1  15
        1.55558        1.33307   1  16
        1.55558        1.36034   1  17
        1.55558        1.36763   1  18
        1.60609       -0.32138   1   1
        1.60609       -0.22307   1   2
        1.60609       -0.21232   1   3
        1.60609       -0.08722   1   4
        1.60609       -0.08119   1   5
        1.60609       -0.05460   1   6
        1.60609        0.02090   1   7
        1.60609        0.04563   1   8
        1.60609        0.11202   1   9
        1.60609        0.11761   1  10
        1.60609        0.21165   1  11
        1.60609        0.21658   1  12
        1.60609        0.55650   1  13
        1.60609        0.65514   1  14
        1.60609        1.32476   1  15
        1.60609        1.35188   1  16
        1.60609        1.38409   1  17
        1.60609        1.42966   1  18
        1.65660       -0.32826   1   1
        1.65660       -0.23123   1   2
        1.65660       -0.21939   1   3
        1.65660       -0.08888   1   4
        1.65660       -0.05387   1   5
        1.65660       -0.04903   1   6
        1.65660        0.04632   1   7
        1.65660        0.05443   1   8
        1.65660        0.07328   1   9
        1.65660        0.11984   1  10
        1.65660        0.17330   1  11
        1.65660        0.21232   1  12
        1.65660        0.54988   1  13
        1.65660        0.65073   1  14
        1.65660        1.32222   1  15
        1.65660        1.34406   1  16
        1.65660        1.42767   1  17
        1.65660        1.47366   1  18
        1.70711       -0.33068   1   1
        1.70711       -0.23409   1   2
        1.70711       -0.22179   1   3
        1.70711       -0.09137   1   4
        1.70711       -0.04756   1   5
        1.70711       -0.03504   1   6
        1.70711        0.04672   1   7
        1.70711        0.05010   1   8
        1.70711        0.07646   1   9
        1.70711        0.12245   1  10
        1.70711        0.14682   1  11
        1.70711        0.21249   1  12
        1.70711        0.54599   1  13
        1.70711        0.64798   1  14
        1.70711        1.32157   1  15
        1.70711        1.34140   1  16
        1.70711        1.44159   1  17
        1.70711        1.48830   1  18
        1.70711       -0.33068   1   1
        1.70711       -0.23409   1   2
        1.70711       -0.22179   1   3
        1.70711       -0.09137   1   4
        1.70711       -0.04756   1   5
        1.70711       -0.03504   1   6
        1.70711        0.04672   1   7
        1.70711        0.05010   1   8
        1.70711        0.07646   1   9
        1.70711        0.12245   1  10
        1.70711        0.14682   1  11
        1.70711        0.21249   1  12
        1.70711        0.54599   1  13
        1.70711        0.64798   1  14
        1.70711        1.32157   1  15
        1.70711        1.34140   1  16
        1.70711        1.44159   1  17
        1.70711        1.48830   1  18
        1.75761       -0.33139   1   1
        1.75761       -0.23694   1   2
        1.75761       -0.22090   1   3
        1.75761       -0.09030   1   4
        1.75761       -0.04872   1   5
        1.75761       -0.03539   1   6
        1.75761        0.02501   1   7
        1.75761        0.04357   1   8
        1.75761        0.05947   1   9
        1.75761        0.12290   1  10
        1.75761        0.14646   1  11
        1.75761        0.21033   1  12
        1.75761        0.57660   1  13
        1.75761        0.67133   1  14
        1.75761        1.32462   1  15
        1.75761        1.34511   1  16
        1.75761        1.44792   1  17
        1.75761        1.49502   1  18
        1.80812       -0.33355   1   1
        1.80812       -0.24541   1   2
        1.80812       -0.21826   1   3
        1.80812       -0.08721   1   4
        1.80812       -0.05379   1   5
        1.80812       -0.03638   1   6
        1.80812       -0.01738   1   7
        1.80812        0.02835   1   8
        1.80812        0.03528   1   9
        1.80812        0.12212   1  10
        1.80812        0.14539   1  11
        1.80812        0.20226   1  12
        1.80812        0.64372   1  13
        1.80812        0.72793   1  14
        1.80812        1.33591   1  15
        1.80812        1.35775   1  16
        1.80812        1.46901   1  17
        1.80812        1.51728   1  18
        1.85863       -0.33729   1   1
        1.85863       -0.25906   1   2
        1.85863       -0.21400   1   3
        1.85863       -0.08246   1   4
        1.85863       -0.06989   1   5
        1.85863       -0.04144   1   6
        1.85863       -0.03672   1   7
        1.85863        0.00544   1   8
        1.85863        0.02177   1   9
        1.85863        0.11985   1  10
        1.85863        0.14379   1  11
        1.85863        0.18576   1  12
        1.85863        0.72372   1  13
        1.85863        0.80260   1  14
        1.85863        1.36335   1  15
        1.85863        1.38674   1  16
        1.85863        1.50872   1  17
        1.85863        1.55857   1  18
        1.90914       -0.34445   1   1
        1.90914       -0.27930   1   2
        1.90914       -0.20829   1   3
        1.90914       -0.09566   1   4
        1.90914       -0.07581   1   5
        1.90914       -0.04961   1   6
        1.90914       -0.03842   1   7
        1.90914       -0.01074   1   8
        1.90914        0.00488   1   9
        1.90914        0.11661   1  10
        1.90914        0.14180   1  11
        1.90914        0.16209   1  12
        1.90914        0.81774   1  13
        1.90914        0.89480   1  14
        1.90914        1.41963   1  15
        1.90914        1.44627   1  16
        1.90914        1.56715   1  17
        1.90914        1.61798   1  18
        1.95964       -0.36021   1   1
        1.95964       -0.30996   1   2
        1.95964       -0.20136   1   3
        1.95964       -0.12298   1   4
        1.95964       -0.06825   1   5
        1.95964       -0.05486   1   6
        1.95964       -0.03996   1   7
        1.95964       -0.02299   1   8
        1.95964       -0.01442   1   9
        1.95964        0.11295   1  10
        1.95964        0.13690   1  11
        1.95964        0.13955   1  12
        1.95964        0.92892   1  13
        1.95964        1.00307   1  14
        1.95964        1.51058   1  15
        1.95964        1.54427   1  16
        1.95964        1.63810   1  17
        1.95964        1.68878   1  18
        2.01015       -0.38979   1   1
        2.01015       -0.35127   1   2
        2.01015       -0.19349   1   3
        2.01015       -0.14422   1   4
        2.01015       -0.06236   1   5
        2.01015       -0.05587   1   6
        2.01015       -0.04174   1   7
        2.01015       -0.03730   1   8
        2.01015       -0.02624   1   9
        2.01015        0.10958   1  10
        2.01015        0.11440   1  11
        2.01015        0.13721   1  12
        2.01015        1.05282   1  13
        2.01015        1.11912   1  14
        2.01015        1.62219   1  15
        2.01015        1.66557   1  16
        2.01015        1.71372   1  17
        2.01015        1.76482   1  18
        2.06066       -0.43087   1   1
        2.06066       -0.39710   1   2
        2.06066       -0.18501   1   3
        2.06066       -0.15410   1   4
        2.06066       -0.06366   1   5
        2.06066       -0.05855   1   6
        2.06066       -0.04792   1   7
        2.06066       -0.04342   1   8
        2.06066       -0.02407   1   9
        2.06066        0.09424   1  10
        2.06066        0.10722   1  11
        2.06066        0.13500   1  12
        2.06066        1.18909   1  13
        2.06066        1.24442   1  14
        2.06066        1.72900   1  15
        2.06066        1.77885   1  16
        2.06066        1.79291   1  17
        2.06066        1.84639   1  18
        2.11117       -0.47351   1   1
        2.11117       -0.44017   1   2
        2.11117       -0.17631   1   3
        2.11117       -0.15501   1   4
        2.11117       -0.07909   1   5
        2.11117       -0.06483   1   6
        2.11117       -0.04574   1   7
        2.11117       -0.03752   1   8
        2.11117       -0.01780   1   9
        2.11117        0.07428   1  10
        2.11117        0.10671   1  11
        2.11117        0.13312   1  12
        2.11117        1.35580   1  13
        2.11117        1.40555   1  14
        2.11117        1.81959   1  15
        2.11117        1.86799   1  16
        2.11117        1.88110   1  17
        2.11117        1.93870   1  18
        2.16168       -0.50918   1   1
        2.16168       -0.47673   1   2
        2.16168       -0.16788   1   3
        2.16168       -0.15179   1   4
        2.16168       -0.09771   1   5
        2.16168       -0.06415   1   6
        2.16168       -0.04689   1   7
        2.16168       -0.02799   1   8
        2.16168       -0.01141   1   9
        2.16168        0.05375   1  10
        2.16168        0.10862   1  11
        2.16168        0.13162   1  12
        2.16168        1.57462   1  13
        2.16168        1.63095   1  14
        2.16168        1.90411   1  15
        2.16168        1.95390   1  16
        2.16168        1.97373   1  17
        2.16168        2.04327   1  18
        2.21218       -0.53679   1   1
        2.21218       -0.50717   1   2
        2.21218       -0.16021   1   3
        2.21218       -0.14817   1   4
        2.21218       -0.11377   1   5
        2.21218       -0.06144   1   6
        2.21218       -0.04763   1   7
        2.21218       -0.01910   1   8
        2.21218       -0.00672   1   9
        2.21218        0.03412   1  10
        2.21218        0.11277   1  11
        2.21218        0.13046   1  12
        2.21218        1.81925   1  13
        2.21218        1.88556   1  14
        2.21218        1.99962   1  15
        2.21218        2.04124   1  16
        2.21218        2.08626   1  17
        2.21218        2.15190   1  18
        2.26269       -0.55923   1   1
        2.26269       -0.53225   1   2
        2.26269       -0.15378   1   3
        2.26269       -0.14585   1   4
        2.26269       -0.12686   1   5
        2.26269       -0.05739   1   6
        2.26269       -0.04813   1   7
        2.26269       -0.01151   1   8
        2.26269       -0.00377   1   9
        2.26269        0.01794   1  10
        2.26269        0.11816   1  11
        2.26269        0.12960   1  12
        2.26269        2.03280   1  13
        2.26269        2.09936   1  14
        2.26269        2.11365   1  15
        2.26269        2.15102   1  16
        2.26269        2.19971   1  17
        2.26269        2.25338   1  18
        2.31320       -0.57733   1   1
        2.31320       -0.55108   1   2
        2.31320       -0.14901   1   3
        2.31320       -0.14493   1   4
        2.31320       -0.13652   1   5
        2.31320       -0.05330   1   6
        2.31320       -0.04856   1   7
        2.31320       -0.00588   1   8
        2.31320       -0.00211   1   9
        2.31320        0.00708   1  10
        2.31320        0.12341   1  11
        2.31320        0.12904   1  12
        2.31320        2.19742   1  13
        2.31320        2.23509   1  14
        2.31320        2.25509   1  15
        2.31320        2.28000   1  16
        2.31320        2.29526   1  17
        2.31320        2.34094   1  18
        2.36371       -0.58962   1   1
        2.36371       -0.56256   1   2
        2.36371       -0.14642   1   3
        2.36371       -0.14479   1   4
        2.36371       -0.14213   1   5
        2.36371       -0.05040   1   6
        2.36371       -0.04892   1   7
        2.36371       -0.00301   1   8
        2.36371       -0.00134   1   9
        2.36371        0.00194   1  10
        2.36371        0.12718   1  11
        2.36371        0.12874   1  12
        2.36371        2.31210   1  13
        2.36371        2.33549   1  14
        2.36371        2.34226   1  15
        2.36371        2.37983   1  16
        2.36371        2.39347   1  17
        2.36371        2.40672   1  18
        2.41421       -0.59403   1   1
        2.41421       -0.56636   1   2
        2.41421       -0.14629   1   3
        2.41421       -0.14482   1   4
        2.41421       -0.14328   1   5
        2.41421       -0.04936   1   6
        2.41421       -0.04907   1   7
        2.41421       -0.00280   1   8
        2.41421       -0.00113   1   9
        2.41421        0.00119   1  10
        2.41421        0.12855   1  11
        2.41421        0.12865   1  12
        2.41421        2.35452   1  13
        2.41421        2.36377   1  14
        2.41421        2.37750   1  15
        2.41421        2.42386   1  16
        2.41421        2.43288   1  17
        2.41421        2.44014   1  18
        2.41421       -0.59403   1   1
        2.41421       -0.56636   1   2
        2.41421       -0.14629   1   3
        2.41421       -0.14482   1   4
        2.41421       -0.14328   1   5
        2.41421       -0.04936   1   6
        2.41421       -0.04907   1   7
        2.41421       -0.00280   1   8
        2.41421       -0.00113   1   9
        2.41421        0.00119   1  10
        2.41421        0.12855   1  11
        2.41421        0.12865   1  12
        2.41421        2.35452   1  13
        2.41421        2.36377   1  14
        2.41421        2.37750   1  15
        2.41421        2.42386   1  16
        2.41421        2.43288   1  17
        2.41421        2.44014   1  18
        2.46516       -0.58954   1   1
        2.46516       -0.56249   1   2
        2.46516       -0.14653   1   3
        2.46516       -0.14490   1   4
        2.46516       -0.14189   1   5
        2.46516       -0.04981   1   6
        2.46516       -0.04952   1   7
        2.46516       -0.00320   1   8
        2.46516       -0.00126   1   9
        2.46516        0.00204   1  10
        2.46516        0.12789   1  11
        2.46516        0.12802   1  12
        2.46516        2.31738   1  13
        2.46516        2.32938   1  14
        2.46516        2.34286   1  15
        2.46516        2.38354   1  16
        2.46516        2.39280   1  17
        2.46516        2.40010   1  18
        2.51610       -0.57693   1   1
        2.51610       -0.55068   1   2
        2.51610       -0.14849   1   3
        2.51610       -0.14694   1   4
        2.51610       -0.13501   1   5
        2.51610       -0.05107   1   6
        2.51610       -0.05072   1   7
        2.51610       -0.00572   1   8
        2.51610       -0.00374   1   9
        2.51610        0.00849   1  10
        2.51610        0.12609   1  11
        2.51610        0.12642   1  12
        2.51610        2.20967   1  13
        2.51610        2.24377   1  14
        2.51610        2.25575   1  15
        2.51610        2.28301   1  16
        2.51610        2.29540   1  17
        2.51610        2.30239   1  18
        2.56704       -0.55784   1   1
        2.56704       -0.53117   1   2
        2.56704       -0.15224   1   3
        2.56704       -0.15091   1   4
        2.56704       -0.12339   1   5
        2.56704       -0.05280   1   6
        2.56704       -0.05229   1   7
        2.56704       -0.01053   1   8
        2.56704       -0.00882   1   9
        2.56704        0.02149   1  10
        2.56704        0.12380   1  11
        2.56704        0.12447   1  12
        2.56704        2.06278   1  13
        2.56704        2.11953   1  14
        2.56704        2.12928   1  15
        2.56704        2.15431   1  16
        2.56704        2.16745   1  17
        2.56704        2.17344   1  18
        2.61798       -0.53304   1   1
        2.61798       -0.50511   1   2
        2.61798       -0.15794   1   3
        2.61798       -0.15690   1   4
        2.61798       -0.10741   1   5
        2.61798       -0.05438   1   6
        2.61798       -0.05363   1   7
        2.61798       -0.01768   1   8
        2.61798       -0.01634   1   9
        2.61798        0.04029   1  10
        2.61798        0.12182   1  11
        2.61798        0.12291   1  12
        2.61798        1.90395   1  13
        2.61798        1.95096   1  14
        2.61798        1.95802   1  15
        2.61798        2.00313   1  16
        2.61798        2.01002   1  17
        2.61798        2.01515   1  18
        2.66893       -0.50223   1   1
        2.66893       -0.47369   1   2
        2.66893       -0.16558   1   3
        2.66893       -0.16485   1   4
        2.66893       -0.08683   1   5
        2.66893       -0.05518   1   6
        2.66893       -0.05413   1   7
        2.66893       -0.02691   1   8
        2.66893       -0.02595   1   9
        2.66893        0.06283   1  10
        2.66893        0.12078   1  11
        2.66893        0.12229   1  12
        2.66893        1.73247   1  13
        2.66893        1.73756   1  14
        2.66893        1.75246   1  15
        2.66893        1.80787   1  16
        2.66893        1.81225   1  17
        2.66893        1.84492   1  18
        2.71987       -0.46542   1   1
        2.71987       -0.43721   1   2
        2.71987       -0.17471   1   3
        2.71987       -0.17426   1   4
        2.71987       -0.06141   1   5
        2.71987       -0.05490   1   6
        2.71987       -0.05343   1   7
        2.71987       -0.03760   1   8
        2.71987       -0.03697   1   9
        2.71987        0.08736   1  10
        2.71987        0.12098   1  11
        2.71987        0.12286   1  12
        2.71987        1.50688   1  13
        2.71987        1.51130   1  14
        2.71987        1.58763   1  15
        2.71987        1.59340   1  16
        2.71987        1.61467   1  17
        2.71987        1.68393   1  18
        2.77081       -0.42406   1   1
        2.77081       -0.39491   1   2
        2.77081       -0.18455   1   3
        2.77081       -0.18431   1   4
        2.77081       -0.05482   1   5
        2.77081       -0.05275   1   6
        2.77081       -0.04905   1   7
        2.77081       -0.04776   1   8
        2.77081       -0.02990   1   9
        2.77081        0.11472   1  10
        2.77081        0.12257   1  11
        2.77081        0.12475   1  12
        2.77081        1.34025   1  13
        2.77081        1.34417   1  14
        2.77081        1.41211   1  15
        2.77081        1.41638   1  16
        2.77081        1.49098   1  17
        2.77081        1.54647   1  18
        2.82175       -0.38042   1   1
        2.82175       -0.34682   1   2
        2.82175       -0.19425   1   3
        2.82175       -0.19417   1   4
        2.82175       -0.06266   1   5
        2.82175       -0.06202   1   6
        2.82175       -0.04994   1   7
        2.82175       -0.04898   1   8
        2.82175        0.00441   1   9
        2.82175        0.12473   1  10
        2.82175        0.12714   1  11
        2.82175        0.15037   1  12
        2.82175        1.24600   1  13
        2.82175        1.24966   1  14
        2.82175        1.30100   1  15
        2.82175        1.30491   1  16
        2.82175        1.37930   1  17
        2.82175        1.43361   1  18
        2.87270       -0.33658   1   1
        2.87270       -0.29575   1   2
        2.87270       -0.20319   1   3
        2.87270       -0.20317   1   4
        2.87270       -0.07364   1   5
        2.87270       -0.07341   1   6
        2.87270       -0.04756   1   7
        2.87270       -0.04642   1   8
        2.87270        0.04237   1   9
        2.87270        0.12810   1  10
        2.87270        0.13063   1  11
        2.87270        0.19386   1  12
        2.87270        1.18192   1  13
        2.87270        1.18555   1  14
        2.87270        1.22582   1  15
        2.87270        1.22973   1  16
        2.87270        1.27639   1  17
        2.87270        1.33198   1  18
        2.92364       -0.29471   1   1
        2.92364       -0.24617   1   2
        2.92364       -0.21093   1   3
        2.92364       -0.21085   1   4
        2.92364       -0.08376   1   5
        2.92364       -0.08368   1   6
        2.92364       -0.04479   1   7
        2.92364       -0.04360   1   8
        2.92364        0.08728   1   9
        2.92364        0.13190   1  10
        2.92364        0.13449   1  11
        2.92364        0.23926   1  12
        2.92364        1.11475   1  13
        2.92364        1.11851   1  14
        2.92364        1.15668   1  15
        2.92364        1.16089   1  16
        2.92364        1.18409   1  17
        2.92364        1.23049   1  18
        2.97458       -0.25803   1   1
        2.97458       -0.21704   1   2
        2.97458       -0.21691   1   3
        2.97458       -0.20120   1   4
        2.97458       -0.09236   1   5
        2.97458       -0.09226   1   6
        2.97458       -0.04199   1   7
        2.97458       -0.04083   1   8
        2.97458        0.13575   1   9
        2.97458        0.13763   1  10
        2.97458        0.14686   1  11
        2.97458        0.28219   1  12
        2.97458        1.03783   1  13
        2.97458        1.04178   1  14
        2.97458        1.08379   1  15
        2.97458        1.08833   1  16
        2.97458        1.10235   1  17
        2.97458        1.12973   1  18
        3.02553       -0.23011   1   1
        3.02553       -0.22117   1   2
        3.02553       -0.22104   1   3
        3.02553       -0.16264   1   4
        3.02553       -0.09897   1   5
        3.02553       -0.09884   1   6
        3.02553       -0.03934   1   7
        3.02553       -0.03826   1   8
        3.02553        0.13944   1   9
        3.02553        0.14163   1  10
        3.02553        0.21782   1  11
        3.02553        0.32793   1  12
        3.02553        0.95908   1  13
        3.02553        0.96315   1  14
        3.02553        1.01034   1  15
        3.02553        1.01486   1  16
        3.02553        1.02731   1  17
        3.02553        1.03854   1  18
        3.07647       -0.22313   1   1
        3.07647       -0.22305   1   2
        3.07647       -0.21180   1   3
        3.07647       -0.13224   1   4
        3.07647       -0.10330   1   5
        3.07647       -0.10318   1   6
        3.07647       -0.03703   1   7
        3.07647       -0.03607   1   8
        3.07647        0.14264   1   9
        3.07647        0.14460   1  10
        3.07647        0.28865   1  11
        3.07647        0.38432   1  12
        3.07647        0.88690   1  13
        3.07647        0.89094   1  14
        3.07647        0.94152   1  15
        3.07647        0.94593   1  16
        3.07647        0.95513   1  17
        3.07647        0.96372   1  18
        3.12741       -0.22287   1   1
        3.12741       -0.22285   1   2
        3.12741       -0.20177   1   3
        3.12741       -0.11161   1   4
        3.12741       -0.10538   1   5
        3.12741       -0.10530   1   6
        3.12741       -0.03518   1   7
        3.12741       -0.03440   1   8
        3.12741        0.14528   1   9
        3.12741        0.14690   1  10
        3.12741        0.35616   1  11
        3.12741        0.45485   1  12
        3.12741        0.82261   1  13
        3.12741        0.82650   1  14
        3.12741        0.87909   1  15
        3.12741        0.88340   1  16
        3.12741        0.88728   1  17
        3.12741        0.90598   1  18
        3.17835       -0.22070   1   1
        3.17835       -0.22057   1   2
        3.17835       -0.19891   1   3
        3.17835       -0.10556   1   4
        3.17835       -0.10553   1   5
        3.17835       -0.10077   1   6
        3.17835       -0.03386   1   7
        3.17835       -0.03329   1   8
        3.17835        0.14738   1   9
        3.17835        0.14854   1  10
        3.17835        0.43346   1  11
        3.17835        0.53754   1  12
        3.17835        0.76208   1  13
        3.17835        0.76572   1  14
        3.17835        0.82217   1  15
        3.17835        0.82586   1  16
        3.17835        0.82948   1  17
        3.17835        0.86326   1  18
        3.22930       -0.21691   1   1
        3.22930       -0.21663   1   2
        3.22930       -0.20268   1   3
        3.22930       -0.10430   1   4
        3.22930       -0.10419   1   5
        3.22930       -0.09813   1   6
        3.22930       -0.03305   1   7
        3.22930       -0.03274   1   8
        3.22930        0.14888   1   9
        3.22930        0.14951   1  10
        3.22930        0.53263   1  11
        3.22930        0.62866   1  12
        3.22930        0.70243   1  13
        3.22930        0.70573   1  14
        3.22930        0.76936   1  15
        3.22930        0.77226   1  16
        3.22930        0.78745   1  17
        3.22930        0.83411   1  18
        3.28024       -0.21215   1   1
        3.28024       -0.21173   1   2
        3.28024       -0.21133   1   3
        3.28024       -0.10195   1   4
        3.28024       -0.10171   1   5
        3.28024       -0.10154   1   6
        3.28024       -0.03272   1   7
        3.28024       -0.03266   1   8
        3.28024        0.14963   1   9
        3.28024        0.14965   1  10
        3.28024        0.64441   1  11
        3.28024        0.64706   1  12
        3.28024        0.64989   1  13
        3.28024        0.72085   1  14
        3.28024        0.72296   1  15
        3.28024        0.72491   1  16
        3.28024        0.76755   1  17
        3.28024        0.82061   1  18
        3.28024       -0.21215   1   1
        3.28024       -0.21173   1   2
        3.28024       -0.21133   1   3
        3.28024       -0.10195   1   4
        3.28024       -0.10171   1   5
        3.28024       -0.10154   1   6
        3.28024       -0.03272   1   7
        3.28024       -0.03266   1   8
        3.28024        0.14963   1   9
        3.28024        0.14965   1  10
        3.28024        0.64441   1  11
        3.28024        0.64706   1  12
        3.28024        0.64989   1  13
        3.28024        0.72085   1  14
        3.28024        0.72296   1  15
        3.28024        0.72491   1  16
        3.28024        0.76755   1  17
        3.28024        0.82061   1  18
        3.33118       -0.22328   1   1
        3.33118       -0.20651   1   2
        3.33118       -0.20581   1   3
        3.33118       -0.10972   1   4
        3.33118       -0.09842   1   5
        3.33118       -0.09800   1   6
        3.33118       -0.03304   1   7
        3.33118       -0.03269   1   8
        3.33118        0.14882   1   9
        3.33118        0.14951   1  10
        3.33118        0.59726   1  11
        3.33118        0.60006   1  12
        3.33118        0.68183   1  13
        3.33118        0.68398   1  14
        3.33118        0.70333   1  15
        3.33118        0.77473   1  16
        3.33118        0.82099   1  17
        3.33118        0.86326   1  18
        3.38212       -0.23414   1   1
        3.38212       -0.20136   1   2
        3.38212       -0.20041   1   3
        3.38212       -0.11957   1   4
        3.38212       -0.09454   1   5
        3.38212       -0.09389   1   6
        3.38212       -0.03369   1   7
        3.38212       -0.03298   1   8
        3.38212        0.14707   1   9
        3.38212        0.14846   1  10
        3.38212        0.56090   1  11
        3.38212        0.56340   1  12
        3.38212        0.65132   1  13
        3.38212        0.65291   1  14
        3.38212        0.69570   1  15
        3.38212        0.77279   1  16
        3.38212        0.92524   1  17
        3.38212        0.96732   1  18
        3.43307       -0.24219   1   1
        3.43307       -0.19754   1   2
        3.43307       -0.19635   1   3
        3.43307       -0.12794   1   4
        3.43307       -0.09124   1   5
        3.43307       -0.09036   1   6
        3.43307       -0.03440   1   7
        3.43307       -0.03336   1   8
        3.43307        0.14460   1   9
        3.43307        0.14664   1  10
        3.43307        0.53565   1  11
        3.43307        0.53792   1  12
        3.43307        0.62806   1  13
        3.43307        0.62927   1  14
        3.43307        0.68441   1  15
        3.43307        0.76580   1  16
        3.43307        1.02017   1  17
        3.43307        1.08036   1  18
        3.48401       -0.24646   1   1
        3.48401       -0.19604   1   2
        3.48401       -0.19467   1   3
        3.48401       -0.13193   1   4
        3.48401       -0.08956   1   5
        3.48401       -0.08851   1   6
        3.48401       -0.03478   1   7
        3.48401       -0.03350   1   8
        3.48401        0.14170   1   9
        3.48401        0.14423   1  10
        3.48401        0.51860   1  11
        3.48401        0.52072   1  12
        3.48401        0.61035   1  13
        3.48401        0.61130   1  14
        3.48401        0.67859   1  15
        3.48401        0.75992   1  16
        3.48401        1.12619   1  17
        3.48401        1.20029   1  18
        3.53495       -0.24637   1   1
        3.53495       -0.19753   1   2
        3.53495       -0.19609   1   3
        3.53495       -0.13027   1   4
        3.53495       -0.08999   1   5
        3.53495       -0.08884   1   6
        3.53495       -0.03422   1   7
        3.53495       -0.03284   1   8
        3.53495        0.13872   1   9
        3.53495        0.14152   1  10
        3.53495        0.50801   1  11
        3.53495        0.51012   1  12
        3.53495        0.59829   1  13
        3.53495        0.59914   1  14
        3.53495        0.67924   1  15
        3.53495        0.75541   1  16
        3.53495        1.27184   1  17
        3.53495        1.33793   1  18
        3.58589       -0.24100   1   1
        3.58589       -0.20230   1   2
        3.58589       -0.20093   1   3
        3.58589       -0.12282   1   4
        3.58589       -0.09252   1   5
        3.58589       -0.09138   1   6
        3.58589       -0.03210   1   7
        3.58589       -0.03081   1   8
        3.58589        0.13632   1   9
        3.58589        0.13911   1  10
        3.58589        0.50445   1  11
        3.58589        0.50668   1  12
        3.58589        0.59353   1  13
        3.58589        0.59448   1  14
        3.58589        0.68316   1  15
        3.58589        0.75237   1  16
        3.58589        1.45285   1  17
        3.58589        1.49654   1  18
        3.63684       -0.22914   1   1
        3.63684       -0.21043   1   2
        3.63684       -0.20922   1   3
        3.63684       -0.10912   1   4
        3.63684       -0.09732   1   5
        3.63684       -0.09626   1   6
        3.63684       -0.02815   1   7
        3.63684       -0.02712   1   8
        3.63684        0.13552   1   9
        3.63684        0.13801   1  10
        3.63684        0.50892   1  11
        3.63684        0.51140   1  12
        3.63684        0.59685   1  13
        3.63684        0.59807   1  14
        3.63684        0.68681   1  15
        3.63684        0.75225   1  16
        3.63684        1.62332   1  17
        3.63684        1.65544   1  18
        3.68778       -0.22173   1   1
        3.68778       -0.22073   1   2
        3.68778       -0.21017   1   3
        3.68778       -0.10494   1   4
        3.68778       -0.10404   1   5
        3.68778       -0.08809   1   6
        3.68778       -0.02251   1   7
        3.68778       -0.02186   1   8
        3.68778        0.13731   1   9
        3.68778        0.13924   1  10
        3.68778        0.52073   1  11
        3.68778        0.52355   1  12
        3.68778        0.60648   1  13
        3.68778        0.60813   1  14
        3.68778        0.68993   1  15
        3.68778        0.75615   1  16
        3.68778        1.74439   1  17
        3.68778        1.78311   1  18
        3.73872       -0.23546   1   1
        3.73872       -0.23470   1   2
        3.73872       -0.18506   1   3
        3.73872       -0.11550   1   4
        3.73872       -0.11481   1   5
        3.73872       -0.05978   1   6
        3.73872       -0.01567   1   7
        3.73872       -0.01547   1   8
        3.73872        0.14194   1   9
        3.73872        0.14312   1  10
        3.73872        0.53744   1  11
        3.73872        0.54069   1  12
        3.73872        0.61920   1  13
        3.73872        0.62141   1  14
        3.73872        0.69449   1  15
        3.73872        0.76274   1  16
        3.73872        1.81331   1  17
        3.73872        1.85996   1  18
        3.78967       -0.25056   1   1
        3.78967       -0.25002   1   2
        3.78967       -0.15535   1   3
        3.78967       -0.12839   1   4
        3.78967       -0.12787   1   5
        3.78967       -0.02602   1   6
        3.78967       -0.00839   1   7
        3.78967       -0.00800   1   8
        3.78967        0.14884   1   9
        3.78967        0.14921   1  10
        3.78967        0.55690   1  11
        3.78967        0.56065   1  12
        3.78967        0.63309   1  13
        3.78967        0.63598   1  14
        3.78967        0.70060   1  15
        3.78967        0.76825   1  16
        3.78967        1.83512   1  17
        3.78967        1.88191   1  18
        3.84061       -0.26572   1   1
        3.84061       -0.26536   1   2
        3.84061       -0.14243   1   3
        3.84061       -0.14225   1   4
        3.84061       -0.12237   1   5
        3.84061       -0.00110   1   6
        3.84061       -0.00085   1   7
        3.84061        0.01172   1   8
        3.84061        0.15680   1   9
        3.84061        0.15722   1  10
        3.84061        0.57891   1  11
        3.84061        0.58327   1  12
        3.84061        0.64893   1  13
        3.84061        0.65265   1  14
        3.84061        0.70538   1  15
        3.84061        0.76867   1  16
        3.84061        1.80929   1  17
        3.84061        1.85700   1  18
        3.89155       -0.27985   1   1
        3.89155       -0.27963   1   2
        3.89155       -0.15641   1   3
        3.89155       -0.15629   1   4
        3.89155       -0.08798   1   5
        3.89155        0.00640   1   6
        3.89155        0.00705   1   7
        3.89155        0.04999   1   8
        3.89155        0.16518   1   9
        3.89155        0.16633   1  10
        3.89155        0.60447   1  11
        3.89155        0.60955   1  12
        3.89155        0.66846   1  13
        3.89155        0.67322   1  14
        3.89155        0.70666   1  15
        3.89155        0.76374   1  16
        3.89155        1.74972   1  17
        3.89155        1.80313   1  18
        3.94249       -0.29226   1   1
        3.94249       -0.29214   1   2
        3.94249       -0.16931   1   3
        3.94249       -0.16926   1   4
        3.94249       -0.05350   1   5
        3.94249        0.01330   1   6
        3.94249        0.01424   1   7
        3.94249        0.09007   1   8
        3.94249        0.17344   1   9
        3.94249        0.17524   1  10
        3.94249        0.63333   1  11
        3.94249        0.63920   1  12
        3.94249        0.69061   1  13
        3.94249        0.69719   1  14
        3.94249        0.70636   1  15
        3.94249        0.75723   1  16
        3.94249        1.68321   1  17
        3.94249        1.73839   1  18
        3.99344       -0.30257   1   1
        3.99344       -0.30251   1   2
        3.99344       -0.18019   1   3
        3.99344       -0.18017   1   4
        3.99344       -0.02155   1   5
        3.99344        0.01915   1   6
        3.99344        0.02029   1   7
        3.99344        0.13016   1   8
        3.99344        0.18056   1   9
        3.99344        0.18288   1  10
        3.99344        0.66250   1  11
        3.99344        0.66912   1  12
        3.99344        0.70221   1  13
        3.99344        0.71700   1  14
        3.99344        0.72123   1  15
        3.99344        0.75273   1  16
        3.99344        1.62157   1  17
        3.99344        1.67319   1  18
        4.04438       -0.31044   1   1
        4.04438       -0.31042   1   2
        4.04438       -0.18828   1   3
        4.04438       -0.18828   1   4
        4.04438        0.00455   1   5
        4.04438        0.02353   1   6
        4.04438        0.02481   1   7
        4.04438        0.16393   1   8
        4.04438        0.18577   1   9
        4.04438        0.18845   1  10
        4.04438        0.68703   1  11
        4.04438        0.69394   1  12
        4.04438        0.70730   1  13
        4.04438        0.73420   1  14
        4.04438        0.73979   1  15
        4.04438        0.75190   1  16
        4.04438        1.56332   1  17
        4.04438        1.61497   1  18
        4.09532       -0.31544   1   1
        4.09532       -0.31544   1   2
        4.09532       -0.19318   1   3
        4.09532       -0.19317   1   4
        4.09532        0.02157   1   5
        4.09532        0.02625   1   6
        4.09532        0.02762   1   7
        4.09532        0.18391   1   8
        4.09532        0.18907   1   9
        4.09532        0.19189   1  10
        4.09532        0.70219   1  11
        4.09532        0.70820   1  12
        4.09532        0.71718   1  13
        4.09532        0.74425   1  14
        4.09532        0.74999   1  15
        4.09532        0.75491   1  16
        4.09532        1.51470   1  17
        4.09532        1.57340   1  18
        4.14626       -0.31717   1   1
        4.14626       -0.31716   1   2
        4.14626       -0.19480   1   3
        4.14626       -0.19480   1   4
        4.14626        0.02655   1   5
        4.14626        0.02772   1   6
        4.14626        0.02896   1   7
        4.14626        0.18849   1   8
        4.14626        0.19110   1   9
        4.14626        0.19365   1  10
        4.14626        0.70704   1  11
        4.14626        0.71294   1  12
        4.14626        0.72234   1  13
        4.14626        0.74713   1  14
        4.14626        0.75281   1  15
        4.14626        0.75729   1  16
        4.14626        1.49462   1  17
        4.14626        1.55815   1  18
        4.14626       -0.21215   1   1
        4.14626       -0.21173   1   2
        4.14626       -0.21133   1   3
        4.14626       -0.10195   1   4
        4.14626       -0.10171   1   5
        4.14626       -0.10154   1   6
        4.14626       -0.03272   1   7
        4.14626       -0.03266   1   8
        4.14626        0.14963   1   9
        4.14626        0.14965   1  10
        4.14626        0.64441   1  11
        4.14626        0.64706   1  12
        4.14626        0.64989   1  13
        4.14626        0.72085   1  14
        4.14626        0.72296   1  15
        4.14626        0.72491   1  16
        4.14626        0.76755   1  17
        4.14626        0.82061   1  18
        4.20182       -0.22026   1   1
        4.20182       -0.21598   1   2
        4.20182       -0.19974   1   3
        4.20182       -0.10647   1   4
        4.20182       -0.10593   1   5
        4.20182       -0.09416   1   6
        4.20182       -0.03328   1   7
        4.20182       -0.03255   1   8
        4.20182        0.14834   1   9
        4.20182        0.14985   1  10
        4.20182        0.55007   1  11
        4.20182        0.62724   1  12
        4.20182        0.64238   1  13
        4.20182        0.71130   1  14
        4.20182        0.74923   1  15
        4.20182        0.80116   1  16
        4.20182        0.80880   1  17
        4.20182        0.84527   1  18
        4.25738       -0.22787   1   1
        4.25738       -0.22540   1   2
        4.25738       -0.18418   1   3
        4.25738       -0.11973   1   4
        4.25738       -0.10740   1   5
        4.25738       -0.08269   1   6
        4.25738       -0.03452   1   7
        4.25738       -0.03261   1   8
        4.25738        0.14550   1   9
        4.25738        0.14965   1  10
        4.25738        0.46506   1  11
        4.25738        0.56766   1  12
        4.25738        0.59797   1  13
        4.25738        0.69211   1  14
        4.25738        0.84485   1  15
        4.25738        0.87250   1  16
        4.25738        0.89480   1  17
        4.25738        0.90632   1  18
        4.31293       -0.24521   1   1
        4.31293       -0.22761   1   2
        4.31293       -0.16473   1   3
        4.31293       -0.13910   1   4
        4.31293       -0.10693   1   5
        4.31293       -0.06668   1   6
        4.31293       -0.03632   1   7
        4.31293       -0.03291   1   8
        4.31293        0.14149   1   9
        4.31293        0.14933   1  10
        4.31293        0.39341   1  11
        4.31293        0.49821   1  12
        4.31293        0.57792   1  13
        4.31293        0.67555   1  14
        4.31293        0.92936   1  15
        4.31293        0.95465   1  16
        4.31293        0.97776   1  17
        4.31293        0.99008   1  18
        4.36849       -0.26537   1   1
        4.36849       -0.22769   1   2
        4.36849       -0.16178   1   3
        4.36849       -0.14049   1   4
        4.36849       -0.10501   1   5
        4.36849       -0.04530   1   6
        4.36849       -0.03851   1   7
        4.36849       -0.03336   1   8
        4.36849        0.13707   1   9
        4.36849        0.14880   1  10
        4.36849        0.33434   1  11
        4.36849        0.43431   1  12
        4.36849        0.56691   1  13
        4.36849        0.66135   1  14
        4.36849        1.00717   1  15
        4.36849        1.03755   1  16
        4.36849        1.05748   1  17
        4.36849        1.08355   1  18
        4.42404       -0.28585   1   1
        4.42404       -0.22661   1   2
        4.42404       -0.18462   1   3
        4.42404       -0.11057   1   4
        4.42404       -0.10194   1   5
        4.42404       -0.04145   1   6
        4.42404       -0.03419   1   7
        4.42404       -0.01731   1   8
        4.42404        0.13279   1   9
        4.42404        0.14791   1  10
        4.42404        0.28410   1  11
        4.42404        0.37635   1  12
        4.42404        0.55976   1  13
        4.42404        0.64867   1  14
        4.42404        1.08657   1  15
        4.42404        1.12505   1  16
        4.42404        1.13594   1  17
        4.42404        1.18046   1  18
        4.47960       -0.30428   1   1
        4.47960       -0.22509   1   2
        4.47960       -0.20490   1   3
        4.47960       -0.09822   1   4
        4.47960       -0.07520   1   5
        4.47960       -0.04407   1   6
        4.47960       -0.03458   1   7
        4.47960        0.01409   1   8
        4.47960        0.12887   1   9
        4.47960        0.14697   1  10
        4.47960        0.23287   1  11
        4.47960        0.32195   1  12
        4.47960        0.55353   1  13
        4.47960        0.64053   1  14
        4.47960        1.16852   1  15
        4.47960        1.20746   1  16
        4.47960        1.23014   1  17
        4.47960        1.28325   1  18
        4.53515       -0.31866   1   1
        4.53515       -0.22355   1   2
        4.53515       -0.22063   1   3
        4.53515       -0.09471   1   4
        4.53515       -0.04610   1   5
        4.53515       -0.03649   1   6
        4.53515       -0.03485   1   7
        4.53515        0.04464   1   8
        4.53515        0.12553   1   9
        4.53515        0.14646   1  10
        4.53515        0.17128   1  11
        4.53515        0.27013   1  12
        4.53515        0.54879   1  13
        4.53515        0.64015   1  14
        4.53515        1.24401   1  15
        4.53515        1.27319   1  16
        4.53515        1.33703   1  17
        4.53515        1.38535   1  18
        4.59071       -0.32765   1   1
        4.59071       -0.23064   1   2
        4.59071       -0.22228   1   3
        4.59071       -0.09225   1   4
        4.59071       -0.04722   1   5
        4.59071       -0.03499   1   6
        4.59071        0.00374   1   7
        4.59071        0.06768   1   8
        4.59071        0.10473   1   9
        4.59071        0.12331   1  10
        4.59071        0.14671   1  11
        4.59071        0.22878   1  12
        4.59071        0.54650   1  13
        4.59071        0.64503   1  14
        4.59071        1.30002   1  15
        4.59071        1.32216   1  16
        4.59071        1.41500   1  17
        4.59071        1.46116   1  18
        4.64626       -0.33068   1   1
        4.64626       -0.23409   1   2
        4.64626       -0.22179   1   3
        4.64626       -0.09137   1   4
        4.64626       -0.04756   1   5
        4.64626       -0.03504   1   6
        4.64626        0.04672   1   7
        4.64626        0.05010   1   8
        4.64626        0.07646   1   9
        4.64626        0.12245   1  10
        4.64626        0.14682   1  11
        4.64626        0.21249   1  12
        4.64626        0.54599   1  13
        4.64626        0.64798   1  14
        4.64626        1.32157   1  15
        4.64626        1.34140   1  16
        4.64626        1.44159   1  17
        4.64626        1.48830   1  18
