nbb,nqbz
12 64
0.0000000000000000 0.25000000000000000 0.25000000000000000 1.9999999999999998
0.25000000000000000 0.0000000000000000 0.25000000000000000 1.9999999999999998
0.25000000000000000 0.25000000000000000 0.0000000000000000 1.9999999999999998
-0.25000000000000000 0.25000000000000000 0.0000000000000000 1.9999999999999998
0.0000000000000000 -0.25000000000000000 0.25000000000000000 1.9999999999999998
0.25000000000000000 0.0000000000000000 -0.25000000000000000 1.9999999999999998
-0.0000000000000000 -0.25000000000000000 -0.25000000000000000 1.9999999999999998
-0.25000000000000000 -0.0000000000000000 -0.25000000000000000 1.9999999999999998
-0.25000000000000000 -0.25000000000000000 -0.0000000000000000 1.9999999999999998
0.25000000000000000 -0.25000000000000000 -0.0000000000000000 1.9999999999999998
-0.0000000000000000 0.25000000000000000 -0.25000000000000000 1.9999999999999998
-0.25000000000000000 -0.0000000000000000 0.25000000000000000 1.9999999999999998
1 0.0000000000000000 0.0000000000000000 0.0000000000000000
1 1 2 0.0000000000000000 0.25000000000000000 0.25000000000000000
1 2 5 0.25000000000000000 0.0000000000000000 0.25000000000000000
1 3 17 0.25000000000000000 0.25000000000000000 0.0000000000000000
1 4 14 0.75000000000000000 0.25000000000000000 1.0000000000000000
1 5 53 1.0000000000000000 0.75000000000000000 0.25000000000000000
1 6 20 0.25000000000000000 1.0000000000000000 0.75000000000000000
1 7 4 0.0000000000000000 0.75000000000000000 0.75000000000000000
1 8 13 0.75000000000000000 0.0000000000000000 0.75000000000000000
1 9 49 0.75000000000000000 0.75000000000000000 0.0000000000000000
1 10 8 0.25000000000000000 0.75000000000000000 1.0000000000000000
1 11 29 1.0000000000000000 0.25000000000000000 0.75000000000000000
1 12 50 0.75000000000000000 1.0000000000000000 0.25000000000000000
2 0.0000000000000000 0.25000000000000000 0.25000000000000000
2 1 3 0.0000000000000000 0.50000000000000000 0.50000000000000000
2 2 6 0.25000000000000000 0.25000000000000000 0.50000000000000000
2 3 18 0.25000000000000000 0.50000000000000000 0.25000000000000000
2 4 15 0.75000000000000000 0.50000000000000000 1.2500000000000000
2 5 54 1.0000000000000000 1.0000000000000000 0.50000000000000000
2 6 17 0.25000000000000000 0.25000000000000000 0.0000000000000000
2 7 1 0.0000000000000000 0.0000000000000000 0.0000000000000000
2 8 14 0.75000000000000000 0.25000000000000000 1.0000000000000000
2 9 50 0.75000000000000000 1.0000000000000000 0.25000000000000000
2 10 5 0.25000000000000000 0.0000000000000000 0.25000000000000000
2 11 30 1.0000000000000000 0.50000000000000000 1.0000000000000000
2 12 51 0.75000000000000000 1.2500000000000000 0.50000000000000000
3 0.0000000000000000 0.50000000000000000 0.50000000000000000
3 1 4 0.0000000000000000 0.75000000000000000 0.75000000000000000
3 2 7 0.25000000000000000 0.50000000000000000 0.75000000000000000
3 3 19 0.25000000000000000 0.75000000000000000 0.50000000000000000
3 4 16 0.75000000000000000 0.75000000000000000 1.5000000000000000
3 5 55 1.0000000000000000 1.2500000000000000 0.75000000000000000
3 6 18 0.25000000000000000 0.50000000000000000 0.25000000000000000
3 7 2 0.0000000000000000 0.25000000000000000 0.25000000000000000
3 8 15 0.75000000000000000 0.50000000000000000 1.2500000000000000
3 9 51 0.75000000000000000 1.2500000000000000 0.50000000000000000
3 10 6 0.25000000000000000 0.25000000000000000 0.50000000000000000
3 11 31 1.0000000000000000 0.75000000000000000 1.2500000000000000
3 12 52 0.75000000000000000 1.5000000000000000 0.75000000000000000
4 0.0000000000000000 0.75000000000000000 0.75000000000000000
4 1 1 0.0000000000000000 0.0000000000000000 0.0000000000000000
4 2 8 0.25000000000000000 0.75000000000000000 1.0000000000000000
4 3 20 0.25000000000000000 1.0000000000000000 0.75000000000000000
4 4 13 0.75000000000000000 0.0000000000000000 0.75000000000000000
4 5 56 1.0000000000000000 1.5000000000000000 1.0000000000000000
4 6 19 0.25000000000000000 0.75000000000000000 0.50000000000000000
4 7 3 0.0000000000000000 0.50000000000000000 0.50000000000000000
4 8 16 0.75000000000000000 0.75000000000000000 1.5000000000000000
4 9 52 0.75000000000000000 1.5000000000000000 0.75000000000000000
4 10 7 0.25000000000000000 0.50000000000000000 0.75000000000000000
4 11 32 1.0000000000000000 1.0000000000000000 1.5000000000000000
4 12 49 0.75000000000000000 0.75000000000000000 0.0000000000000000
5 0.25000000000000000 0.0000000000000000 0.25000000000000000
5 1 6 0.25000000000000000 0.25000000000000000 0.50000000000000000
5 2 9 0.50000000000000000 0.0000000000000000 0.50000000000000000
5 3 21 0.50000000000000000 0.25000000000000000 0.25000000000000000
5 4 2 0.0000000000000000 0.25000000000000000 0.25000000000000000
5 5 57 1.2500000000000000 0.75000000000000000 0.50000000000000000
5 6 24 0.50000000000000000 1.0000000000000000 1.0000000000000000
5 7 8 0.25000000000000000 0.75000000000000000 1.0000000000000000
5 8 1 0.0000000000000000 0.0000000000000000 0.0000000000000000
5 9 53 1.0000000000000000 0.75000000000000000 0.25000000000000000
5 10 12 0.50000000000000000 0.75000000000000000 1.2500000000000000
5 11 17 0.25000000000000000 0.25000000000000000 0.0000000000000000
5 12 54 1.0000000000000000 1.0000000000000000 0.50000000000000000
6 0.25000000000000000 0.25000000000000000 0.50000000000000000
6 1 7 0.25000000000000000 0.50000000000000000 0.75000000000000000
6 2 10 0.50000000000000000 0.25000000000000000 0.75000000000000000
6 3 22 0.50000000000000000 0.50000000000000000 0.50000000000000000
6 4 3 0.0000000000000000 0.50000000000000000 0.50000000000000000
6 5 58 1.2500000000000000 1.0000000000000000 0.75000000000000000
6 6 21 0.50000000000000000 0.25000000000000000 0.25000000000000000
6 7 5 0.25000000000000000 0.0000000000000000 0.25000000000000000
6 8 2 0.0000000000000000 0.25000000000000000 0.25000000000000000
6 9 54 1.0000000000000000 1.0000000000000000 0.50000000000000000
6 10 9 0.50000000000000000 0.0000000000000000 0.50000000000000000
6 11 18 0.25000000000000000 0.50000000000000000 0.25000000000000000
6 12 55 1.0000000000000000 1.2500000000000000 0.75000000000000000
7 0.25000000000000000 0.50000000000000000 0.75000000000000000
7 1 8 0.25000000000000000 0.75000000000000000 1.0000000000000000
7 2 11 0.50000000000000000 0.50000000000000000 1.0000000000000000
7 3 23 0.50000000000000000 0.75000000000000000 0.75000000000000000
7 4 4 0.0000000000000000 0.75000000000000000 0.75000000000000000
7 5 59 1.2500000000000000 1.2500000000000000 1.0000000000000000
7 6 22 0.50000000000000000 0.50000000000000000 0.50000000000000000
7 7 6 0.25000000000000000 0.25000000000000000 0.50000000000000000
7 8 3 0.0000000000000000 0.50000000000000000 0.50000000000000000
7 9 55 1.0000000000000000 1.2500000000000000 0.75000000000000000
7 10 10 0.50000000000000000 0.25000000000000000 0.75000000000000000
7 11 19 0.25000000000000000 0.75000000000000000 0.50000000000000000
7 12 56 1.0000000000000000 1.5000000000000000 1.0000000000000000
8 0.25000000000000000 0.75000000000000000 1.0000000000000000
8 1 5 0.25000000000000000 0.0000000000000000 0.25000000000000000
8 2 12 0.50000000000000000 0.75000000000000000 1.2500000000000000
8 3 24 0.50000000000000000 1.0000000000000000 1.0000000000000000
8 4 1 0.0000000000000000 0.0000000000000000 0.0000000000000000
8 5 60 1.2500000000000000 1.5000000000000000 1.2500000000000000
8 6 23 0.50000000000000000 0.75000000000000000 0.75000000000000000
8 7 7 0.25000000000000000 0.50000000000000000 0.75000000000000000
8 8 4 0.0000000000000000 0.75000000000000000 0.75000000000000000
8 9 56 1.0000000000000000 1.5000000000000000 1.0000000000000000
8 10 11 0.50000000000000000 0.50000000000000000 1.0000000000000000
8 11 20 0.25000000000000000 1.0000000000000000 0.75000000000000000
8 12 53 1.0000000000000000 0.75000000000000000 0.25000000000000000
9 0.50000000000000000 0.0000000000000000 0.50000000000000000
9 1 10 0.50000000000000000 0.25000000000000000 0.75000000000000000
9 2 13 0.75000000000000000 0.0000000000000000 0.75000000000000000
9 3 25 0.75000000000000000 0.25000000000000000 0.50000000000000000
9 4 6 0.25000000000000000 0.25000000000000000 0.50000000000000000
9 5 61 1.5000000000000000 0.75000000000000000 0.75000000000000000
9 6 28 0.75000000000000000 1.0000000000000000 1.2500000000000000
9 7 12 0.50000000000000000 0.75000000000000000 1.2500000000000000
9 8 5 0.25000000000000000 0.0000000000000000 0.25000000000000000
9 9 57 1.2500000000000000 0.75000000000000000 0.50000000000000000
9 10 16 0.75000000000000000 0.75000000000000000 1.5000000000000000
9 11 21 0.50000000000000000 0.25000000000000000 0.25000000000000000
9 12 58 1.2500000000000000 1.0000000000000000 0.75000000000000000
10 0.50000000000000000 0.25000000000000000 0.75000000000000000
10 1 11 0.50000000000000000 0.50000000000000000 1.0000000000000000
10 2 14 0.75000000000000000 0.25000000000000000 1.0000000000000000
10 3 26 0.75000000000000000 0.50000000000000000 0.75000000000000000
10 4 7 0.25000000000000000 0.50000000000000000 0.75000000000000000
10 5 62 1.5000000000000000 1.0000000000000000 1.0000000000000000
10 6 25 0.75000000000000000 0.25000000000000000 0.50000000000000000
10 7 9 0.50000000000000000 0.0000000000000000 0.50000000000000000
10 8 6 0.25000000000000000 0.25000000000000000 0.50000000000000000
10 9 58 1.2500000000000000 1.0000000000000000 0.75000000000000000
10 10 13 0.75000000000000000 0.0000000000000000 0.75000000000000000
10 11 22 0.50000000000000000 0.50000000000000000 0.50000000000000000
10 12 59 1.2500000000000000 1.2500000000000000 1.0000000000000000
11 0.50000000000000000 0.50000000000000000 1.0000000000000000
11 1 12 0.50000000000000000 0.75000000000000000 1.2500000000000000
11 2 15 0.75000000000000000 0.50000000000000000 1.2500000000000000
11 3 27 0.75000000000000000 0.75000000000000000 1.0000000000000000
11 4 8 0.25000000000000000 0.75000000000000000 1.0000000000000000
11 5 63 1.5000000000000000 1.2500000000000000 1.2500000000000000
11 6 26 0.75000000000000000 0.50000000000000000 0.75000000000000000
11 7 10 0.50000000000000000 0.25000000000000000 0.75000000000000000
11 8 7 0.25000000000000000 0.50000000000000000 0.75000000000000000
11 9 59 1.2500000000000000 1.2500000000000000 1.0000000000000000
11 10 14 0.75000000000000000 0.25000000000000000 1.0000000000000000
11 11 23 0.50000000000000000 0.75000000000000000 0.75000000000000000
11 12 60 1.2500000000000000 1.5000000000000000 1.2500000000000000
12 0.50000000000000000 0.75000000000000000 1.2500000000000000
12 1 9 0.50000000000000000 0.0000000000000000 0.50000000000000000
12 2 16 0.75000000000000000 0.75000000000000000 1.5000000000000000
12 3 28 0.75000000000000000 1.0000000000000000 1.2500000000000000
12 4 5 0.25000000000000000 0.0000000000000000 0.25000000000000000
12 5 64 1.5000000000000000 1.5000000000000000 1.5000000000000000
12 6 27 0.75000000000000000 0.75000000000000000 1.0000000000000000
12 7 11 0.50000000000000000 0.50000000000000000 1.0000000000000000
12 8 8 0.25000000000000000 0.75000000000000000 1.0000000000000000
12 9 60 1.2500000000000000 1.5000000000000000 1.2500000000000000
12 10 15 0.75000000000000000 0.50000000000000000 1.2500000000000000
12 11 24 0.50000000000000000 1.0000000000000000 1.0000000000000000
12 12 57 1.2500000000000000 0.75000000000000000 0.50000000000000000
13 0.75000000000000000 0.0000000000000000 0.75000000000000000
13 1 14 0.75000000000000000 0.25000000000000000 1.0000000000000000
13 2 1 0.0000000000000000 0.0000000000000000 0.0000000000000000
13 3 29 1.0000000000000000 0.25000000000000000 0.75000000000000000
13 4 10 0.50000000000000000 0.25000000000000000 0.75000000000000000
13 5 49 0.75000000000000000 0.75000000000000000 0.0000000000000000
13 6 32 1.0000000000000000 1.0000000000000000 1.5000000000000000
13 7 16 0.75000000000000000 0.75000000000000000 1.5000000000000000
13 8 9 0.50000000000000000 0.0000000000000000 0.50000000000000000
13 9 61 1.5000000000000000 0.75000000000000000 0.75000000000000000
13 10 4 0.0000000000000000 0.75000000000000000 0.75000000000000000
13 11 25 0.75000000000000000 0.25000000000000000 0.50000000000000000
13 12 62 1.5000000000000000 1.0000000000000000 1.0000000000000000
14 0.75000000000000000 0.25000000000000000 1.0000000000000000
14 1 15 0.75000000000000000 0.50000000000000000 1.2500000000000000
14 2 2 0.0000000000000000 0.25000000000000000 0.25000000000000000
14 3 30 1.0000000000000000 0.50000000000000000 1.0000000000000000
14 4 11 0.50000000000000000 0.50000000000000000 1.0000000000000000
14 5 50 0.75000000000000000 1.0000000000000000 0.25000000000000000
14 6 29 1.0000000000000000 0.25000000000000000 0.75000000000000000
14 7 13 0.75000000000000000 0.0000000000000000 0.75000000000000000
14 8 10 0.50000000000000000 0.25000000000000000 0.75000000000000000
14 9 62 1.5000000000000000 1.0000000000000000 1.0000000000000000
14 10 1 0.0000000000000000 0.0000000000000000 0.0000000000000000
14 11 26 0.75000000000000000 0.50000000000000000 0.75000000000000000
14 12 63 1.5000000000000000 1.2500000000000000 1.2500000000000000
15 0.75000000000000000 0.50000000000000000 1.2500000000000000
15 1 16 0.75000000000000000 0.75000000000000000 1.5000000000000000
15 2 3 0.0000000000000000 0.50000000000000000 0.50000000000000000
15 3 31 1.0000000000000000 0.75000000000000000 1.2500000000000000
15 4 12 0.50000000000000000 0.75000000000000000 1.2500000000000000
15 5 51 0.75000000000000000 1.2500000000000000 0.50000000000000000
15 6 30 1.0000000000000000 0.50000000000000000 1.0000000000000000
15 7 14 0.75000000000000000 0.25000000000000000 1.0000000000000000
15 8 11 0.50000000000000000 0.50000000000000000 1.0000000000000000
15 9 63 1.5000000000000000 1.2500000000000000 1.2500000000000000
15 10 2 0.0000000000000000 0.25000000000000000 0.25000000000000000
15 11 27 0.75000000000000000 0.75000000000000000 1.0000000000000000
15 12 64 1.5000000000000000 1.5000000000000000 1.5000000000000000
16 0.75000000000000000 0.75000000000000000 1.5000000000000000
16 1 13 0.75000000000000000 0.0000000000000000 0.75000000000000000
16 2 4 0.0000000000000000 0.75000000000000000 0.75000000000000000
16 3 32 1.0000000000000000 1.0000000000000000 1.5000000000000000
16 4 9 0.50000000000000000 0.0000000000000000 0.50000000000000000
16 5 52 0.75000000000000000 1.5000000000000000 0.75000000000000000
16 6 31 1.0000000000000000 0.75000000000000000 1.2500000000000000
16 7 15 0.75000000000000000 0.50000000000000000 1.2500000000000000
16 8 12 0.50000000000000000 0.75000000000000000 1.2500000000000000
16 9 64 1.5000000000000000 1.5000000000000000 1.5000000000000000
16 10 3 0.0000000000000000 0.50000000000000000 0.50000000000000000
16 11 28 0.75000000000000000 1.0000000000000000 1.2500000000000000
16 12 61 1.5000000000000000 0.75000000000000000 0.75000000000000000
17 0.25000000000000000 0.25000000000000000 0.0000000000000000
17 1 18 0.25000000000000000 0.50000000000000000 0.25000000000000000
17 2 21 0.50000000000000000 0.25000000000000000 0.25000000000000000
17 3 33 0.50000000000000000 0.50000000000000000 0.0000000000000000
17 4 30 1.0000000000000000 0.50000000000000000 1.0000000000000000
17 5 5 0.25000000000000000 0.0000000000000000 0.25000000000000000
17 6 36 0.50000000000000000 1.2500000000000000 0.75000000000000000
17 7 20 0.25000000000000000 1.0000000000000000 0.75000000000000000
17 8 29 1.0000000000000000 0.25000000000000000 0.75000000000000000
17 9 1 0.0000000000000000 0.0000000000000000 0.0000000000000000
17 10 24 0.50000000000000000 1.0000000000000000 1.0000000000000000
17 11 45 1.2500000000000000 0.50000000000000000 0.75000000000000000
17 12 2 0.0000000000000000 0.25000000000000000 0.25000000000000000
18 0.25000000000000000 0.50000000000000000 0.25000000000000000
18 1 19 0.25000000000000000 0.75000000000000000 0.50000000000000000
18 2 22 0.50000000000000000 0.50000000000000000 0.50000000000000000
18 3 34 0.50000000000000000 0.75000000000000000 0.25000000000000000
18 4 31 1.0000000000000000 0.75000000000000000 1.2500000000000000
18 5 6 0.25000000000000000 0.25000000000000000 0.50000000000000000
18 6 33 0.50000000000000000 0.50000000000000000 0.0000000000000000
18 7 17 0.25000000000000000 0.25000000000000000 0.0000000000000000
18 8 30 1.0000000000000000 0.50000000000000000 1.0000000000000000
18 9 2 0.0000000000000000 0.25000000000000000 0.25000000000000000
18 10 21 0.50000000000000000 0.25000000000000000 0.25000000000000000
18 11 46 1.2500000000000000 0.75000000000000000 1.0000000000000000
18 12 3 0.0000000000000000 0.50000000000000000 0.50000000000000000
19 0.25000000000000000 0.75000000000000000 0.50000000000000000
19 1 20 0.25000000000000000 1.0000000000000000 0.75000000000000000
19 2 23 0.50000000000000000 0.75000000000000000 0.75000000000000000
19 3 35 0.50000000000000000 1.0000000000000000 0.50000000000000000
19 4 32 1.0000000000000000 1.0000000000000000 1.5000000000000000
19 5 7 0.25000000000000000 0.50000000000000000 0.75000000000000000
19 6 34 0.50000000000000000 0.75000000000000000 0.25000000000000000
19 7 18 0.25000000000000000 0.50000000000000000 0.25000000000000000
19 8 31 1.0000000000000000 0.75000000000000000 1.2500000000000000
19 9 3 0.0000000000000000 0.50000000000000000 0.50000000000000000
19 10 22 0.50000000000000000 0.50000000000000000 0.50000000000000000
19 11 47 1.2500000000000000 1.0000000000000000 1.2500000000000000
19 12 4 0.0000000000000000 0.75000000000000000 0.75000000000000000
20 0.25000000000000000 1.0000000000000000 0.75000000000000000
20 1 17 0.25000000000000000 0.25000000000000000 0.0000000000000000
20 2 24 0.50000000000000000 1.0000000000000000 1.0000000000000000
20 3 36 0.50000000000000000 1.2500000000000000 0.75000000000000000
20 4 29 1.0000000000000000 0.25000000000000000 0.75000000000000000
20 5 8 0.25000000000000000 0.75000000000000000 1.0000000000000000
20 6 35 0.50000000000000000 1.0000000000000000 0.50000000000000000
20 7 19 0.25000000000000000 0.75000000000000000 0.50000000000000000
20 8 32 1.0000000000000000 1.0000000000000000 1.5000000000000000
20 9 4 0.0000000000000000 0.75000000000000000 0.75000000000000000
20 10 23 0.50000000000000000 0.75000000000000000 0.75000000000000000
20 11 48 1.2500000000000000 1.2500000000000000 1.5000000000000000
20 12 1 0.0000000000000000 0.0000000000000000 0.0000000000000000
21 0.50000000000000000 0.25000000000000000 0.25000000000000000
21 1 22 0.50000000000000000 0.50000000000000000 0.50000000000000000
21 2 25 0.75000000000000000 0.25000000000000000 0.50000000000000000
21 3 37 0.75000000000000000 0.50000000000000000 0.25000000000000000
21 4 18 0.25000000000000000 0.50000000000000000 0.25000000000000000
21 5 9 0.50000000000000000 0.0000000000000000 0.50000000000000000
21 6 40 0.75000000000000000 1.2500000000000000 1.0000000000000000
21 7 24 0.50000000000000000 1.0000000000000000 1.0000000000000000
21 8 17 0.25000000000000000 0.25000000000000000 0.0000000000000000
21 9 5 0.25000000000000000 0.0000000000000000 0.25000000000000000
21 10 28 0.75000000000000000 1.0000000000000000 1.2500000000000000
21 11 33 0.50000000000000000 0.50000000000000000 0.0000000000000000
21 12 6 0.25000000000000000 0.25000000000000000 0.50000000000000000
22 0.50000000000000000 0.50000000000000000 0.50000000000000000
22 1 23 0.50000000000000000 0.75000000000000000 0.75000000000000000
22 2 26 0.75000000000000000 0.50000000000000000 0.75000000000000000
22 3 38 0.75000000000000000 0.75000000000000000 0.50000000000000000
22 4 19 0.25000000000000000 0.75000000000000000 0.50000000000000000
22 5 10 0.50000000000000000 0.25000000000000000 0.75000000000000000
22 6 37 0.75000000000000000 0.50000000000000000 0.25000000000000000
22 7 21 0.50000000000000000 0.25000000000000000 0.25000000000000000
22 8 18 0.25000000000000000 0.50000000000000000 0.25000000000000000
22 9 6 0.25000000000000000 0.25000000000000000 0.50000000000000000
22 10 25 0.75000000000000000 0.25000000000000000 0.50000000000000000
22 11 34 0.50000000000000000 0.75000000000000000 0.25000000000000000
22 12 7 0.25000000000000000 0.50000000000000000 0.75000000000000000
23 0.50000000000000000 0.75000000000000000 0.75000000000000000
23 1 24 0.50000000000000000 1.0000000000000000 1.0000000000000000
23 2 27 0.75000000000000000 0.75000000000000000 1.0000000000000000
23 3 39 0.75000000000000000 1.0000000000000000 0.75000000000000000
23 4 20 0.25000000000000000 1.0000000000000000 0.75000000000000000
23 5 11 0.50000000000000000 0.50000000000000000 1.0000000000000000
23 6 38 0.75000000000000000 0.75000000000000000 0.50000000000000000
23 7 22 0.50000000000000000 0.50000000000000000 0.50000000000000000
23 8 19 0.25000000000000000 0.75000000000000000 0.50000000000000000
23 9 7 0.25000000000000000 0.50000000000000000 0.75000000000000000
23 10 26 0.75000000000000000 0.50000000000000000 0.75000000000000000
23 11 35 0.50000000000000000 1.0000000000000000 0.50000000000000000
23 12 8 0.25000000000000000 0.75000000000000000 1.0000000000000000
24 0.50000000000000000 1.0000000000000000 1.0000000000000000
24 1 21 0.50000000000000000 0.25000000000000000 0.25000000000000000
24 2 28 0.75000000000000000 1.0000000000000000 1.2500000000000000
24 3 40 0.75000000000000000 1.2500000000000000 1.0000000000000000
24 4 17 0.25000000000000000 0.25000000000000000 0.0000000000000000
24 5 12 0.50000000000000000 0.75000000000000000 1.2500000000000000
24 6 39 0.75000000000000000 1.0000000000000000 0.75000000000000000
24 7 23 0.50000000000000000 0.75000000000000000 0.75000000000000000
24 8 20 0.25000000000000000 1.0000000000000000 0.75000000000000000
24 9 8 0.25000000000000000 0.75000000000000000 1.0000000000000000
24 10 27 0.75000000000000000 0.75000000000000000 1.0000000000000000
24 11 36 0.50000000000000000 1.2500000000000000 0.75000000000000000
24 12 5 0.25000000000000000 0.0000000000000000 0.25000000000000000
25 0.75000000000000000 0.25000000000000000 0.50000000000000000
25 1 26 0.75000000000000000 0.50000000000000000 0.75000000000000000
25 2 29 1.0000000000000000 0.25000000000000000 0.75000000000000000
25 3 41 1.0000000000000000 0.50000000000000000 0.50000000000000000
25 4 22 0.50000000000000000 0.50000000000000000 0.50000000000000000
25 5 13 0.75000000000000000 0.0000000000000000 0.75000000000000000
25 6 44 1.0000000000000000 1.2500000000000000 1.2500000000000000
25 7 28 0.75000000000000000 1.0000000000000000 1.2500000000000000
25 8 21 0.50000000000000000 0.25000000000000000 0.25000000000000000
25 9 9 0.50000000000000000 0.0000000000000000 0.50000000000000000
25 10 32 1.0000000000000000 1.0000000000000000 1.5000000000000000
25 11 37 0.75000000000000000 0.50000000000000000 0.25000000000000000
25 12 10 0.50000000000000000 0.25000000000000000 0.75000000000000000
26 0.75000000000000000 0.50000000000000000 0.75000000000000000
26 1 27 0.75000000000000000 0.75000000000000000 1.0000000000000000
26 2 30 1.0000000000000000 0.50000000000000000 1.0000000000000000
26 3 42 1.0000000000000000 0.75000000000000000 0.75000000000000000
26 4 23 0.50000000000000000 0.75000000000000000 0.75000000000000000
26 5 14 0.75000000000000000 0.25000000000000000 1.0000000000000000
26 6 41 1.0000000000000000 0.50000000000000000 0.50000000000000000
26 7 25 0.75000000000000000 0.25000000000000000 0.50000000000000000
26 8 22 0.50000000000000000 0.50000000000000000 0.50000000000000000
26 9 10 0.50000000000000000 0.25000000000000000 0.75000000000000000
26 10 29 1.0000000000000000 0.25000000000000000 0.75000000000000000
26 11 38 0.75000000000000000 0.75000000000000000 0.50000000000000000
26 12 11 0.50000000000000000 0.50000000000000000 1.0000000000000000
27 0.75000000000000000 0.75000000000000000 1.0000000000000000
27 1 28 0.75000000000000000 1.0000000000000000 1.2500000000000000
27 2 31 1.0000000000000000 0.75000000000000000 1.2500000000000000
27 3 43 1.0000000000000000 1.0000000000000000 1.0000000000000000
27 4 24 0.50000000000000000 1.0000000000000000 1.0000000000000000
27 5 15 0.75000000000000000 0.50000000000000000 1.2500000000000000
27 6 42 1.0000000000000000 0.75000000000000000 0.75000000000000000
27 7 26 0.75000000000000000 0.50000000000000000 0.75000000000000000
27 8 23 0.50000000000000000 0.75000000000000000 0.75000000000000000
27 9 11 0.50000000000000000 0.50000000000000000 1.0000000000000000
27 10 30 1.0000000000000000 0.50000000000000000 1.0000000000000000
27 11 39 0.75000000000000000 1.0000000000000000 0.75000000000000000
27 12 12 0.50000000000000000 0.75000000000000000 1.2500000000000000
28 0.75000000000000000 1.0000000000000000 1.2500000000000000
28 1 25 0.75000000000000000 0.25000000000000000 0.50000000000000000
28 2 32 1.0000000000000000 1.0000000000000000 1.5000000000000000
28 3 44 1.0000000000000000 1.2500000000000000 1.2500000000000000
28 4 21 0.50000000000000000 0.25000000000000000 0.25000000000000000
28 5 16 0.75000000000000000 0.75000000000000000 1.5000000000000000
28 6 43 1.0000000000000000 1.0000000000000000 1.0000000000000000
28 7 27 0.75000000000000000 0.75000000000000000 1.0000000000000000
28 8 24 0.50000000000000000 1.0000000000000000 1.0000000000000000
28 9 12 0.50000000000000000 0.75000000000000000 1.2500000000000000
28 10 31 1.0000000000000000 0.75000000000000000 1.2500000000000000
28 11 40 0.75000000000000000 1.2500000000000000 1.0000000000000000
28 12 9 0.50000000000000000 0.0000000000000000 0.50000000000000000
29 1.0000000000000000 0.25000000000000000 0.75000000000000000
29 1 30 1.0000000000000000 0.50000000000000000 1.0000000000000000
29 2 17 0.25000000000000000 0.25000000000000000 0.0000000000000000
29 3 45 1.2500000000000000 0.50000000000000000 0.75000000000000000
29 4 26 0.75000000000000000 0.50000000000000000 0.75000000000000000
29 5 1 0.0000000000000000 0.0000000000000000 0.0000000000000000
29 6 48 1.2500000000000000 1.2500000000000000 1.5000000000000000
29 7 32 1.0000000000000000 1.0000000000000000 1.5000000000000000
29 8 25 0.75000000000000000 0.25000000000000000 0.50000000000000000
29 9 13 0.75000000000000000 0.0000000000000000 0.75000000000000000
29 10 20 0.25000000000000000 1.0000000000000000 0.75000000000000000
29 11 41 1.0000000000000000 0.50000000000000000 0.50000000000000000
29 12 14 0.75000000000000000 0.25000000000000000 1.0000000000000000
30 1.0000000000000000 0.50000000000000000 1.0000000000000000
30 1 31 1.0000000000000000 0.75000000000000000 1.2500000000000000
30 2 18 0.25000000000000000 0.50000000000000000 0.25000000000000000
30 3 46 1.2500000000000000 0.75000000000000000 1.0000000000000000
30 4 27 0.75000000000000000 0.75000000000000000 1.0000000000000000
30 5 2 0.0000000000000000 0.25000000000000000 0.25000000000000000
30 6 45 1.2500000000000000 0.50000000000000000 0.75000000000000000
30 7 29 1.0000000000000000 0.25000000000000000 0.75000000000000000
30 8 26 0.75000000000000000 0.50000000000000000 0.75000000000000000
30 9 14 0.75000000000000000 0.25000000000000000 1.0000000000000000
30 10 17 0.25000000000000000 0.25000000000000000 0.0000000000000000
30 11 42 1.0000000000000000 0.75000000000000000 0.75000000000000000
30 12 15 0.75000000000000000 0.50000000000000000 1.2500000000000000
31 1.0000000000000000 0.75000000000000000 1.2500000000000000
31 1 32 1.0000000000000000 1.0000000000000000 1.5000000000000000
31 2 19 0.25000000000000000 0.75000000000000000 0.50000000000000000
31 3 47 1.2500000000000000 1.0000000000000000 1.2500000000000000
31 4 28 0.75000000000000000 1.0000000000000000 1.2500000000000000
31 5 3 0.0000000000000000 0.50000000000000000 0.50000000000000000
31 6 46 1.2500000000000000 0.75000000000000000 1.0000000000000000
31 7 30 1.0000000000000000 0.50000000000000000 1.0000000000000000
31 8 27 0.75000000000000000 0.75000000000000000 1.0000000000000000
31 9 15 0.75000000000000000 0.50000000000000000 1.2500000000000000
31 10 18 0.25000000000000000 0.50000000000000000 0.25000000000000000
31 11 43 1.0000000000000000 1.0000000000000000 1.0000000000000000
31 12 16 0.75000000000000000 0.75000000000000000 1.5000000000000000
32 1.0000000000000000 1.0000000000000000 1.5000000000000000
32 1 29 1.0000000000000000 0.25000000000000000 0.75000000000000000
32 2 20 0.25000000000000000 1.0000000000000000 0.75000000000000000
32 3 48 1.2500000000000000 1.2500000000000000 1.5000000000000000
32 4 25 0.75000000000000000 0.25000000000000000 0.50000000000000000
32 5 4 0.0000000000000000 0.75000000000000000 0.75000000000000000
32 6 47 1.2500000000000000 1.0000000000000000 1.2500000000000000
32 7 31 1.0000000000000000 0.75000000000000000 1.2500000000000000
32 8 28 0.75000000000000000 1.0000000000000000 1.2500000000000000
32 9 16 0.75000000000000000 0.75000000000000000 1.5000000000000000
32 10 19 0.25000000000000000 0.75000000000000000 0.50000000000000000
32 11 44 1.0000000000000000 1.2500000000000000 1.2500000000000000
32 12 13 0.75000000000000000 0.0000000000000000 0.75000000000000000
33 0.50000000000000000 0.50000000000000000 0.0000000000000000
33 1 34 0.50000000000000000 0.75000000000000000 0.25000000000000000
33 2 37 0.75000000000000000 0.50000000000000000 0.25000000000000000
33 3 49 0.75000000000000000 0.75000000000000000 0.0000000000000000
33 4 46 1.2500000000000000 0.75000000000000000 1.0000000000000000
33 5 21 0.50000000000000000 0.25000000000000000 0.25000000000000000
33 6 52 0.75000000000000000 1.5000000000000000 0.75000000000000000
33 7 36 0.50000000000000000 1.2500000000000000 0.75000000000000000
33 8 45 1.2500000000000000 0.50000000000000000 0.75000000000000000
33 9 17 0.25000000000000000 0.25000000000000000 0.0000000000000000
33 10 40 0.75000000000000000 1.2500000000000000 1.0000000000000000
33 11 61 1.5000000000000000 0.75000000000000000 0.75000000000000000
33 12 18 0.25000000000000000 0.50000000000000000 0.25000000000000000
34 0.50000000000000000 0.75000000000000000 0.25000000000000000
34 1 35 0.50000000000000000 1.0000000000000000 0.50000000000000000
34 2 38 0.75000000000000000 0.75000000000000000 0.50000000000000000
34 3 50 0.75000000000000000 1.0000000000000000 0.25000000000000000
34 4 47 1.2500000000000000 1.0000000000000000 1.2500000000000000
34 5 22 0.50000000000000000 0.50000000000000000 0.50000000000000000
34 6 49 0.75000000000000000 0.75000000000000000 0.0000000000000000
34 7 33 0.50000000000000000 0.50000000000000000 0.0000000000000000
34 8 46 1.2500000000000000 0.75000000000000000 1.0000000000000000
34 9 18 0.25000000000000000 0.50000000000000000 0.25000000000000000
34 10 37 0.75000000000000000 0.50000000000000000 0.25000000000000000
34 11 62 1.5000000000000000 1.0000000000000000 1.0000000000000000
34 12 19 0.25000000000000000 0.75000000000000000 0.50000000000000000
35 0.50000000000000000 1.0000000000000000 0.50000000000000000
35 1 36 0.50000000000000000 1.2500000000000000 0.75000000000000000
35 2 39 0.75000000000000000 1.0000000000000000 0.75000000000000000
35 3 51 0.75000000000000000 1.2500000000000000 0.50000000000000000
35 4 48 1.2500000000000000 1.2500000000000000 1.5000000000000000
35 5 23 0.50000000000000000 0.75000000000000000 0.75000000000000000
35 6 50 0.75000000000000000 1.0000000000000000 0.25000000000000000
35 7 34 0.50000000000000000 0.75000000000000000 0.25000000000000000
35 8 47 1.2500000000000000 1.0000000000000000 1.2500000000000000
35 9 19 0.25000000000000000 0.75000000000000000 0.50000000000000000
35 10 38 0.75000000000000000 0.75000000000000000 0.50000000000000000
35 11 63 1.5000000000000000 1.2500000000000000 1.2500000000000000
35 12 20 0.25000000000000000 1.0000000000000000 0.75000000000000000
36 0.50000000000000000 1.2500000000000000 0.75000000000000000
36 1 33 0.50000000000000000 0.50000000000000000 0.0000000000000000
36 2 40 0.75000000000000000 1.2500000000000000 1.0000000000000000
36 3 52 0.75000000000000000 1.5000000000000000 0.75000000000000000
36 4 45 1.2500000000000000 0.50000000000000000 0.75000000000000000
36 5 24 0.50000000000000000 1.0000000000000000 1.0000000000000000
36 6 51 0.75000000000000000 1.2500000000000000 0.50000000000000000
36 7 35 0.50000000000000000 1.0000000000000000 0.50000000000000000
36 8 48 1.2500000000000000 1.2500000000000000 1.5000000000000000
36 9 20 0.25000000000000000 1.0000000000000000 0.75000000000000000
36 10 39 0.75000000000000000 1.0000000000000000 0.75000000000000000
36 11 64 1.5000000000000000 1.5000000000000000 1.5000000000000000
36 12 17 0.25000000000000000 0.25000000000000000 0.0000000000000000
37 0.75000000000000000 0.50000000000000000 0.25000000000000000
37 1 38 0.75000000000000000 0.75000000000000000 0.50000000000000000
37 2 41 1.0000000000000000 0.50000000000000000 0.50000000000000000
37 3 53 1.0000000000000000 0.75000000000000000 0.25000000000000000
37 4 34 0.50000000000000000 0.75000000000000000 0.25000000000000000
37 5 25 0.75000000000000000 0.25000000000000000 0.50000000000000000
37 6 56 1.0000000000000000 1.5000000000000000 1.0000000000000000
37 7 40 0.75000000000000000 1.2500000000000000 1.0000000000000000
37 8 33 0.50000000000000000 0.50000000000000000 0.0000000000000000
37 9 21 0.50000000000000000 0.25000000000000000 0.25000000000000000
37 10 44 1.0000000000000000 1.2500000000000000 1.2500000000000000
37 11 49 0.75000000000000000 0.75000000000000000 0.0000000000000000
37 12 22 0.50000000000000000 0.50000000000000000 0.50000000000000000
38 0.75000000000000000 0.75000000000000000 0.50000000000000000
38 1 39 0.75000000000000000 1.0000000000000000 0.75000000000000000
38 2 42 1.0000000000000000 0.75000000000000000 0.75000000000000000
38 3 54 1.0000000000000000 1.0000000000000000 0.50000000000000000
38 4 35 0.50000000000000000 1.0000000000000000 0.50000000000000000
38 5 26 0.75000000000000000 0.50000000000000000 0.75000000000000000
38 6 53 1.0000000000000000 0.75000000000000000 0.25000000000000000
38 7 37 0.75000000000000000 0.50000000000000000 0.25000000000000000
38 8 34 0.50000000000000000 0.75000000000000000 0.25000000000000000
38 9 22 0.50000000000000000 0.50000000000000000 0.50000000000000000
38 10 41 1.0000000000000000 0.50000000000000000 0.50000000000000000
38 11 50 0.75000000000000000 1.0000000000000000 0.25000000000000000
38 12 23 0.50000000000000000 0.75000000000000000 0.75000000000000000
39 0.75000000000000000 1.0000000000000000 0.75000000000000000
39 1 40 0.75000000000000000 1.2500000000000000 1.0000000000000000
39 2 43 1.0000000000000000 1.0000000000000000 1.0000000000000000
39 3 55 1.0000000000000000 1.2500000000000000 0.75000000000000000
39 4 36 0.50000000000000000 1.2500000000000000 0.75000000000000000
39 5 27 0.75000000000000000 0.75000000000000000 1.0000000000000000
39 6 54 1.0000000000000000 1.0000000000000000 0.50000000000000000
39 7 38 0.75000000000000000 0.75000000000000000 0.50000000000000000
39 8 35 0.50000000000000000 1.0000000000000000 0.50000000000000000
39 9 23 0.50000000000000000 0.75000000000000000 0.75000000000000000
39 10 42 1.0000000000000000 0.75000000000000000 0.75000000000000000
39 11 51 0.75000000000000000 1.2500000000000000 0.50000000000000000
39 12 24 0.50000000000000000 1.0000000000000000 1.0000000000000000
40 0.75000000000000000 1.2500000000000000 1.0000000000000000
40 1 37 0.75000000000000000 0.50000000000000000 0.25000000000000000
40 2 44 1.0000000000000000 1.2500000000000000 1.2500000000000000
40 3 56 1.0000000000000000 1.5000000000000000 1.0000000000000000
40 4 33 0.50000000000000000 0.50000000000000000 0.0000000000000000
40 5 28 0.75000000000000000 1.0000000000000000 1.2500000000000000
40 6 55 1.0000000000000000 1.2500000000000000 0.75000000000000000
40 7 39 0.75000000000000000 1.0000000000000000 0.75000000000000000
40 8 36 0.50000000000000000 1.2500000000000000 0.75000000000000000
40 9 24 0.50000000000000000 1.0000000000000000 1.0000000000000000
40 10 43 1.0000000000000000 1.0000000000000000 1.0000000000000000
40 11 52 0.75000000000000000 1.5000000000000000 0.75000000000000000
40 12 21 0.50000000000000000 0.25000000000000000 0.25000000000000000
41 1.0000000000000000 0.50000000000000000 0.50000000000000000
41 1 42 1.0000000000000000 0.75000000000000000 0.75000000000000000
41 2 45 1.2500000000000000 0.50000000000000000 0.75000000000000000
41 3 57 1.2500000000000000 0.75000000000000000 0.50000000000000000
41 4 38 0.75000000000000000 0.75000000000000000 0.50000000000000000
41 5 29 1.0000000000000000 0.25000000000000000 0.75000000000000000
41 6 60 1.2500000000000000 1.5000000000000000 1.2500000000000000
41 7 44 1.0000000000000000 1.2500000000000000 1.2500000000000000
41 8 37 0.75000000000000000 0.50000000000000000 0.25000000000000000
41 9 25 0.75000000000000000 0.25000000000000000 0.50000000000000000
41 10 48 1.2500000000000000 1.2500000000000000 1.5000000000000000
41 11 53 1.0000000000000000 0.75000000000000000 0.25000000000000000
41 12 26 0.75000000000000000 0.50000000000000000 0.75000000000000000
42 1.0000000000000000 0.75000000000000000 0.75000000000000000
42 1 43 1.0000000000000000 1.0000000000000000 1.0000000000000000
42 2 46 1.2500000000000000 0.75000000000000000 1.0000000000000000
42 3 58 1.2500000000000000 1.0000000000000000 0.75000000000000000
42 4 39 0.75000000000000000 1.0000000000000000 0.75000000000000000
42 5 30 1.0000000000000000 0.50000000000000000 1.0000000000000000
42 6 57 1.2500000000000000 0.75000000000000000 0.50000000000000000
42 7 41 1.0000000000000000 0.50000000000000000 0.50000000000000000
42 8 38 0.75000000000000000 0.75000000000000000 0.50000000000000000
42 9 26 0.75000000000000000 0.50000000000000000 0.75000000000000000
42 10 45 1.2500000000000000 0.50000000000000000 0.75000000000000000
42 11 54 1.0000000000000000 1.0000000000000000 0.50000000000000000
42 12 27 0.75000000000000000 0.75000000000000000 1.0000000000000000
43 1.0000000000000000 1.0000000000000000 1.0000000000000000
43 1 44 1.0000000000000000 1.2500000000000000 1.2500000000000000
43 2 47 1.2500000000000000 1.0000000000000000 1.2500000000000000
43 3 59 1.2500000000000000 1.2500000000000000 1.0000000000000000
43 4 40 0.75000000000000000 1.2500000000000000 1.0000000000000000
43 5 31 1.0000000000000000 0.75000000000000000 1.2500000000000000
43 6 58 1.2500000000000000 1.0000000000000000 0.75000000000000000
43 7 42 1.0000000000000000 0.75000000000000000 0.75000000000000000
43 8 39 0.75000000000000000 1.0000000000000000 0.75000000000000000
43 9 27 0.75000000000000000 0.75000000000000000 1.0000000000000000
43 10 46 1.2500000000000000 0.75000000000000000 1.0000000000000000
43 11 55 1.0000000000000000 1.2500000000000000 0.75000000000000000
43 12 28 0.75000000000000000 1.0000000000000000 1.2500000000000000
44 1.0000000000000000 1.2500000000000000 1.2500000000000000
44 1 41 1.0000000000000000 0.50000000000000000 0.50000000000000000
44 2 48 1.2500000000000000 1.2500000000000000 1.5000000000000000
44 3 60 1.2500000000000000 1.5000000000000000 1.2500000000000000
44 4 37 0.75000000000000000 0.50000000000000000 0.25000000000000000
44 5 32 1.0000000000000000 1.0000000000000000 1.5000000000000000
44 6 59 1.2500000000000000 1.2500000000000000 1.0000000000000000
44 7 43 1.0000000000000000 1.0000000000000000 1.0000000000000000
44 8 40 0.75000000000000000 1.2500000000000000 1.0000000000000000
44 9 28 0.75000000000000000 1.0000000000000000 1.2500000000000000
44 10 47 1.2500000000000000 1.0000000000000000 1.2500000000000000
44 11 56 1.0000000000000000 1.5000000000000000 1.0000000000000000
44 12 25 0.75000000000000000 0.25000000000000000 0.50000000000000000
45 1.2500000000000000 0.50000000000000000 0.75000000000000000
45 1 46 1.2500000000000000 0.75000000000000000 1.0000000000000000
45 2 33 0.50000000000000000 0.50000000000000000 0.0000000000000000
45 3 61 1.5000000000000000 0.75000000000000000 0.75000000000000000
45 4 42 1.0000000000000000 0.75000000000000000 0.75000000000000000
45 5 17 0.25000000000000000 0.25000000000000000 0.0000000000000000
45 6 64 1.5000000000000000 1.5000000000000000 1.5000000000000000
45 7 48 1.2500000000000000 1.2500000000000000 1.5000000000000000
45 8 41 1.0000000000000000 0.50000000000000000 0.50000000000000000
45 9 29 1.0000000000000000 0.25000000000000000 0.75000000000000000
45 10 36 0.50000000000000000 1.2500000000000000 0.75000000000000000
45 11 57 1.2500000000000000 0.75000000000000000 0.50000000000000000
45 12 30 1.0000000000000000 0.50000000000000000 1.0000000000000000
46 1.2500000000000000 0.75000000000000000 1.0000000000000000
46 1 47 1.2500000000000000 1.0000000000000000 1.2500000000000000
46 2 34 0.50000000000000000 0.75000000000000000 0.25000000000000000
46 3 62 1.5000000000000000 1.0000000000000000 1.0000000000000000
46 4 43 1.0000000000000000 1.0000000000000000 1.0000000000000000
46 5 18 0.25000000000000000 0.50000000000000000 0.25000000000000000
46 6 61 1.5000000000000000 0.75000000000000000 0.75000000000000000
46 7 45 1.2500000000000000 0.50000000000000000 0.75000000000000000
46 8 42 1.0000000000000000 0.75000000000000000 0.75000000000000000
46 9 30 1.0000000000000000 0.50000000000000000 1.0000000000000000
46 10 33 0.50000000000000000 0.50000000000000000 0.0000000000000000
46 11 58 1.2500000000000000 1.0000000000000000 0.75000000000000000
46 12 31 1.0000000000000000 0.75000000000000000 1.2500000000000000
47 1.2500000000000000 1.0000000000000000 1.2500000000000000
47 1 48 1.2500000000000000 1.2500000000000000 1.5000000000000000
47 2 35 0.50000000000000000 1.0000000000000000 0.50000000000000000
47 3 63 1.5000000000000000 1.2500000000000000 1.2500000000000000
47 4 44 1.0000000000000000 1.2500000000000000 1.2500000000000000
47 5 19 0.25000000000000000 0.75000000000000000 0.50000000000000000
47 6 62 1.5000000000000000 1.0000000000000000 1.0000000000000000
47 7 46 1.2500000000000000 0.75000000000000000 1.0000000000000000
47 8 43 1.0000000000000000 1.0000000000000000 1.0000000000000000
47 9 31 1.0000000000000000 0.75000000000000000 1.2500000000000000
47 10 34 0.50000000000000000 0.75000000000000000 0.25000000000000000
47 11 59 1.2500000000000000 1.2500000000000000 1.0000000000000000
47 12 32 1.0000000000000000 1.0000000000000000 1.5000000000000000
48 1.2500000000000000 1.2500000000000000 1.5000000000000000
48 1 45 1.2500000000000000 0.50000000000000000 0.75000000000000000
48 2 36 0.50000000000000000 1.2500000000000000 0.75000000000000000
48 3 64 1.5000000000000000 1.5000000000000000 1.5000000000000000
48 4 41 1.0000000000000000 0.50000000000000000 0.50000000000000000
48 5 20 0.25000000000000000 1.0000000000000000 0.75000000000000000
48 6 63 1.5000000000000000 1.2500000000000000 1.2500000000000000
48 7 47 1.2500000000000000 1.0000000000000000 1.2500000000000000
48 8 44 1.0000000000000000 1.2500000000000000 1.2500000000000000
48 9 32 1.0000000000000000 1.0000000000000000 1.5000000000000000
48 10 35 0.50000000000000000 1.0000000000000000 0.50000000000000000
48 11 60 1.2500000000000000 1.5000000000000000 1.2500000000000000
48 12 29 1.0000000000000000 0.25000000000000000 0.75000000000000000
49 0.75000000000000000 0.75000000000000000 0.0000000000000000
49 1 50 0.75000000000000000 1.0000000000000000 0.25000000000000000
49 2 53 1.0000000000000000 0.75000000000000000 0.25000000000000000
49 3 1 0.0000000000000000 0.0000000000000000 0.0000000000000000
49 4 62 1.5000000000000000 1.0000000000000000 1.0000000000000000
49 5 37 0.75000000000000000 0.50000000000000000 0.25000000000000000
49 6 4 0.0000000000000000 0.75000000000000000 0.75000000000000000
49 7 52 0.75000000000000000 1.5000000000000000 0.75000000000000000
49 8 61 1.5000000000000000 0.75000000000000000 0.75000000000000000
49 9 33 0.50000000000000000 0.50000000000000000 0.0000000000000000
49 10 56 1.0000000000000000 1.5000000000000000 1.0000000000000000
49 11 13 0.75000000000000000 0.0000000000000000 0.75000000000000000
49 12 34 0.50000000000000000 0.75000000000000000 0.25000000000000000
50 0.75000000000000000 1.0000000000000000 0.25000000000000000
50 1 51 0.75000000000000000 1.2500000000000000 0.50000000000000000
50 2 54 1.0000000000000000 1.0000000000000000 0.50000000000000000
50 3 2 0.0000000000000000 0.25000000000000000 0.25000000000000000
50 4 63 1.5000000000000000 1.2500000000000000 1.2500000000000000
50 5 38 0.75000000000000000 0.75000000000000000 0.50000000000000000
50 6 1 0.0000000000000000 0.0000000000000000 0.0000000000000000
50 7 49 0.75000000000000000 0.75000000000000000 0.0000000000000000
50 8 62 1.5000000000000000 1.0000000000000000 1.0000000000000000
50 9 34 0.50000000000000000 0.75000000000000000 0.25000000000000000
50 10 53 1.0000000000000000 0.75000000000000000 0.25000000000000000
50 11 14 0.75000000000000000 0.25000000000000000 1.0000000000000000
50 12 35 0.50000000000000000 1.0000000000000000 0.50000000000000000
51 0.75000000000000000 1.2500000000000000 0.50000000000000000
51 1 52 0.75000000000000000 1.5000000000000000 0.75000000000000000
51 2 55 1.0000000000000000 1.2500000000000000 0.75000000000000000
51 3 3 0.0000000000000000 0.50000000000000000 0.50000000000000000
51 4 64 1.5000000000000000 1.5000000000000000 1.5000000000000000
51 5 39 0.75000000000000000 1.0000000000000000 0.75000000000000000
51 6 2 0.0000000000000000 0.25000000000000000 0.25000000000000000
51 7 50 0.75000000000000000 1.0000000000000000 0.25000000000000000
51 8 63 1.5000000000000000 1.2500000000000000 1.2500000000000000
51 9 35 0.50000000000000000 1.0000000000000000 0.50000000000000000
51 10 54 1.0000000000000000 1.0000000000000000 0.50000000000000000
51 11 15 0.75000000000000000 0.50000000000000000 1.2500000000000000
51 12 36 0.50000000000000000 1.2500000000000000 0.75000000000000000
52 0.75000000000000000 1.5000000000000000 0.75000000000000000
52 1 49 0.75000000000000000 0.75000000000000000 0.0000000000000000
52 2 56 1.0000000000000000 1.5000000000000000 1.0000000000000000
52 3 4 0.0000000000000000 0.75000000000000000 0.75000000000000000
52 4 61 1.5000000000000000 0.75000000000000000 0.75000000000000000
52 5 40 0.75000000000000000 1.2500000000000000 1.0000000000000000
52 6 3 0.0000000000000000 0.50000000000000000 0.50000000000000000
52 7 51 0.75000000000000000 1.2500000000000000 0.50000000000000000
52 8 64 1.5000000000000000 1.5000000000000000 1.5000000000000000
52 9 36 0.50000000000000000 1.2500000000000000 0.75000000000000000
52 10 55 1.0000000000000000 1.2500000000000000 0.75000000000000000
52 11 16 0.75000000000000000 0.75000000000000000 1.5000000000000000
52 12 33 0.50000000000000000 0.50000000000000000 0.0000000000000000
53 1.0000000000000000 0.75000000000000000 0.25000000000000000
53 1 54 1.0000000000000000 1.0000000000000000 0.50000000000000000
53 2 57 1.2500000000000000 0.75000000000000000 0.50000000000000000
53 3 5 0.25000000000000000 0.0000000000000000 0.25000000000000000
53 4 50 0.75000000000000000 1.0000000000000000 0.25000000000000000
53 5 41 1.0000000000000000 0.50000000000000000 0.50000000000000000
53 6 8 0.25000000000000000 0.75000000000000000 1.0000000000000000
53 7 56 1.0000000000000000 1.5000000000000000 1.0000000000000000
53 8 49 0.75000000000000000 0.75000000000000000 0.0000000000000000
53 9 37 0.75000000000000000 0.50000000000000000 0.25000000000000000
53 10 60 1.2500000000000000 1.5000000000000000 1.2500000000000000
53 11 1 0.0000000000000000 0.0000000000000000 0.0000000000000000
53 12 38 0.75000000000000000 0.75000000000000000 0.50000000000000000
54 1.0000000000000000 1.0000000000000000 0.50000000000000000
54 1 55 1.0000000000000000 1.2500000000000000 0.75000000000000000
54 2 58 1.2500000000000000 1.0000000000000000 0.75000000000000000
54 3 6 0.25000000000000000 0.25000000000000000 0.50000000000000000
54 4 51 0.75000000000000000 1.2500000000000000 0.50000000000000000
54 5 42 1.0000000000000000 0.75000000000000000 0.75000000000000000
54 6 5 0.25000000000000000 0.0000000000000000 0.25000000000000000
54 7 53 1.0000000000000000 0.75000000000000000 0.25000000000000000
54 8 50 0.75000000000000000 1.0000000000000000 0.25000000000000000
54 9 38 0.75000000000000000 0.75000000000000000 0.50000000000000000
54 10 57 1.2500000000000000 0.75000000000000000 0.50000000000000000
54 11 2 0.0000000000000000 0.25000000000000000 0.25000000000000000
54 12 39 0.75000000000000000 1.0000000000000000 0.75000000000000000
55 1.0000000000000000 1.2500000000000000 0.75000000000000000
55 1 56 1.0000000000000000 1.5000000000000000 1.0000000000000000
55 2 59 1.2500000000000000 1.2500000000000000 1.0000000000000000
55 3 7 0.25000000000000000 0.50000000000000000 0.75000000000000000
55 4 52 0.75000000000000000 1.5000000000000000 0.75000000000000000
55 5 43 1.0000000000000000 1.0000000000000000 1.0000000000000000
55 6 6 0.25000000000000000 0.25000000000000000 0.50000000000000000
55 7 54 1.0000000000000000 1.0000000000000000 0.50000000000000000
55 8 51 0.75000000000000000 1.2500000000000000 0.50000000000000000
55 9 39 0.75000000000000000 1.0000000000000000 0.75000000000000000
55 10 58 1.2500000000000000 1.0000000000000000 0.75000000000000000
55 11 3 0.0000000000000000 0.50000000000000000 0.50000000000000000
55 12 40 0.75000000000000000 1.2500000000000000 1.0000000000000000
56 1.0000000000000000 1.5000000000000000 1.0000000000000000
56 1 53 1.0000000000000000 0.75000000000000000 0.25000000000000000
56 2 60 1.2500000000000000 1.5000000000000000 1.2500000000000000
56 3 8 0.25000000000000000 0.75000000000000000 1.0000000000000000
56 4 49 0.75000000000000000 0.75000000000000000 0.0000000000000000
56 5 44 1.0000000000000000 1.2500000000000000 1.2500000000000000
56 6 7 0.25000000000000000 0.50000000000000000 0.75000000000000000
56 7 55 1.0000000000000000 1.2500000000000000 0.75000000000000000
56 8 52 0.75000000000000000 1.5000000000000000 0.75000000000000000
56 9 40 0.75000000000000000 1.2500000000000000 1.0000000000000000
56 10 59 1.2500000000000000 1.2500000000000000 1.0000000000000000
56 11 4 0.0000000000000000 0.75000000000000000 0.75000000000000000
56 12 37 0.75000000000000000 0.50000000000000000 0.25000000000000000
57 1.2500000000000000 0.75000000000000000 0.50000000000000000
57 1 58 1.2500000000000000 1.0000000000000000 0.75000000000000000
57 2 61 1.5000000000000000 0.75000000000000000 0.75000000000000000
57 3 9 0.50000000000000000 0.0000000000000000 0.50000000000000000
57 4 54 1.0000000000000000 1.0000000000000000 0.50000000000000000
57 5 45 1.2500000000000000 0.50000000000000000 0.75000000000000000
57 6 12 0.50000000000000000 0.75000000000000000 1.2500000000000000
57 7 60 1.2500000000000000 1.5000000000000000 1.2500000000000000
57 8 53 1.0000000000000000 0.75000000000000000 0.25000000000000000
57 9 41 1.0000000000000000 0.50000000000000000 0.50000000000000000
57 10 64 1.5000000000000000 1.5000000000000000 1.5000000000000000
57 11 5 0.25000000000000000 0.0000000000000000 0.25000000000000000
57 12 42 1.0000000000000000 0.75000000000000000 0.75000000000000000
58 1.2500000000000000 1.0000000000000000 0.75000000000000000
58 1 59 1.2500000000000000 1.2500000000000000 1.0000000000000000
58 2 62 1.5000000000000000 1.0000000000000000 1.0000000000000000
58 3 10 0.50000000000000000 0.25000000000000000 0.75000000000000000
58 4 55 1.0000000000000000 1.2500000000000000 0.75000000000000000
58 5 46 1.2500000000000000 0.75000000000000000 1.0000000000000000
58 6 9 0.50000000000000000 0.0000000000000000 0.50000000000000000
58 7 57 1.2500000000000000 0.75000000000000000 0.50000000000000000
58 8 54 1.0000000000000000 1.0000000000000000 0.50000000000000000
58 9 42 1.0000000000000000 0.75000000000000000 0.75000000000000000
58 10 61 1.5000000000000000 0.75000000000000000 0.75000000000000000
58 11 6 0.25000000000000000 0.25000000000000000 0.50000000000000000
58 12 43 1.0000000000000000 1.0000000000000000 1.0000000000000000
59 1.2500000000000000 1.2500000000000000 1.0000000000000000
59 1 60 1.2500000000000000 1.5000000000000000 1.2500000000000000
59 2 63 1.5000000000000000 1.2500000000000000 1.2500000000000000
59 3 11 0.50000000000000000 0.50000000000000000 1.0000000000000000
59 4 56 1.0000000000000000 1.5000000000000000 1.0000000000000000
59 5 47 1.2500000000000000 1.0000000000000000 1.2500000000000000
59 6 10 0.50000000000000000 0.25000000000000000 0.75000000000000000
59 7 58 1.2500000000000000 1.0000000000000000 0.75000000000000000
59 8 55 1.0000000000000000 1.2500000000000000 0.75000000000000000
59 9 43 1.0000000000000000 1.0000000000000000 1.0000000000000000
59 10 62 1.5000000000000000 1.0000000000000000 1.0000000000000000
59 11 7 0.25000000000000000 0.50000000000000000 0.75000000000000000
59 12 44 1.0000000000000000 1.2500000000000000 1.2500000000000000
60 1.2500000000000000 1.5000000000000000 1.2500000000000000
60 1 57 1.2500000000000000 0.75000000000000000 0.50000000000000000
60 2 64 1.5000000000000000 1.5000000000000000 1.5000000000000000
60 3 12 0.50000000000000000 0.75000000000000000 1.2500000000000000
60 4 53 1.0000000000000000 0.75000000000000000 0.25000000000000000
60 5 48 1.2500000000000000 1.2500000000000000 1.5000000000000000
60 6 11 0.50000000000000000 0.50000000000000000 1.0000000000000000
60 7 59 1.2500000000000000 1.2500000000000000 1.0000000000000000
60 8 56 1.0000000000000000 1.5000000000000000 1.0000000000000000
60 9 44 1.0000000000000000 1.2500000000000000 1.2500000000000000
60 10 63 1.5000000000000000 1.2500000000000000 1.2500000000000000
60 11 8 0.25000000000000000 0.75000000000000000 1.0000000000000000
60 12 41 1.0000000000000000 0.50000000000000000 0.50000000000000000
61 1.5000000000000000 0.75000000000000000 0.75000000000000000
61 1 62 1.5000000000000000 1.0000000000000000 1.0000000000000000
61 2 49 0.75000000000000000 0.75000000000000000 0.0000000000000000
61 3 13 0.75000000000000000 0.0000000000000000 0.75000000000000000
61 4 58 1.2500000000000000 1.0000000000000000 0.75000000000000000
61 5 33 0.50000000000000000 0.50000000000000000 0.0000000000000000
61 6 16 0.75000000000000000 0.75000000000000000 1.5000000000000000
61 7 64 1.5000000000000000 1.5000000000000000 1.5000000000000000
61 8 57 1.2500000000000000 0.75000000000000000 0.50000000000000000
61 9 45 1.2500000000000000 0.50000000000000000 0.75000000000000000
61 10 52 0.75000000000000000 1.5000000000000000 0.75000000000000000
61 11 9 0.50000000000000000 0.0000000000000000 0.50000000000000000
61 12 46 1.2500000000000000 0.75000000000000000 1.0000000000000000
62 1.5000000000000000 1.0000000000000000 1.0000000000000000
62 1 63 1.5000000000000000 1.2500000000000000 1.2500000000000000
62 2 50 0.75000000000000000 1.0000000000000000 0.25000000000000000
62 3 14 0.75000000000000000 0.25000000000000000 1.0000000000000000
62 4 59 1.2500000000000000 1.2500000000000000 1.0000000000000000
62 5 34 0.50000000000000000 0.75000000000000000 0.25000000000000000
62 6 13 0.75000000000000000 0.0000000000000000 0.75000000000000000
62 7 61 1.5000000000000000 0.75000000000000000 0.75000000000000000
62 8 58 1.2500000000000000 1.0000000000000000 0.75000000000000000
62 9 46 1.2500000000000000 0.75000000000000000 1.0000000000000000
62 10 49 0.75000000000000000 0.75000000000000000 0.0000000000000000
62 11 10 0.50000000000000000 0.25000000000000000 0.75000000000000000
62 12 47 1.2500000000000000 1.0000000000000000 1.2500000000000000
63 1.5000000000000000 1.2500000000000000 1.2500000000000000
63 1 64 1.5000000000000000 1.5000000000000000 1.5000000000000000
63 2 51 0.75000000000000000 1.2500000000000000 0.50000000000000000
63 3 15 0.75000000000000000 0.50000000000000000 1.2500000000000000
63 4 60 1.2500000000000000 1.5000000000000000 1.2500000000000000
63 5 35 0.50000000000000000 1.0000000000000000 0.50000000000000000
63 6 14 0.75000000000000000 0.25000000000000000 1.0000000000000000
63 7 62 1.5000000000000000 1.0000000000000000 1.0000000000000000
63 8 59 1.2500000000000000 1.2500000000000000 1.0000000000000000
63 9 47 1.2500000000000000 1.0000000000000000 1.2500000000000000
63 10 50 0.75000000000000000 1.0000000000000000 0.25000000000000000
63 11 11 0.50000000000000000 0.50000000000000000 1.0000000000000000
63 12 48 1.2500000000000000 1.2500000000000000 1.5000000000000000
64 1.5000000000000000 1.5000000000000000 1.5000000000000000
64 1 61 1.5000000000000000 0.75000000000000000 0.75000000000000000
64 2 52 0.75000000000000000 1.5000000000000000 0.75000000000000000
64 3 16 0.75000000000000000 0.75000000000000000 1.5000000000000000
64 4 57 1.2500000000000000 0.75000000000000000 0.50000000000000000
64 5 36 0.50000000000000000 1.2500000000000000 0.75000000000000000
64 6 15 0.75000000000000000 0.50000000000000000 1.2500000000000000
64 7 63 1.5000000000000000 1.2500000000000000 1.2500000000000000
64 8 60 1.2500000000000000 1.5000000000000000 1.2500000000000000
64 9 48 1.2500000000000000 1.2500000000000000 1.5000000000000000
64 10 51 0.75000000000000000 1.2500000000000000 0.50000000000000000
64 11 12 0.50000000000000000 0.75000000000000000 1.2500000000000000
64 12 45 1.2500000000000000 0.50000000000000000 0.75000000000000000
nspx
2
1 40 40
1 40 40
