        0.00000       -0.58326   2   1
        0.00000       -0.37475   2   2
        0.00000       -0.37475   2   3
        0.00000       -0.19320   2   4
        0.00000       -0.19320   2   5
        0.00000       -0.19246   2   6
        0.00000       -0.11149   2   7
        0.00000       -0.11149   2   8
        0.00000       -0.10682   2   9
        0.00000       -0.09001   2  10
        0.00000       -0.09001   2  11
        0.00000       -0.01532   2  12
        0.00000       -0.01532   2  13
        0.00000        0.00532   2  14
        0.00000        0.15475   2  15
        0.00000        0.15475   2  16
        0.06186       -0.57944   2   1
        0.06186       -0.37350   2   2
        0.06186       -0.37350   2   3
        0.06186       -0.20116   2   4
        0.06186       -0.19928   2   5
        0.06186       -0.19928   2   6
        0.06186       -0.11097   2   7
        0.06186       -0.11097   2   8
        0.06186       -0.10347   2   9
        0.06186       -0.08358   2  10
        0.06186       -0.08358   2  11
        0.06186       -0.01589   2  12
        0.06186       -0.01589   2  13
        0.06186        0.00416   2  14
        0.06186        0.15299   2  15
        0.06186        0.15299   2  16
        0.12372       -0.56812   2   1
        0.12372       -0.36980   2   2
        0.12372       -0.36980   2   3
        0.12372       -0.22404   2   4
        0.12372       -0.21420   2   5
        0.12372       -0.21420   2   6
        0.12372       -0.10954   2   7
        0.12372       -0.10954   2   8
        0.12372       -0.09635   2   9
        0.12372       -0.06780   2  10
        0.12372       -0.06780   2  11
        0.12372       -0.01749   2  12
        0.12372       -0.01749   2  13
        0.12372        0.00088   2  14
        0.12372        0.14782   2  15
        0.12372        0.14782   2  16
        0.18558       -0.54977   2   1
        0.18558       -0.36376   2   2
        0.18558       -0.36376   2   3
        0.18558       -0.25632   2   4
        0.18558       -0.23295   2   5
        0.18558       -0.23295   2   6
        0.18558       -0.10741   2   7
        0.18558       -0.10741   2   8
        0.18558       -0.08923   2   9
        0.18558       -0.04825   2  10
        0.18558       -0.04825   2  11
        0.18558       -0.01961   2  12
        0.18558       -0.01961   2  13
        0.18558       -0.00398   2  14
        0.18558        0.13964   2  15
        0.18558        0.13964   2  16
        0.24744       -0.52503   2   1
        0.24744       -0.35552   2   2
        0.24744       -0.35552   2   3
        0.24744       -0.29470   2   4
        0.24744       -0.25257   2   5
        0.24744       -0.25257   2   6
        0.24744       -0.10491   2   7
        0.24744       -0.10491   2   8
        0.24744       -0.08352   2   9
        0.24744       -0.03097   2  10
        0.24744       -0.03097   2  11
        0.24744       -0.01916   2  12
        0.24744       -0.01916   2  13
        0.24744       -0.00956   2  14
        0.24744        0.12923   2  15
        0.24744        0.12923   2  16
        0.30929       -0.49466   2   1
        0.30929       -0.34548   2   2
        0.30929       -0.34548   2   3
        0.30929       -0.33642   2   4
        0.30929       -0.27125   2   5
        0.30929       -0.27125   2   6
        0.30929       -0.10249   2   7
        0.30929       -0.10249   2   8
        0.30929       -0.07939   2   9
        0.30929       -0.02850   2  10
        0.30929       -0.02850   2  11
        0.30929       -0.01478   2  12
        0.30929       -0.00545   2  13
        0.30929       -0.00545   2  14
        0.30929        0.11792   2  15
        0.30929        0.11792   2  16
        0.37115       -0.45953   2   1
        0.37115       -0.37903   2   2
        0.37115       -0.33498   2   3
        0.37115       -0.33498   2   4
        0.37115       -0.28702   2   5
        0.37115       -0.28702   2   6
        0.37115       -0.10069   2   7
        0.37115       -0.10069   2   8
        0.37115       -0.07681   2   9
        0.37115       -0.03001   2  10
        0.37115       -0.03001   2  11
        0.37115       -0.01856   2  12
        0.37115        0.00846   2  13
        0.37115        0.00846   2  14
        0.37115        0.10819   2  15
        0.37115        0.10819   2  16
        0.43301       -0.42241   2   1
        0.43301       -0.41876   2   2
        0.43301       -0.32924   2   3
        0.43301       -0.32924   2   4
        0.43301       -0.29451   2   5
        0.43301       -0.29451   2   6
        0.43301       -0.10002   2   7
        0.43301       -0.10002   2   8
        0.43301       -0.07591   2   9
        0.43301       -0.03069   2  10
        0.43301       -0.03069   2  11
        0.43301       -0.01994   2  12
        0.43301        0.01408   2  13
        0.43301        0.01408   2  14
        0.43301        0.10408   2  15
        0.43301        0.10408   2  16
        0.43301       -0.42241   2   1
        0.43301       -0.41876   2   2
        0.43301       -0.32924   2   3
        0.43301       -0.32924   2   4
        0.43301       -0.29451   2   5
        0.43301       -0.29451   2   6
        0.43301       -0.10002   2   7
        0.43301       -0.10002   2   8
        0.43301       -0.07591   2   9
        0.43301       -0.03069   2  10
        0.43301       -0.03069   2  11
        0.43301       -0.01994   2  12
        0.43301        0.01408   2  13
        0.43301        0.01408   2  14
        0.43301        0.10408   2  15
        0.43301        0.10408   2  16
        0.48826       -0.42328   2   1
        0.48826       -0.42067   2   2
        0.48826       -0.32983   2   3
        0.48826       -0.32856   2   4
        0.48826       -0.29517   2   5
        0.48826       -0.29437   2   6
        0.48826       -0.10061   2   7
        0.48826       -0.09956   2   8
        0.48826       -0.07540   2   9
        0.48826       -0.03101   2  10
        0.48826       -0.03099   2  11
        0.48826       -0.01930   2  12
        0.48826        0.01136   2  13
        0.48826        0.01311   2  14
        0.48826        0.10370   2  15
        0.48826        0.10552   2  16
        0.54350       -0.42606   2   1
        0.54350       -0.42594   2   2
        0.54350       -0.33145   2   3
        0.54350       -0.32672   2   4
        0.54350       -0.29709   2   5
        0.54350       -0.29426   2   6
        0.54350       -0.10204   2   7
        0.54350       -0.09879   2   8
        0.54350       -0.07336   2   9
        0.54350       -0.03278   2  10
        0.54350       -0.03212   2  11
        0.54350       -0.01761   2  12
        0.54350        0.00540   2  13
        0.54350        0.01052   2  14
        0.54350        0.10271   2  15
        0.54350        0.10895   2  16
        0.59874       -0.43413   2   1
        0.59874       -0.43056   2   2
        0.59874       -0.33367   2   3
        0.59874       -0.32413   2   4
        0.59874       -0.30017   2   5
        0.59874       -0.29507   2   6
        0.59874       -0.10348   2   7
        0.59874       -0.09888   2   8
        0.59874       -0.06889   2   9
        0.59874       -0.03833   2  10
        0.59874       -0.03432   2  11
        0.59874       -0.01543   2  12
        0.59874        0.00122   2  13
        0.59874        0.00724   2  14
        0.59874        0.10138   2  15
        0.59874        0.11276   2  16
        0.65398       -0.44394   2   1
        0.65398       -0.43723   2   2
        0.65398       -0.33595   2   3
        0.65398       -0.32125   2   4
        0.65398       -0.30437   2   5
        0.65398       -0.29788   2   6
        0.65398       -0.10392   2   7
        0.65398       -0.10020   2   8
        0.65398       -0.06199   2   9
        0.65398       -0.04809   2  10
        0.65398       -0.03784   2  11
        0.65398       -0.01300   2  12
        0.65398        0.00166   2  13
        0.65398        0.00444   2  14
        0.65398        0.10002   2  15
        0.65398        0.11574   2  16
        0.70923       -0.45466   2   1
        0.70923       -0.44580   2   2
        0.70923       -0.33794   2   3
        0.70923       -0.31850   2   4
        0.70923       -0.30965   2   5
        0.70923       -0.30345   2   6
        0.70923       -0.10285   2   7
        0.70923       -0.10227   2   8
        0.70923       -0.05872   2   9
        0.70923       -0.05364   2  10
        0.70923       -0.04226   2  11
        0.70923       -0.01028   2  12
        0.70923        0.00296   2  13
        0.70923        0.00517   2  14
        0.70923        0.09886   2  15
        0.70923        0.11730   2  16
        0.76447       -0.46557   2   1
        0.76447       -0.45583   2   2
        0.76447       -0.33973   2   3
        0.76447       -0.31692   2   4
        0.76447       -0.31581   2   5
        0.76447       -0.31133   2   6
        0.76447       -0.10448   2   7
        0.76447       -0.10107   2   8
        0.76447       -0.06624   2   9
        0.76447       -0.04775   2  10
        0.76447       -0.04381   2  11
        0.76447       -0.00738   2  12
        0.76447        0.00296   2  13
        0.76447        0.00990   2  14
        0.76447        0.09804   2  15
        0.76447        0.11732   2  16
        0.81971       -0.47605   2   1
        0.81971       -0.46658   2   2
        0.81971       -0.34197   2   3
        0.81971       -0.32424   2   4
        0.81971       -0.32234   2   5
        0.81971       -0.31363   2   6
        0.81971       -0.10643   2   7
        0.81971       -0.10086   2   8
        0.81971       -0.06717   2   9
        0.81971       -0.05090   2  10
        0.81971       -0.03582   2  11
        0.81971       -0.00444   2  12
        0.81971        0.00421   2  13
        0.81971        0.01481   2  14
        0.81971        0.09770   2  15
        0.81971        0.11593   2  16
        0.87495       -0.48559   2   1
        0.87495       -0.47725   2   2
        0.87495       -0.34596   2   3
        0.87495       -0.33676   2   4
        0.87495       -0.32813   2   5
        0.87495       -0.31358   2   6
        0.87495       -0.10783   2   7
        0.87495       -0.10261   2   8
        0.87495       -0.06136   2   9
        0.87495       -0.05309   2  10
        0.87495       -0.02836   2  11
        0.87495       -0.00145   2  12
        0.87495        0.00632   2  13
        0.87495        0.01927   2  14
        0.87495        0.09794   2  15
        0.87495        0.11345   2  16
        0.93020       -0.49372   2   1
        0.93020       -0.48705   2   2
        0.93020       -0.35275   2   3
        0.93020       -0.35021   2   4
        0.93020       -0.33231   2   5
        0.93020       -0.31487   2   6
        0.93020       -0.10837   2   7
        0.93020       -0.10404   2   8
        0.93020       -0.05391   2   9
        0.93020       -0.05212   2  10
        0.93020       -0.02217   2  11
        0.93020        0.00175   2  12
        0.93020        0.00883   2  13
        0.93020        0.02270   2  14
        0.93020        0.09885   2  15
        0.93020        0.11036   2  16
        0.98544       -0.50006   2   1
        0.98544       -0.49526   2   2
        0.98544       -0.36370   2   3
        0.98544       -0.36179   2   4
        0.98544       -0.33551   2   5
        0.98544       -0.31775   2   6
        0.98544       -0.10779   2   7
        0.98544       -0.10370   2   8
        0.98544       -0.05378   2   9
        0.98544       -0.04248   2  10
        0.98544       -0.01728   2  11
        0.98544        0.00551   2  12
        0.98544        0.01119   2  13
        0.98544        0.02459   2  14
        0.98544        0.10042   2  15
        0.98544        0.10729   2  16
        1.04068       -0.50428   2   1
        1.04068       -0.50131   2   2
        1.04068       -0.37668   2   3
        1.04068       -0.37203   2   4
        1.04068       -0.33869   2   5
        1.04068       -0.32214   2   6
        1.04068       -0.10590   2   7
        1.04068       -0.10132   2   8
        1.04068       -0.05329   2   9
        1.04068       -0.03445   2  10
        1.04068       -0.01351   2  11
        1.04068        0.01003   2  12
        1.04068        0.01292   2  13
        1.04068        0.02454   2  14
        1.04068        0.10250   2  15
        1.04068        0.10495   2  16
        1.09593       -0.50615   2   1
        1.09593       -0.50473   2   2
        1.09593       -0.38874   2   3
        1.09593       -0.38280   2   4
        1.09593       -0.34231   2   5
        1.09593       -0.32774   2   6
        1.09593       -0.10268   2   7
        1.09593       -0.09716   2   8
        1.09593       -0.05300   2   9
        1.09593       -0.02902   2  10
        1.09593       -0.01067   2  11
        1.09593        0.01378   2  12
        1.09593        0.01481   2  13
        1.09593        0.02251   2  14
        1.09593        0.10401   2  15
        1.09593        0.10479   2  16
        1.15117       -0.50557   2   1
        1.15117       -0.50528   2   2
        1.15117       -0.39964   2   3
        1.15117       -0.39366   2   4
        1.15117       -0.34643   2   5
        1.15117       -0.33411   2   6
        1.15117       -0.09827   2   7
        1.15117       -0.09174   2   8
        1.15117       -0.05327   2   9
        1.15117       -0.02613   2  10
        1.15117       -0.00866   2  11
        1.15117        0.01378   2  12
        1.15117        0.01652   2  13
        1.15117        0.02097   2  14
        1.15117        0.10484   2  15
        1.15117        0.10688   2  16
        1.20641       -0.50295   2   1
        1.20641       -0.50267   2   2
        1.20641       -0.40914   2   3
        1.20641       -0.40422   2   4
        1.20641       -0.35093   2   5
        1.20641       -0.34079   2   6
        1.20641       -0.09295   2   7
        1.20641       -0.08565   2   8
        1.20641       -0.05424   2   9
        1.20641       -0.02528   2  10
        1.20641       -0.00754   2  11
        1.20641        0.01200   2  12
        1.20641        0.01319   2  13
        1.20641        0.02264   2  14
        1.20641        0.10738   2  15
        1.20641        0.10841   2  16
        1.26165       -0.49812   2   1
        1.26165       -0.49791   2   2
        1.26165       -0.41694   2   3
        1.26165       -0.41396   2   4
        1.26165       -0.35564   2   5
        1.26165       -0.34733   2   6
        1.26165       -0.08704   2   7
        1.26165       -0.07950   2   8
        1.26165       -0.05588   2   9
        1.26165       -0.02611   2  10
        1.26165       -0.00755   2  11
        1.26165        0.00676   2  12
        1.26165        0.01252   2  13
        1.26165        0.02261   2  14
        1.26165        0.10914   2  15
        1.26165        0.11107   2  16
        1.31690       -0.49225   2   1
        1.31690       -0.49172   2   2
        1.31690       -0.42242   2   3
        1.31690       -0.42202   2   4
        1.31690       -0.36034   2   5
        1.31690       -0.35337   2   6
        1.31690       -0.08089   2   7
        1.31690       -0.07382   2   8
        1.31690       -0.05807   2   9
        1.31690       -0.02833   2  10
        1.31690       -0.00898   2  11
        1.31690        0.00236   2  12
        1.31690        0.01236   2  13
        1.31690        0.02060   2  14
        1.31690        0.10902   2  15
        1.31690        0.11514   2  16
        1.31690       -0.49225   2   1
        1.31690       -0.49172   2   2
        1.31690       -0.42242   2   3
        1.31690       -0.42202   2   4
        1.31690       -0.36034   2   5
        1.31690       -0.35337   2   6
        1.31690       -0.08089   2   7
        1.31690       -0.07382   2   8
        1.31690       -0.05807   2   9
        1.31690       -0.02833   2  10
        1.31690       -0.00898   2  11
        1.31690        0.00236   2  12
        1.31690        0.01236   2  13
        1.31690        0.02060   2  14
        1.31690        0.10902   2  15
        1.31690        0.11514   2  16
        1.37582       -0.48702   2   1
        1.37582       -0.48533   2   2
        1.37582       -0.42688   2   3
        1.37582       -0.42450   2   4
        1.37582       -0.36509   2   5
        1.37582       -0.35900   2   6
        1.37582       -0.07460   2   7
        1.37582       -0.06883   2   8
        1.37582       -0.06076   2   9
        1.37582       -0.03146   2  10
        1.37582       -0.01195   2  11
        1.37582       -0.00145   2  12
        1.37582        0.01308   2  13
        1.37582        0.01749   2  14
        1.37582        0.10811   2  15
        1.37582        0.11905   2  16
        1.43475       -0.48470   2   1
        1.43475       -0.48265   2   2
        1.43475       -0.42525   2   3
        1.43475       -0.42138   2   4
        1.43475       -0.36916   2   5
        1.43475       -0.36358   2   6
        1.43475       -0.07072   2   7
        1.43475       -0.06536   2   8
        1.43475       -0.06219   2   9
        1.43475       -0.03397   2  10
        1.43475       -0.01552   2  11
        1.43475       -0.00579   2  12
        1.43475        0.01456   2  13
        1.43475        0.01538   2  14
        1.43475        0.10671   2  15
        1.43475        0.12186   2  16
        1.49367       -0.48583   2   1
        1.49367       -0.48489   2   2
        1.49367       -0.41711   2   3
        1.49367       -0.41338   2   4
        1.49367       -0.37170   2   5
        1.49367       -0.36698   2   6
        1.49367       -0.07390   2   7
        1.49367       -0.06344   2   8
        1.49367       -0.05843   2   9
        1.49367       -0.03505   2  10
        1.49367       -0.01835   2  11
        1.49367       -0.01130   2  12
        1.49367        0.01547   2  13
        1.49367        0.01637   2  14
        1.49367        0.10518   2  15
        1.49367        0.12317   2  16
        1.55260       -0.48998   2   1
        1.55260       -0.48918   2   2
        1.55260       -0.40713   2   3
        1.55260       -0.40292   2   4
        1.55260       -0.37072   2   5
        1.55260       -0.36893   2   6
        1.55260       -0.08125   2   7
        1.55260       -0.06252   2   8
        1.55260       -0.05293   2   9
        1.55260       -0.03603   2  10
        1.55260       -0.01923   2  11
        1.55260       -0.01561   2  12
        1.55260        0.01719   2  13
        1.55260        0.01805   2  14
        1.55260        0.10388   2  15
        1.55260        0.12279   2  16
        1.61152       -0.49573   2   1
        1.61152       -0.49331   2   2
        1.61152       -0.40106   2   3
        1.61152       -0.39315   2   4
        1.61152       -0.36869   2   5
        1.61152       -0.36344   2   6
        1.61152       -0.09057   2   7
        1.61152       -0.06183   2   8
        1.61152       -0.04790   2   9
        1.61152       -0.03985   2  10
        1.61152       -0.01762   2  11
        1.61152       -0.01505   2  12
        1.61152        0.01912   2  13
        1.61152        0.01955   2  14
        1.61152        0.10305   2  15
        1.61152        0.12081   2  16
        1.67045       -0.50095   2   1
        1.67045       -0.49723   2   2
        1.67045       -0.39968   2   3
        1.67045       -0.38706   2   4
        1.67045       -0.36520   2   5
        1.67045       -0.35136   2   6
        1.67045       -0.10051   2   7
        1.67045       -0.06108   2   8
        1.67045       -0.04582   2   9
        1.67045       -0.04396   2  10
        1.67045       -0.01373   2  11
        1.67045       -0.01010   2  12
        1.67045        0.01915   2  13
        1.67045        0.02186   2  14
        1.67045        0.10279   2  15
        1.67045        0.11759   2  16
        1.72938       -0.50500   2   1
        1.72938       -0.50036   2   2
        1.72938       -0.40015   2   3
        1.72938       -0.38479   2   4
        1.72938       -0.35974   2   5
        1.72938       -0.33926   2   6
        1.72938       -0.10946   2   7
        1.72938       -0.06030   2   8
        1.72938       -0.05146   2   9
        1.72938       -0.04131   2  10
        1.72938       -0.00853   2  11
        1.72938       -0.00373   2  12
        1.72938        0.01798   2  13
        1.72938        0.02372   2  14
        1.72938        0.10299   2  15
        1.72938        0.11387   2  16
        1.78830       -0.50756   2   1
        1.78830       -0.50236   2   2
        1.78830       -0.40083   2   3
        1.78830       -0.38420   2   4
        1.78830       -0.35535   2   5
        1.78830       -0.33062   2   6
        1.78830       -0.11577   2   7
        1.78830       -0.05961   2   8
        1.78830       -0.05542   2   9
        1.78830       -0.03982   2  10
        1.78830       -0.00360   2  11
        1.78830        0.00152   2  12
        1.78830        0.01600   2  13
        1.78830        0.02490   2  14
        1.78830        0.10334   2  15
        1.78830        0.11078   2  16
        1.84723       -0.50842   2   1
        1.84723       -0.50304   2   2
        1.84723       -0.40111   2   3
        1.84723       -0.38410   2   4
        1.84723       -0.35374   2   5
        1.84723       -0.32749   2   6
        1.84723       -0.11807   2   7
        1.84723       -0.05922   2   8
        1.84723       -0.05695   2   9
        1.84723       -0.03934   2  10
        1.84723       -0.00135   2  11
        1.84723        0.00356   2  12
        1.84723        0.01482   2  13
        1.84723        0.02531   2  14
        1.84723        0.10351   2  15
        1.84723        0.10956   2  16
        1.84723       -0.50842   2   1
        1.84723       -0.50304   2   2
        1.84723       -0.40111   2   3
        1.84723       -0.38410   2   4
        1.84723       -0.35374   2   5
        1.84723       -0.32749   2   6
        1.84723       -0.11807   2   7
        1.84723       -0.05922   2   8
        1.84723       -0.05695   2   9
        1.84723       -0.03934   2  10
        1.84723       -0.00135   2  11
        1.84723        0.00356   2  12
        1.84723        0.01482   2  13
        1.84723        0.02531   2  14
        1.84723        0.10351   2  15
        1.84723        0.10956   2  16
        1.90250       -0.50786   2   1
        1.90250       -0.49998   2   2
        1.90250       -0.40697   2   3
        1.90250       -0.37828   2   4
        1.90250       -0.35417   2   5
        1.90250       -0.32632   2   6
        1.90250       -0.11811   2   7
        1.90250       -0.05954   2   8
        1.90250       -0.05642   2   9
        1.90250       -0.03938   2  10
        1.90250       -0.00342   2  11
        1.90250        0.00081   2  12
        1.90250        0.01650   2  13
        1.90250        0.02549   2  14
        1.90250        0.10397   2  15
        1.90250        0.10948   2  16
        1.95778       -0.50435   2   1
        1.95778       -0.49296   2   2
        1.95778       -0.41735   2   3
        1.95778       -0.36787   2   4
        1.95778       -0.35529   2   5
        1.95778       -0.32299   2   6
        1.95778       -0.11818   2   7
        1.95778       -0.06046   2   8
        1.95778       -0.05491   2   9
        1.95778       -0.03949   2  10
        1.95778       -0.00853   2  11
        1.95778       -0.00496   2  12
        1.95778        0.01904   2  13
        1.95778        0.02545   2  14
        1.95778        0.10536   2  15
        1.95778        0.10907   2  16
        2.01306       -0.49661   2   1
        2.01306       -0.48446   2   2
        2.01306       -0.42812   2   3
        2.01306       -0.35679   2   4
        2.01306       -0.35624   2   5
        2.01306       -0.31786   2   6
        2.01306       -0.11818   2   7
        2.01306       -0.06194   2   8
        2.01306       -0.05273   2   9
        2.01306       -0.03971   2  10
        2.01306       -0.01443   2  11
        2.01306       -0.01181   2  12
        2.01306        0.02049   2  13
        2.01306        0.02437   2  14
        2.01306        0.10771   2  15
        2.01306        0.10799   2  16
        2.06833       -0.48451   2   1
        2.06833       -0.47770   2   2
        2.06833       -0.43646   2   3
        2.06833       -0.35846   2   4
        2.06833       -0.34373   2   5
        2.06833       -0.31119   2   6
        2.06833       -0.11800   2   7
        2.06833       -0.06394   2   8
        2.06833       -0.05070   2   9
        2.06833       -0.04029   2  10
        2.06833       -0.01906   2  11
        2.06833       -0.01862   2  12
        2.06833        0.02026   2  13
        2.06833        0.02210   2  14
        2.06833        0.10590   2  15
        2.06833        0.11098   2  16
        2.12361       -0.47992   2   1
        2.12361       -0.46686   2   2
        2.12361       -0.43695   2   3
        2.12361       -0.36021   2   4
        2.12361       -0.33032   2   5
        2.12361       -0.30311   2   6
        2.12361       -0.11753   2   7
        2.12361       -0.06639   2   8
        2.12361       -0.05088   2   9
        2.12361       -0.04039   2  10
        2.12361       -0.02637   2  11
        2.12361       -0.01914   2  12
        2.12361        0.01823   2  13
        2.12361        0.01907   2  14
        2.12361        0.10265   2  15
        2.12361        0.11508   2  16
        2.17889       -0.49012   2   1
        2.17889       -0.44574   2   2
        2.17889       -0.42917   2   3
        2.17889       -0.36204   2   4
        2.17889       -0.31594   2   5
        2.17889       -0.29371   2   6
        2.17889       -0.11675   2   7
        2.17889       -0.06927   2   8
        2.17889       -0.05452   2   9
        2.17889       -0.03855   2  10
        2.17889       -0.03356   2  11
        2.17889       -0.01644   2  12
        2.17889        0.01455   2  13
        2.17889        0.01599   2  14
        2.17889        0.09850   2  15
        2.17889        0.11980   2  16
        2.23417       -0.50426   2   1
        2.23417       -0.42230   2   2
        2.23417       -0.41653   2   3
        2.23417       -0.36394   2   4
        2.23417       -0.30065   2   5
        2.23417       -0.28307   2   6
        2.23417       -0.11570   2   7
        2.23417       -0.07256   2   8
        2.23417       -0.05953   2   9
        2.23417       -0.04062   2  10
        2.23417       -0.03613   2  11
        2.23417       -0.01253   2  12
        2.23417        0.00961   2  13
        2.23417        0.01369   2  14
        2.23417        0.09435   2  15
        2.23417        0.12493   2  16
        2.28944       -0.51943   2   1
        2.28944       -0.40913   2   2
        2.28944       -0.38998   2   3
        2.28944       -0.36589   2   4
        2.28944       -0.28459   2   5
        2.28944       -0.27130   2   6
        2.28944       -0.11445   2   7
        2.28944       -0.07619   2   8
        2.28944       -0.06471   2   9
        2.28944       -0.04776   2  10
        2.28944       -0.03442   2  11
        2.28944       -0.00933   2  12
        2.28944        0.00402   2  13
        2.28944        0.01236   2  14
        2.28944        0.09206   2  15
        2.28944        0.13023   2  16
        2.34472       -0.53431   2   1
        2.34472       -0.39937   2   2
        2.34472       -0.36783   2   3
        2.34472       -0.35831   2   4
        2.34472       -0.26801   2   5
        2.34472       -0.25858   2   6
        2.34472       -0.11314   2   7
        2.34472       -0.08007   2   8
        2.34472       -0.07005   2   9
        2.34472       -0.05542   2  10
        2.34472       -0.03418   2  11
        2.34472       -0.00762   2  12
        2.34472       -0.00152   2  13
        2.34472        0.01052   2  14
        2.34472        0.09418   2  15
        2.34472        0.13550   2  16
        2.40000       -0.54809   2   1
        2.40000       -0.39131   2   2
        2.40000       -0.36968   2   3
        2.40000       -0.32478   2   4
        2.40000       -0.25126   2   5
        2.40000       -0.24519   2   6
        2.40000       -0.11188   2   7
        2.40000       -0.08411   2   8
        2.40000       -0.07600   2   9
        2.40000       -0.06394   2  10
        2.40000       -0.03615   2  11
        2.40000       -0.00756   2  12
        2.40000       -0.00633   2  13
        2.40000        0.00698   2  14
        2.40000        0.10224   2  15
        2.40000        0.14055   2  16
        2.45527       -0.56014   2   1
        2.45527       -0.38499   2   2
        2.45527       -0.37136   2   3
        2.45527       -0.29069   2   4
        2.45527       -0.23481   2   5
        2.45527       -0.23149   2   6
        2.45527       -0.11080   2   7
        2.45527       -0.08841   2   8
        2.45527       -0.08294   2   9
        2.45527       -0.07312   2  10
        2.45527       -0.04184   2  11
        2.45527       -0.01003   2  12
        2.45527       -0.00990   2  13
        2.45527        0.00426   2  14
        2.45527        0.11499   2  15
        2.45527        0.14516   2  16
        2.51055       -0.57000   2   1
        2.51055       -0.38032   2   2
        2.51055       -0.37277   2   3
        2.51055       -0.25745   2   4
        2.51055       -0.21935   2   5
        2.51055       -0.21805   2   6
        2.51055       -0.10998   2   7
        2.51055       -0.09382   2   8
        2.51055       -0.09081   2   9
        2.51055       -0.08150   2  10
        2.51055       -0.05305   2  11
        2.51055       -0.01299   2  12
        2.51055       -0.01259   2  13
        2.51055        0.00393   2  14
        2.51055        0.12946   2  15
        2.51055        0.14911   2  16
        2.56583       -0.57729   2   1
        2.56583       -0.37716   2   2
        2.56583       -0.37385   2   3
        2.56583       -0.22702   2   4
        2.56583       -0.20592   2   5
        2.56583       -0.20587   2   6
        2.56583       -0.10955   2   7
        2.56583       -0.10129   2   8
        2.56583       -0.09884   2   9
        2.56583       -0.08680   2  10
        2.56583       -0.06854   2  11
        2.56583       -0.01464   2  12
        2.56583       -0.01419   2  13
        2.56583        0.00452   2  14
        2.56583        0.14252   2  15
        2.56583        0.15216   2  16
        2.62111       -0.58176   2   1
        2.62111       -0.37534   2   2
        2.62111       -0.37452   2   3
        2.62111       -0.20306   2   4
        2.62111       -0.19674   2   5
        2.62111       -0.19625   2   6
        2.62111       -0.11007   2   7
        2.62111       -0.10847   2   8
        2.62111       -0.10508   2   9
        2.62111       -0.08928   2  10
        2.62111       -0.08344   2  11
        2.62111       -0.01520   2  12
        2.62111       -0.01505   2  13
        2.62111        0.00510   2  14
        2.62111        0.15154   2  15
        2.62111        0.15409   2  16
        2.67638       -0.58326   2   1
        2.67638       -0.37475   2   2
        2.67638       -0.37475   2   3
        2.67638       -0.19320   2   4
        2.67638       -0.19320   2   5
        2.67638       -0.19246   2   6
        2.67638       -0.11149   2   7
        2.67638       -0.11149   2   8
        2.67638       -0.10682   2   9
        2.67638       -0.09001   2  10
        2.67638       -0.09001   2  11
        2.67638       -0.01532   2  12
        2.67638       -0.01532   2  13
        2.67638        0.00532   2  14
        2.67638        0.15475   2  15
        2.67638        0.15475   2  16
        2.67638       -0.58326   2   1
        2.67638       -0.37475   2   2
        2.67638       -0.37475   2   3
        2.67638       -0.19320   2   4
        2.67638       -0.19320   2   5
        2.67638       -0.19246   2   6
        2.67638       -0.11149   2   7
        2.67638       -0.11149   2   8
        2.67638       -0.10682   2   9
        2.67638       -0.09001   2  10
        2.67638       -0.09001   2  11
        2.67638       -0.01532   2  12
        2.67638       -0.01532   2  13
        2.67638        0.00532   2  14
        2.67638        0.15475   2  15
        2.67638        0.15475   2  16
        2.73040       -0.58187   2   1
        2.73040       -0.37545   2   2
        2.73040       -0.37447   2   3
        2.73040       -0.20111   2   4
        2.73040       -0.19874   2   5
        2.73040       -0.19559   2   6
        2.73040       -0.10930   2   7
        2.73040       -0.10929   2   8
        2.73040       -0.10525   2   9
        2.73040       -0.08866   2  10
        2.73040       -0.08429   2  11
        2.73040       -0.01533   2  12
        2.73040       -0.01491   2  13
        2.73040        0.00513   2  14
        2.73040        0.15195   2  15
        2.73040        0.15381   2  16
        2.78441       -0.57771   2   1
        2.78441       -0.37753   2   2
        2.78441       -0.37365   2   3
        2.78441       -0.22123   2   4
        2.78441       -0.21327   2   5
        2.78441       -0.20307   2   6
        2.78441       -0.10725   2   7
        2.78441       -0.10399   2   8
        2.78441       -0.09956   2   9
        2.78441       -0.08445   2  10
        2.78441       -0.07021   2  11
        2.78441       -0.01508   2  12
        2.78441       -0.01385   2  13
        2.78441        0.00469   2  14
        2.78441        0.14410   2  15
        2.78441        0.15101   2  16
        2.83843       -0.57087   2   1
        2.83843       -0.38089   2   2
        2.83843       -0.37245   2   3
        2.83843       -0.24837   2   4
        2.83843       -0.23155   2   5
        2.83843       -0.21398   2   6
        2.83843       -0.10553   2   7
        2.83843       -0.09733   2   8
        2.83843       -0.09349   2   9
        2.83843       -0.07795   2  10
        2.83843       -0.05370   2  11
        2.83843       -0.01338   2  12
        2.83843       -0.01267   2  13
        2.83843        0.00438   2  14
        2.83843        0.13273   2  15
        2.83843        0.14641   2  16
        2.89244       -0.56146   2   1
        2.89244       -0.38541   2   2
        2.89244       -0.37108   2   3
        2.89244       -0.27937   2   4
        2.89244       -0.25085   2   5
        2.89244       -0.22720   2   6
        2.89244       -0.10346   2   7
        2.89244       -0.09046   2   8
        2.89244       -0.08797   2   9
        2.89244       -0.07095   2  10
        2.89244       -0.04073   2  11
        2.89244       -0.01216   2  12
        2.89244       -0.00751   2  13
        2.89244        0.00484   2  14
        2.89244        0.12020   2  15
        2.89244        0.14015   2  16
        2.94646       -0.54970   2   1
        2.94646       -0.39088   2   2
        2.94646       -0.36994   2   3
        2.94646       -0.31216   2   4
        2.94646       -0.26987   2   5
        2.94646       -0.24201   2   6
        2.94646       -0.10102   2   7
        2.94646       -0.08419   2   8
        2.94646       -0.08255   2   9
        2.94646       -0.06460   2  10
        2.94646       -0.03437   2  11
        2.94646       -0.01291   2  12
        2.94646        0.00315   2  13
        2.94646        0.00649   2  14
        2.94646        0.10952   2  15
        2.94646        0.13246   2  16
        3.00047       -0.53584   2   1
        3.00047       -0.39702   2   2
        3.00047       -0.37009   2   3
        3.00047       -0.34450   2   4
        3.00047       -0.28794   2   5
        3.00047       -0.25793   2   6
        3.00047       -0.09830   2   7
        3.00047       -0.07899   2   8
        3.00047       -0.07726   2   9
        3.00047       -0.05909   2  10
        3.00047       -0.03141   2  11
        3.00047       -0.01465   2  12
        3.00047        0.00910   2  13
        3.00047        0.01263   2  14
        3.00047        0.10431   2  15
        3.00047        0.12367   2  16
        3.05449       -0.52023   2   1
        3.05449       -0.40347   2   2
        3.05449       -0.38255   2   3
        3.05449       -0.36445   2   4
        3.05449       -0.30464   2   5
        3.05449       -0.27458   2   6
        3.05449       -0.09539   2   7
        3.05449       -0.07498   2   8
        3.05449       -0.07245   2   9
        3.05449       -0.05421   2  10
        3.05449       -0.02890   2  11
        3.05449       -0.01671   2  12
        3.05449        0.01216   2  13
        3.05449        0.01565   2  14
        3.05449        0.10719   2  15
        3.05449        0.11426   2  16
        3.10850       -0.50328   2   1
        3.10850       -0.41101   2   2
        3.10850       -0.40984   2   3
        3.10850       -0.36763   2   4
        3.10850       -0.31968   2   5
        3.10850       -0.29170   2   6
        3.10850       -0.09237   2   7
        3.10850       -0.07188   2   8
        3.10850       -0.06852   2   9
        3.10850       -0.04973   2  10
        3.10850       -0.02608   2  11
        3.10850       -0.01845   2  12
        3.10850        0.01246   2  13
        3.10850        0.01527   2  14
        3.10850        0.10484   2  15
        3.10850        0.11672   2  16
        3.16252       -0.48554   2   1
        3.16252       -0.43808   2   2
        3.16252       -0.41571   2   3
        3.16252       -0.37083   2   4
        3.16252       -0.33282   2   5
        3.16252       -0.30899   2   6
        3.16252       -0.08930   2   7
        3.16252       -0.06917   2   8
        3.16252       -0.06571   2   9
        3.16252       -0.04558   2  10
        3.16252       -0.02346   2  11
        3.16252       -0.01946   2  12
        3.16252        0.00661   2  13
        3.16252        0.01813   2  14
        3.16252        0.09614   2  15
        3.16252        0.12886   2  16
        3.21653       -0.46808   2   1
        3.21653       -0.46109   2   2
        3.21653       -0.42072   2   3
        3.21653       -0.37588   2   4
        3.21653       -0.34390   2   5
        3.21653       -0.32625   2   6
        3.21653       -0.08617   2   7
        3.21653       -0.06644   2   8
        3.21653       -0.06395   2   9
        3.21653       -0.04188   2  10
        3.21653       -0.02246   2  11
        3.21653       -0.01957   2  12
        3.21653        0.00162   2  13
        3.21653        0.02046   2  14
        3.21653        0.08891   2  15
        3.21653        0.14042   2  16
        3.27055       -0.48085   2   1
        3.27055       -0.45015   2   2
        3.27055       -0.42458   2   3
        3.27055       -0.38299   2   4
        3.27055       -0.35281   2   5
        3.27055       -0.34324   2   6
        3.27055       -0.08299   2   7
        3.27055       -0.06354   2   8
        3.27055       -0.06293   2   9
        3.27055       -0.03885   2  10
        3.27055       -0.02447   2  11
        3.27055       -0.01880   2  12
        3.27055        0.00004   2  13
        3.27055        0.02197   2  14
        3.27055        0.08378   2  15
        3.27055        0.14949   2  16
        3.32456       -0.49495   2   1
        3.32456       -0.43531   2   2
        3.32456       -0.42704   2   3
        3.32456       -0.39132   2   4
        3.32456       -0.36023   2   5
        3.32456       -0.35903   2   6
        3.32456       -0.07981   2   7
        3.32456       -0.06224   2   8
        3.32456       -0.06076   2   9
        3.32456       -0.03671   2  10
        3.32456       -0.02817   2  11
        3.32456       -0.01724   2  12
        3.32456        0.00146   2  13
        3.32456        0.02246   2  14
        3.32456        0.08114   2  15
        3.32456        0.15499   2  16
        3.37858       -0.50388   2   1
        3.37858       -0.42798   2   2
        3.37858       -0.42753   2   3
        3.37858       -0.39660   2   4
        3.37858       -0.37583   2   5
        3.37858       -0.36373   2   6
        3.37858       -0.07683   2   7
        3.37858       -0.06156   2   8
        3.37858       -0.05900   2   9
        3.37858       -0.03546   2  10
        3.37858       -0.03055   2  11
        3.37858       -0.01504   2  12
        3.37858        0.00409   2  13
        3.37858        0.02190   2  14
        3.37858        0.08103   2  15
        3.37858        0.15639   2  16
        3.43259       -0.50748   2   1
        3.43259       -0.43362   2   2
        3.43259       -0.42737   2   3
        3.43259       -0.39226   2   4
        3.43259       -0.39104   2   5
        3.43259       -0.36580   2   6
        3.43259       -0.07426   2   7
        3.43259       -0.06095   2   8
        3.43259       -0.05918   2   9
        3.43259       -0.03483   2  10
        3.43259       -0.02966   2  11
        3.43259       -0.01239   2  12
        3.43259        0.00702   2  13
        3.43259        0.02045   2  14
        3.43259        0.08333   2  15
        3.43259        0.15363   2  16
        3.48661       -0.50575   2   1
        3.48661       -0.44789   2   2
        3.48661       -0.42532   2   3
        3.48661       -0.40537   2   4
        3.48661       -0.38388   2   5
        3.48661       -0.36561   2   6
        3.48661       -0.07215   2   7
        3.48661       -0.06116   2   8
        3.48661       -0.06093   2   9
        3.48661       -0.03426   2  10
        3.48661       -0.02573   2  11
        3.48661       -0.00947   2  12
        3.48661        0.00999   2  13
        3.48661        0.01841   2  14
        3.48661        0.08780   2  15
        3.48661        0.14705   2  16
        3.54062       -0.49881   2   1
        3.54062       -0.46485   2   2
        3.54062       -0.42278   2   3
        3.54062       -0.41789   2   4
        3.54062       -0.37647   2   5
        3.54062       -0.36324   2   6
        3.54062       -0.07071   2   7
        3.54062       -0.06306   2   8
        3.54062       -0.06303   2   9
        3.54062       -0.03313   2  10
        3.54062       -0.02034   2  11
        3.54062       -0.00634   2  12
        3.54062        0.01305   2  13
        3.54062        0.01614   2  14
        3.54062        0.09418   2  15
        3.54062        0.13747   2  16
        3.59464       -0.48709   2   1
        3.59464       -0.48252   2   2
        3.59464       -0.43189   2   3
        3.59464       -0.41658   2   4
        3.59464       -0.37117   2   5
        3.59464       -0.35882   2   6
        3.59464       -0.07268   2   7
        3.59464       -0.06466   2   8
        3.59464       -0.06447   2   9
        3.59464       -0.03141   2  10
        3.59464       -0.01499   2  11
        3.59464       -0.00305   2  12
        3.59464        0.01403   2  13
        3.59464        0.01628   2  14
        3.59464        0.10207   2  15
        3.59464        0.12618   2  16
        3.64865       -0.50059   2   1
        3.64865       -0.47036   2   2
        3.64865       -0.44315   2   3
        3.64865       -0.41114   2   4
        3.64865       -0.36802   2   5
        3.64865       -0.35258   2   6
        3.64865       -0.08048   2   7
        3.64865       -0.06552   2   8
        3.64865       -0.06276   2   9
        3.64865       -0.02964   2  10
        3.64865       -0.01084   2  11
        3.64865        0.00029   2  12
        3.64865        0.01236   2  13
        3.64865        0.01939   2  14
        3.64865        0.11099   2  15
        3.64865        0.11519   2  16
        3.64865       -0.50059   2   1
        3.64865       -0.47036   2   2
        3.64865       -0.44315   2   3
        3.64865       -0.41114   2   4
        3.64865       -0.36802   2   5
        3.64865       -0.35258   2   6
        3.64865       -0.08048   2   7
        3.64865       -0.06552   2   8
        3.64865       -0.06276   2   9
        3.64865       -0.02964   2  10
        3.64865       -0.01084   2  11
        3.64865        0.00029   2  12
        3.64865        0.01236   2  13
        3.64865        0.01939   2  14
        3.64865        0.11099   2  15
        3.64865        0.11519   2  16
        3.71179       -0.52045   2   1
        3.71179       -0.45499   2   2
        3.71179       -0.44607   2   3
        3.71179       -0.40393   2   4
        3.71179       -0.36661   2   5
        3.71179       -0.34336   2   6
        3.71179       -0.09346   2   7
        3.71179       -0.06550   2   8
        3.71179       -0.05969   2   9
        3.71179       -0.02814   2  10
        3.71179       -0.00864   2  11
        3.71179        0.00353   2  12
        3.71179        0.01154   2  13
        3.71179        0.02132   2  14
        3.71179        0.10655   2  15
        3.71179        0.12197   2  16
        3.77492       -0.53854   2   1
        3.77492       -0.46520   2   2
        3.77492       -0.41749   2   3
        3.77492       -0.39645   2   4
        3.77492       -0.36693   2   5
        3.77492       -0.33264   2   6
        3.77492       -0.10883   2   7
        3.77492       -0.06472   2   8
        3.77492       -0.05662   2   9
        3.77492       -0.02737   2  10
        3.77492       -0.01060   2  11
        3.77492        0.00421   2  12
        3.77492        0.01320   2  13
        3.77492        0.01996   2  14
        3.77492        0.10663   2  15
        3.77492        0.13268   2  16
        3.83806       -0.55418   2   1
        3.83806       -0.47368   2   2
        3.83806       -0.38936   2   3
        3.83806       -0.38650   2   4
        3.83806       -0.36797   2   5
        3.83806       -0.32120   2   6
        3.83806       -0.12568   2   7
        3.83806       -0.06381   2   8
        3.83806       -0.05407   2   9
        3.83806       -0.02711   2  10
        3.83806       -0.01799   2  11
        3.83806        0.00262   2  12
        3.83806        0.01650   2  13
        3.83806        0.01752   2  14
        3.83806        0.11555   2  15
        3.83806        0.14236   2  16
        3.90119       -0.56684   2   1
        3.90119       -0.48035   2   2
        3.90119       -0.38325   2   3
        3.90119       -0.37091   2   4
        3.90119       -0.35334   2   5
        3.90119       -0.30999   2   6
        3.90119       -0.14333   2   7
        3.90119       -0.06375   2   8
        3.90119       -0.05225   2   9
        3.90119       -0.02879   2  10
        3.90119       -0.02709   2  11
        3.90119        0.00024   2  12
        3.90119        0.01643   2  13
        3.90119        0.01971   2  14
        3.90119        0.12935   2  15
        3.90119        0.15040   2  16
        3.96433       -0.57614   2   1
        3.96433       -0.48515   2   2
        3.96433       -0.37857   2   3
        3.96433       -0.37215   2   4
        3.96433       -0.32391   2   5
        3.96433       -0.30024   2   6
        3.96433       -0.16083   2   7
        3.96433       -0.06565   2   8
        3.96433       -0.05119   2   9
        3.96433       -0.03815   2  10
        3.96433       -0.02713   2  11
        3.96433       -0.00214   2  12
        3.96433        0.01635   2  13
        3.96433        0.02220   2  14
        3.96433        0.14338   2  15
        3.96433        0.15638   2  16
        4.02746       -0.58182   2   1
        4.02746       -0.48804   2   2
        4.02746       -0.37564   2   3
        4.02746       -0.37321   2   4
        4.02746       -0.30079   2   5
        4.02746       -0.29345   2   6
        4.02746       -0.17566   2   7
        4.02746       -0.06904   2   8
        4.02746       -0.05071   2   9
        4.02746       -0.04310   2  10
        4.02746       -0.02715   2  11
        4.02746       -0.00388   2  12
        4.02746        0.01654   2  13
        4.02746        0.02376   2  14
        4.02746        0.15369   2  15
        4.02746        0.16005   2  16
        4.09060       -0.58373   2   1
        4.09060       -0.48901   2   2
        4.09060       -0.37464   2   3
        4.09060       -0.37359   2   4
        4.09060       -0.29141   2   5
        4.09060       -0.29099   2   6
        4.09060       -0.18208   2   7
        4.09060       -0.07079   2   8
        4.09060       -0.05058   2   9
        4.09060       -0.04443   2  10
        4.09060       -0.02716   2  11
        4.09060       -0.00452   2  12
        4.09060        0.01663   2  13
        4.09060        0.02429   2  14
        4.09060        0.15747   2  15
        4.09060        0.16129   2  16
        4.09060       -0.58373   2   1
        4.09060       -0.48901   2   2
        4.09060       -0.37464   2   3
        4.09060       -0.37359   2   4
        4.09060       -0.29141   2   5
        4.09060       -0.29099   2   6
        4.09060       -0.18208   2   7
        4.09060       -0.07079   2   8
        4.09060       -0.05058   2   9
        4.09060       -0.04443   2  10
        4.09060       -0.02716   2  11
        4.09060       -0.00452   2  12
        4.09060        0.01663   2  13
        4.09060        0.02429   2  14
        4.09060        0.15747   2  15
        4.09060        0.16129   2  16
        4.14472       -0.58081   2   1
        4.14472       -0.48868   2   2
        4.14472       -0.37371   2   3
        4.14472       -0.37262   2   4
        4.14472       -0.29564   2   5
        4.14472       -0.29259   2   6
        4.14472       -0.17874   2   7
        4.14472       -0.06961   2   8
        4.14472       -0.05077   2   9
        4.14472       -0.04435   2  10
        4.14472       -0.02711   2  11
        4.14472       -0.00468   2  12
        4.14472        0.01644   2  13
        4.14472        0.02381   2  14
        4.14472        0.15614   2  15
        4.14472        0.15996   2  16
        4.19885       -0.57214   2   1
        4.19885       -0.48779   2   2
        4.19885       -0.37093   2   3
        4.19885       -0.36973   2   4
        4.19885       -0.30793   2   5
        4.19885       -0.29596   2   6
        4.19885       -0.17016   2   7
        4.19885       -0.06670   2   8
        4.19885       -0.05140   2   9
        4.19885       -0.04372   2  10
        4.19885       -0.02710   2  11
        4.19885       -0.00504   2  12
        4.19885        0.01594   2  13
        4.19885        0.02252   2  14
        4.19885        0.15218   2  15
        4.19885        0.15605   2  16
        4.25298       -0.55797   2   1
        4.25298       -0.48662   2   2
        4.25298       -0.36637   2   3
        4.25298       -0.36511   2   4
        4.25298       -0.32454   2   5
        4.25298       -0.30104   2   6
        4.25298       -0.15893   2   7
        4.25298       -0.06401   2   8
        4.25298       -0.05266   2   9
        4.25298       -0.04133   2  10
        4.25298       -0.02749   2  11
        4.25298       -0.00522   2  12
        4.25298        0.01538   2  13
        4.25298        0.02077   2  14
        4.25298        0.14579   2  15
        4.25298        0.14976   2  16
        4.30710       -0.53868   2   1
        4.30710       -0.48569   2   2
        4.30710       -0.36019   2   3
        4.30710       -0.35990   2   4
        4.30710       -0.34157   2   5
        4.30710       -0.30714   2   6
        4.30710       -0.14690   2   7
        4.30710       -0.06357   2   8
        4.30710       -0.05471   2   9
        4.30710       -0.03628   2  10
        4.30710       -0.02876   2  11
        4.30710       -0.00479   2  12
        4.30710        0.01527   2  13
        4.30710        0.01908   2  14
        4.30710        0.13732   2  15
        4.30710        0.14147   2  16
        4.36123       -0.51474   2   1
        4.36123       -0.48588   2   2
        4.36123       -0.36539   2   3
        4.36123       -0.35284   2   4
        4.36123       -0.34547   2   5
        4.36123       -0.31335   2   6
        4.36123       -0.13515   2   7
        4.36123       -0.06552   2   8
        4.36123       -0.05760   2   9
        4.36123       -0.03105   2  10
        4.36123       -0.03000   2  11
        4.36123       -0.00375   2  12
        4.36123        0.01639   2  13
        4.36123        0.01802   2  14
        4.36123        0.12735   2  15
        4.36123        0.13175   2  16
        4.41536       -0.48877   2   1
        4.41536       -0.48642   2   2
        4.41536       -0.37936   2   3
        4.41536       -0.34574   2   4
        4.41536       -0.33628   2   5
        4.41536       -0.31785   2   6
        4.41536       -0.12436   2   7
        4.41536       -0.06900   2   8
        4.41536       -0.06124   2   9
        4.41536       -0.03388   2  10
        4.41536       -0.02508   2  11
        4.41536       -0.00279   2  12
        4.41536        0.01797   2  13
        4.41536        0.01942   2  14
        4.41536        0.11691   2  15
        4.41536        0.12149   2  16
        4.46948       -0.49486   2   1
        4.46948       -0.45512   2   2
        4.46948       -0.38972   2   3
        4.46948       -0.34285   2   4
        4.46948       -0.32424   2   5
        4.46948       -0.31645   2   6
        4.46948       -0.11514   2   7
        4.46948       -0.07337   2   8
        4.46948       -0.06538   2   9
        4.46948       -0.03645   2  10
        4.46948       -0.02302   2  11
        4.46948       -0.00272   2  12
        4.46948        0.01858   2  13
        4.46948        0.02349   2  14
        4.46948        0.10779   2  15
        4.46948        0.11210   2  16
        4.52361       -0.50523   2   1
        4.52361       -0.42083   2   2
        4.52361       -0.39473   2   3
        4.52361       -0.34591   2   4
        4.52361       -0.31040   2   5
        4.52361       -0.30724   2   6
        4.52361       -0.10805   2   7
        4.52361       -0.07822   2   8
        4.52361       -0.06973   2   9
        4.52361       -0.03790   2  10
        4.52361       -0.02370   2  11
        4.52361       -0.00396   2  12
        4.52361        0.01832   2  13
        4.52361        0.02542   2  14
        4.52361        0.10279   2  15
        4.52361        0.10565   2  16
        4.57774       -0.51850   2   1
        4.57774       -0.39539   2   2
        4.57774       -0.38439   2   3
        4.57774       -0.35126   2   4
        4.57774       -0.29511   2   5
        4.57774       -0.29384   2   6
        4.57774       -0.10352   2   7
        4.57774       -0.08325   2   8
        4.57774       -0.07410   2   9
        4.57774       -0.03762   2  10
        4.57774       -0.02656   2  11
        4.57774       -0.00694   2  12
        4.57774        0.01557   2  13
        4.57774        0.02202   2  14
        4.57774        0.10427   2  15
        4.57774        0.10428   2  16
        4.63186       -0.53286   2   1
        4.63186       -0.39279   2   2
        4.63186       -0.35686   2   3
        4.63186       -0.34738   2   4
        4.63186       -0.27862   2   5
        4.63186       -0.27834   2   6
        4.63186       -0.10160   2   7
        4.63186       -0.08821   2   8
        4.63186       -0.07849   2   9
        4.63186       -0.03584   2  10
        4.63186       -0.03156   2  11
        4.63186       -0.01263   2  12
        4.63186        0.01102   2  13
        4.63186        0.01385   2  14
        4.63186        0.10850   2  15
        4.63186        0.11148   2  16
        4.68599       -0.54679   2   1
        4.68599       -0.38884   2   2
        4.68599       -0.36203   2   3
        4.68599       -0.31068   2   4
        4.68599       -0.26158   2   5
        4.68599       -0.26125   2   6
        4.68599       -0.10172   2   7
        4.68599       -0.09292   2   8
        4.68599       -0.08311   2   9
        4.68599       -0.03934   2  10
        4.68599       -0.03537   2  11
        4.68599       -0.02012   2  12
        4.68599        0.00426   2  13
        4.68599        0.00720   2  14
        4.68599        0.11691   2  15
        4.68599        0.12150   2  16
        4.74012       -0.55922   2   1
        4.74012       -0.38451   2   2
        4.74012       -0.36648   2   3
        4.74012       -0.27580   2   4
        4.74012       -0.24416   2   5
        4.74012       -0.24344   2   6
        4.74012       -0.10305   2   7
        4.74012       -0.09727   2   8
        4.74012       -0.08827   2   9
        4.74012       -0.05046   2  10
        4.74012       -0.04416   2  11
        4.74012       -0.02160   2  12
        4.74012       -0.00383   2  13
        4.74012        0.00510   2  14
        4.74012        0.12736   2  15
        4.74012        0.13196   2  16
        4.79424       -0.56945   2   1
        4.79424       -0.38055   2   2
        4.79424       -0.37004   2   3
        4.79424       -0.24435   2   4
        4.79424       -0.22679   2   5
        4.79424       -0.22586   2   6
        4.79424       -0.10488   2   7
        4.79424       -0.10128   2   8
        4.79424       -0.09417   2   9
        4.79424       -0.06398   2  10
        4.79424       -0.05905   2  11
        4.79424       -0.01909   2  12
        4.79424       -0.00940   2  13
        4.79424        0.00437   2  14
        4.79424        0.13786   2  15
        4.79424        0.14131   2  16
        4.84837       -0.57704   2   1
        4.84837       -0.37742   2   2
        4.84837       -0.37264   2   3
        4.84837       -0.21822   2   4
        4.84837       -0.21069   2   5
        4.84837       -0.20973   2   6
        4.84837       -0.10691   2   7
        4.84837       -0.10522   2   8
        4.84837       -0.10049   2   9
        4.84837       -0.07728   2  10
        4.84837       -0.07407   2  11
        4.84837       -0.01688   2  12
        4.84837       -0.01285   2  13
        4.84837        0.00456   2  14
        4.84837        0.14675   2  15
        4.84837        0.14858   2  16
        4.90249       -0.58169   2   1
        4.90249       -0.37543   2   2
        4.90249       -0.37422   2   3
        4.90249       -0.19998   2   4
        4.90249       -0.19820   2   5
        4.90249       -0.19738   2   6
        4.90249       -0.10956   2   7
        4.90249       -0.10929   2   8
        4.90249       -0.10536   2   9
        4.90249       -0.08678   2  10
        4.90249       -0.08560   2  11
        4.90249       -0.01568   2  12
        4.90249       -0.01472   2  13
        4.90249        0.00507   2  14
        4.90249        0.15267   2  15
        4.90249        0.15318   2  16
        4.95662       -0.58326   2   1
        4.95662       -0.37475   2   2
        4.95662       -0.37475   2   3
        4.95662       -0.19320   2   4
        4.95662       -0.19320   2   5
        4.95662       -0.19246   2   6
        4.95662       -0.11149   2   7
        4.95662       -0.11149   2   8
        4.95662       -0.10682   2   9
        4.95662       -0.09001   2  10
        4.95662       -0.09001   2  11
        4.95662       -0.01532   2  12
        4.95662       -0.01532   2  13
        4.95662        0.00532   2  14
        4.95662        0.15475   2  15
        4.95662        0.15475   2  16
