        0.00000       -0.58326   1   1
        0.00000       -0.37475   1   2
        0.00000       -0.37475   1   3
        0.00000       -0.19319   1   4
        0.00000       -0.19319   1   5
        0.00000       -0.19246   1   6
        0.00000       -0.11149   1   7
        0.00000       -0.11149   1   8
        0.00000       -0.10682   1   9
        0.00000       -0.09001   1  10
        0.00000       -0.09001   1  11
        0.00000       -0.01532   1  12
        0.00000       -0.01532   1  13
        0.00000        0.00532   1  14
        0.00000        0.15475   1  15
        0.00000        0.15475   1  16
        0.06186       -0.57944   1   1
        0.06186       -0.37350   1   2
        0.06186       -0.37350   1   3
        0.06186       -0.20115   1   4
        0.06186       -0.19928   1   5
        0.06186       -0.19928   1   6
        0.06186       -0.11098   1   7
        0.06186       -0.11098   1   8
        0.06186       -0.10347   1   9
        0.06186       -0.08358   1  10
        0.06186       -0.08358   1  11
        0.06186       -0.01589   1  12
        0.06186       -0.01589   1  13
        0.06186        0.00416   1  14
        0.06186        0.15299   1  15
        0.06186        0.15299   1  16
        0.12372       -0.56812   1   1
        0.12372       -0.36980   1   2
        0.12372       -0.36980   1   3
        0.12372       -0.22403   1   4
        0.12372       -0.21420   1   5
        0.12372       -0.21420   1   6
        0.12372       -0.10954   1   7
        0.12372       -0.10954   1   8
        0.12372       -0.09636   1   9
        0.12372       -0.06780   1  10
        0.12372       -0.06780   1  11
        0.12372       -0.01749   1  12
        0.12372       -0.01749   1  13
        0.12372        0.00088   1  14
        0.12372        0.14782   1  15
        0.12372        0.14782   1  16
        0.18558       -0.54977   1   1
        0.18558       -0.36376   1   2
        0.18558       -0.36376   1   3
        0.18558       -0.25632   1   4
        0.18558       -0.23295   1   5
        0.18558       -0.23295   1   6
        0.18558       -0.10741   1   7
        0.18558       -0.10741   1   8
        0.18558       -0.08924   1   9
        0.18558       -0.04825   1  10
        0.18558       -0.04825   1  11
        0.18558       -0.01960   1  12
        0.18558       -0.01960   1  13
        0.18558       -0.00398   1  14
        0.18558        0.13965   1  15
        0.18558        0.13965   1  16
        0.24744       -0.52502   1   1
        0.24744       -0.35552   1   2
        0.24744       -0.35552   1   3
        0.24744       -0.29470   1   4
        0.24744       -0.25257   1   5
        0.24744       -0.25257   1   6
        0.24744       -0.10491   1   7
        0.24744       -0.10491   1   8
        0.24744       -0.08353   1   9
        0.24744       -0.03096   1  10
        0.24744       -0.03096   1  11
        0.24744       -0.01916   1  12
        0.24744       -0.01916   1  13
        0.24744       -0.00955   1  14
        0.24744        0.12923   1  15
        0.24744        0.12923   1  16
        0.30929       -0.49466   1   1
        0.30929       -0.34548   1   2
        0.30929       -0.34548   1   3
        0.30929       -0.33642   1   4
        0.30929       -0.27125   1   5
        0.30929       -0.27125   1   6
        0.30929       -0.10249   1   7
        0.30929       -0.10249   1   8
        0.30929       -0.07940   1   9
        0.30929       -0.02849   1  10
        0.30929       -0.02849   1  11
        0.30929       -0.01478   1  12
        0.30929       -0.00545   1  13
        0.30929       -0.00545   1  14
        0.30929        0.11792   1  15
        0.30929        0.11792   1  16
        0.37115       -0.45953   1   1
        0.37115       -0.37903   1   2
        0.37115       -0.33498   1   3
        0.37115       -0.33498   1   4
        0.37115       -0.28702   1   5
        0.37115       -0.28702   1   6
        0.37115       -0.10070   1   7
        0.37115       -0.10070   1   8
        0.37115       -0.07681   1   9
        0.37115       -0.03001   1  10
        0.37115       -0.03001   1  11
        0.37115       -0.01855   1  12
        0.37115        0.00846   1  13
        0.37115        0.00846   1  14
        0.37115        0.10819   1  15
        0.37115        0.10819   1  16
        0.43301       -0.42241   1   1
        0.43301       -0.41876   1   2
        0.43301       -0.32924   1   3
        0.43301       -0.32924   1   4
        0.43301       -0.29451   1   5
        0.43301       -0.29451   1   6
        0.43301       -0.10003   1   7
        0.43301       -0.10003   1   8
        0.43301       -0.07592   1   9
        0.43301       -0.03069   1  10
        0.43301       -0.03069   1  11
        0.43301       -0.01994   1  12
        0.43301        0.01408   1  13
        0.43301        0.01408   1  14
        0.43301        0.10408   1  15
        0.43301        0.10408   1  16
        0.43301       -0.42241   1   1
        0.43301       -0.41876   1   2
        0.43301       -0.32924   1   3
        0.43301       -0.32924   1   4
        0.43301       -0.29451   1   5
        0.43301       -0.29451   1   6
        0.43301       -0.10003   1   7
        0.43301       -0.10003   1   8
        0.43301       -0.07592   1   9
        0.43301       -0.03069   1  10
        0.43301       -0.03069   1  11
        0.43301       -0.01994   1  12
        0.43301        0.01408   1  13
        0.43301        0.01408   1  14
        0.43301        0.10408   1  15
        0.43301        0.10408   1  16
        0.48826       -0.42328   1   1
        0.48826       -0.42067   1   2
        0.48826       -0.32984   1   3
        0.48826       -0.32856   1   4
        0.48826       -0.29517   1   5
        0.48826       -0.29436   1   6
        0.48826       -0.10061   1   7
        0.48826       -0.09957   1   8
        0.48826       -0.07540   1   9
        0.48826       -0.03101   1  10
        0.48826       -0.03099   1  11
        0.48826       -0.01930   1  12
        0.48826        0.01136   1  13
        0.48826        0.01310   1  14
        0.48826        0.10371   1  15
        0.48826        0.10552   1  16
        0.54350       -0.42606   1   1
        0.54350       -0.42594   1   2
        0.54350       -0.33146   1   3
        0.54350       -0.32672   1   4
        0.54350       -0.29708   1   5
        0.54350       -0.29426   1   6
        0.54350       -0.10205   1   7
        0.54350       -0.09879   1   8
        0.54350       -0.07336   1   9
        0.54350       -0.03278   1  10
        0.54350       -0.03211   1  11
        0.54350       -0.01761   1  12
        0.54350        0.00540   1  13
        0.54350        0.01052   1  14
        0.54350        0.10271   1  15
        0.54350        0.10896   1  16
        0.59874       -0.43413   1   1
        0.59874       -0.43055   1   2
        0.59874       -0.33367   1   3
        0.59874       -0.32413   1   4
        0.59874       -0.30017   1   5
        0.59874       -0.29507   1   6
        0.59874       -0.10348   1   7
        0.59874       -0.09888   1   8
        0.59874       -0.06890   1   9
        0.59874       -0.03833   1  10
        0.59874       -0.03432   1  11
        0.59874       -0.01543   1  12
        0.59874        0.00122   1  13
        0.59874        0.00724   1  14
        0.59874        0.10138   1  15
        0.59874        0.11276   1  16
        0.65398       -0.44394   1   1
        0.65398       -0.43723   1   2
        0.65398       -0.33595   1   3
        0.65398       -0.32125   1   4
        0.65398       -0.30437   1   5
        0.65398       -0.29788   1   6
        0.65398       -0.10393   1   7
        0.65398       -0.10020   1   8
        0.65398       -0.06200   1   9
        0.65398       -0.04809   1  10
        0.65398       -0.03784   1  11
        0.65398       -0.01300   1  12
        0.65398        0.00167   1  13
        0.65398        0.00444   1  14
        0.65398        0.10002   1  15
        0.65398        0.11574   1  16
        0.70923       -0.45466   1   1
        0.70923       -0.44580   1   2
        0.70923       -0.33794   1   3
        0.70923       -0.31850   1   4
        0.70923       -0.30965   1   5
        0.70923       -0.30345   1   6
        0.70923       -0.10285   1   7
        0.70923       -0.10227   1   8
        0.70923       -0.05872   1   9
        0.70923       -0.05364   1  10
        0.70923       -0.04226   1  11
        0.70923       -0.01028   1  12
        0.70923        0.00296   1  13
        0.70923        0.00517   1  14
        0.70923        0.09886   1  15
        0.70923        0.11731   1  16
        0.76447       -0.46557   1   1
        0.76447       -0.45582   1   2
        0.76447       -0.33973   1   3
        0.76447       -0.31692   1   4
        0.76447       -0.31581   1   5
        0.76447       -0.31133   1   6
        0.76447       -0.10448   1   7
        0.76447       -0.10107   1   8
        0.76447       -0.06624   1   9
        0.76447       -0.04775   1  10
        0.76447       -0.04381   1  11
        0.76447       -0.00738   1  12
        0.76447        0.00296   1  13
        0.76447        0.00990   1  14
        0.76447        0.09804   1  15
        0.76447        0.11733   1  16
        0.81971       -0.47605   1   1
        0.81971       -0.46658   1   2
        0.81971       -0.34198   1   3
        0.81971       -0.32424   1   4
        0.81971       -0.32234   1   5
        0.81971       -0.31362   1   6
        0.81971       -0.10643   1   7
        0.81971       -0.10087   1   8
        0.81971       -0.06718   1   9
        0.81971       -0.05091   1  10
        0.81971       -0.03582   1  11
        0.81971       -0.00444   1  12
        0.81971        0.00421   1  13
        0.81971        0.01482   1  14
        0.81971        0.09770   1  15
        0.81971        0.11593   1  16
        0.87495       -0.48559   1   1
        0.87495       -0.47725   1   2
        0.87495       -0.34596   1   3
        0.87495       -0.33676   1   4
        0.87495       -0.32813   1   5
        0.87495       -0.31358   1   6
        0.87495       -0.10783   1   7
        0.87495       -0.10261   1   8
        0.87495       -0.06136   1   9
        0.87495       -0.05310   1  10
        0.87495       -0.02836   1  11
        0.87495       -0.00145   1  12
        0.87495        0.00633   1  13
        0.87495        0.01927   1  14
        0.87495        0.09794   1  15
        0.87495        0.11345   1  16
        0.93020       -0.49372   1   1
        0.93020       -0.48705   1   2
        0.93020       -0.35275   1   3
        0.93020       -0.35021   1   4
        0.93020       -0.33231   1   5
        0.93020       -0.31486   1   6
        0.93020       -0.10838   1   7
        0.93020       -0.10404   1   8
        0.93020       -0.05392   1   9
        0.93020       -0.05212   1  10
        0.93020       -0.02217   1  11
        0.93020        0.00175   1  12
        0.93020        0.00883   1  13
        0.93020        0.02270   1  14
        0.93020        0.09885   1  15
        0.93020        0.11036   1  16
        0.98544       -0.50006   1   1
        0.98544       -0.49526   1   2
        0.98544       -0.36370   1   3
        0.98544       -0.36179   1   4
        0.98544       -0.33551   1   5
        0.98544       -0.31774   1   6
        0.98544       -0.10779   1   7
        0.98544       -0.10370   1   8
        0.98544       -0.05378   1   9
        0.98544       -0.04248   1  10
        0.98544       -0.01728   1  11
        0.98544        0.00551   1  12
        0.98544        0.01119   1  13
        0.98544        0.02460   1  14
        0.98544        0.10043   1  15
        0.98544        0.10729   1  16
        1.04068       -0.50428   1   1
        1.04068       -0.50131   1   2
        1.04068       -0.37668   1   3
        1.04068       -0.37203   1   4
        1.04068       -0.33869   1   5
        1.04068       -0.32214   1   6
        1.04068       -0.10590   1   7
        1.04068       -0.10132   1   8
        1.04068       -0.05330   1   9
        1.04068       -0.03445   1  10
        1.04068       -0.01351   1  11
        1.04068        0.01003   1  12
        1.04068        0.01292   1  13
        1.04068        0.02454   1  14
        1.04068        0.10251   1  15
        1.04068        0.10496   1  16
        1.09593       -0.50615   1   1
        1.09593       -0.50473   1   2
        1.09593       -0.38874   1   3
        1.09593       -0.38280   1   4
        1.09593       -0.34231   1   5
        1.09593       -0.32774   1   6
        1.09593       -0.10268   1   7
        1.09593       -0.09716   1   8
        1.09593       -0.05301   1   9
        1.09593       -0.02902   1  10
        1.09593       -0.01067   1  11
        1.09593        0.01378   1  12
        1.09593        0.01481   1  13
        1.09593        0.02251   1  14
        1.09593        0.10401   1  15
        1.09593        0.10479   1  16
        1.15117       -0.50557   1   1
        1.15117       -0.50528   1   2
        1.15117       -0.39964   1   3
        1.15117       -0.39366   1   4
        1.15117       -0.34643   1   5
        1.15117       -0.33411   1   6
        1.15117       -0.09827   1   7
        1.15117       -0.09174   1   8
        1.15117       -0.05327   1   9
        1.15117       -0.02614   1  10
        1.15117       -0.00866   1  11
        1.15117        0.01378   1  12
        1.15117        0.01652   1  13
        1.15117        0.02097   1  14
        1.15117        0.10485   1  15
        1.15117        0.10688   1  16
        1.20641       -0.50295   1   1
        1.20641       -0.50267   1   2
        1.20641       -0.40914   1   3
        1.20641       -0.40422   1   4
        1.20641       -0.35093   1   5
        1.20641       -0.34079   1   6
        1.20641       -0.09295   1   7
        1.20641       -0.08566   1   8
        1.20641       -0.05424   1   9
        1.20641       -0.02528   1  10
        1.20641       -0.00754   1  11
        1.20641        0.01200   1  12
        1.20641        0.01319   1  13
        1.20641        0.02264   1  14
        1.20641        0.10738   1  15
        1.20641        0.10841   1  16
        1.26165       -0.49812   1   1
        1.26165       -0.49791   1   2
        1.26165       -0.41694   1   3
        1.26165       -0.41396   1   4
        1.26165       -0.35564   1   5
        1.26165       -0.34732   1   6
        1.26165       -0.08704   1   7
        1.26165       -0.07950   1   8
        1.26165       -0.05589   1   9
        1.26165       -0.02611   1  10
        1.26165       -0.00755   1  11
        1.26165        0.00676   1  12
        1.26165        0.01252   1  13
        1.26165        0.02261   1  14
        1.26165        0.10914   1  15
        1.26165        0.11107   1  16
        1.31690       -0.49225   1   1
        1.31690       -0.49172   1   2
        1.31690       -0.42242   1   3
        1.31690       -0.42201   1   4
        1.31690       -0.36034   1   5
        1.31690       -0.35337   1   6
        1.31690       -0.08089   1   7
        1.31690       -0.07383   1   8
        1.31690       -0.05807   1   9
        1.31690       -0.02833   1  10
        1.31690       -0.00898   1  11
        1.31690        0.00236   1  12
        1.31690        0.01236   1  13
        1.31690        0.02061   1  14
        1.31690        0.10902   1  15
        1.31690        0.11514   1  16
        1.31690       -0.49225   1   1
        1.31690       -0.49172   1   2
        1.31690       -0.42242   1   3
        1.31690       -0.42201   1   4
        1.31690       -0.36034   1   5
        1.31690       -0.35337   1   6
        1.31690       -0.08089   1   7
        1.31690       -0.07383   1   8
        1.31690       -0.05807   1   9
        1.31690       -0.02833   1  10
        1.31690       -0.00898   1  11
        1.31690        0.00236   1  12
        1.31690        0.01236   1  13
        1.31690        0.02061   1  14
        1.31690        0.10902   1  15
        1.31690        0.11514   1  16
        1.37582       -0.48702   1   1
        1.37582       -0.48533   1   2
        1.37582       -0.42688   1   3
        1.37582       -0.42450   1   4
        1.37582       -0.36509   1   5
        1.37582       -0.35900   1   6
        1.37582       -0.07460   1   7
        1.37582       -0.06883   1   8
        1.37582       -0.06076   1   9
        1.37582       -0.03146   1  10
        1.37582       -0.01195   1  11
        1.37582       -0.00145   1  12
        1.37582        0.01308   1  13
        1.37582        0.01749   1  14
        1.37582        0.10812   1  15
        1.37582        0.11905   1  16
        1.43475       -0.48470   1   1
        1.43475       -0.48265   1   2
        1.43475       -0.42525   1   3
        1.43475       -0.42138   1   4
        1.43475       -0.36916   1   5
        1.43475       -0.36358   1   6
        1.43475       -0.07072   1   7
        1.43475       -0.06536   1   8
        1.43475       -0.06219   1   9
        1.43475       -0.03397   1  10
        1.43475       -0.01552   1  11
        1.43475       -0.00579   1  12
        1.43475        0.01456   1  13
        1.43475        0.01538   1  14
        1.43475        0.10671   1  15
        1.43475        0.12186   1  16
        1.49367       -0.48583   1   1
        1.49367       -0.48489   1   2
        1.49367       -0.41711   1   3
        1.49367       -0.41338   1   4
        1.49367       -0.37170   1   5
        1.49367       -0.36698   1   6
        1.49367       -0.07391   1   7
        1.49367       -0.06345   1   8
        1.49367       -0.05843   1   9
        1.49367       -0.03505   1  10
        1.49367       -0.01835   1  11
        1.49367       -0.01130   1  12
        1.49367        0.01547   1  13
        1.49367        0.01638   1  14
        1.49367        0.10518   1  15
        1.49367        0.12317   1  16
        1.55260       -0.48998   1   1
        1.55260       -0.48918   1   2
        1.55260       -0.40713   1   3
        1.55260       -0.40292   1   4
        1.55260       -0.37072   1   5
        1.55260       -0.36893   1   6
        1.55260       -0.08125   1   7
        1.55260       -0.06252   1   8
        1.55260       -0.05294   1   9
        1.55260       -0.03604   1  10
        1.55260       -0.01923   1  11
        1.55260       -0.01561   1  12
        1.55260        0.01720   1  13
        1.55260        0.01805   1  14
        1.55260        0.10388   1  15
        1.55260        0.12280   1  16
        1.61152       -0.49573   1   1
        1.61152       -0.49331   1   2
        1.61152       -0.40106   1   3
        1.61152       -0.39315   1   4
        1.61152       -0.36869   1   5
        1.61152       -0.36344   1   6
        1.61152       -0.09058   1   7
        1.61152       -0.06184   1   8
        1.61152       -0.04790   1   9
        1.61152       -0.03985   1  10
        1.61152       -0.01762   1  11
        1.61152       -0.01505   1  12
        1.61152        0.01912   1  13
        1.61152        0.01955   1  14
        1.61152        0.10305   1  15
        1.61152        0.12082   1  16
        1.67045       -0.50095   1   1
        1.67045       -0.49723   1   2
        1.67045       -0.39968   1   3
        1.67045       -0.38706   1   4
        1.67045       -0.36520   1   5
        1.67045       -0.35136   1   6
        1.67045       -0.10051   1   7
        1.67045       -0.06108   1   8
        1.67045       -0.04582   1   9
        1.67045       -0.04397   1  10
        1.67045       -0.01373   1  11
        1.67045       -0.01010   1  12
        1.67045        0.01915   1  13
        1.67045        0.02186   1  14
        1.67045        0.10279   1  15
        1.67045        0.11759   1  16
        1.72938       -0.50500   1   1
        1.72938       -0.50036   1   2
        1.72938       -0.40015   1   3
        1.72938       -0.38479   1   4
        1.72938       -0.35974   1   5
        1.72938       -0.33926   1   6
        1.72938       -0.10946   1   7
        1.72938       -0.06030   1   8
        1.72938       -0.05146   1   9
        1.72938       -0.04131   1  10
        1.72938       -0.00853   1  11
        1.72938       -0.00373   1  12
        1.72938        0.01798   1  13
        1.72938        0.02372   1  14
        1.72938        0.10299   1  15
        1.72938        0.11387   1  16
        1.78830       -0.50756   1   1
        1.78830       -0.50235   1   2
        1.78830       -0.40083   1   3
        1.78830       -0.38420   1   4
        1.78830       -0.35535   1   5
        1.78830       -0.33061   1   6
        1.78830       -0.11578   1   7
        1.78830       -0.05962   1   8
        1.78830       -0.05541   1   9
        1.78830       -0.03982   1  10
        1.78830       -0.00360   1  11
        1.78830        0.00152   1  12
        1.78830        0.01600   1  13
        1.78830        0.02491   1  14
        1.78830        0.10335   1  15
        1.78830        0.11079   1  16
        1.84723       -0.50842   1   1
        1.84723       -0.50304   1   2
        1.84723       -0.40111   1   3
        1.84723       -0.38409   1   4
        1.84723       -0.35374   1   5
        1.84723       -0.32748   1   6
        1.84723       -0.11807   1   7
        1.84723       -0.05923   1   8
        1.84723       -0.05695   1   9
        1.84723       -0.03934   1  10
        1.84723       -0.00135   1  11
        1.84723        0.00356   1  12
        1.84723        0.01483   1  13
        1.84723        0.02531   1  14
        1.84723        0.10351   1  15
        1.84723        0.10957   1  16
        1.84723       -0.50842   1   1
        1.84723       -0.50304   1   2
        1.84723       -0.40111   1   3
        1.84723       -0.38409   1   4
        1.84723       -0.35374   1   5
        1.84723       -0.32748   1   6
        1.84723       -0.11807   1   7
        1.84723       -0.05923   1   8
        1.84723       -0.05695   1   9
        1.84723       -0.03934   1  10
        1.84723       -0.00135   1  11
        1.84723        0.00356   1  12
        1.84723        0.01483   1  13
        1.84723        0.02531   1  14
        1.84723        0.10351   1  15
        1.84723        0.10957   1  16
        1.90250       -0.50786   1   1
        1.90250       -0.49998   1   2
        1.90250       -0.40697   1   3
        1.90250       -0.37828   1   4
        1.90250       -0.35417   1   5
        1.90250       -0.32631   1   6
        1.90250       -0.11811   1   7
        1.90250       -0.05954   1   8
        1.90250       -0.05642   1   9
        1.90250       -0.03939   1  10
        1.90250       -0.00342   1  11
        1.90250        0.00081   1  12
        1.90250        0.01650   1  13
        1.90250        0.02550   1  14
        1.90250        0.10397   1  15
        1.90250        0.10948   1  16
        1.95778       -0.50435   1   1
        1.95778       -0.49296   1   2
        1.95778       -0.41735   1   3
        1.95778       -0.36787   1   4
        1.95778       -0.35529   1   5
        1.95778       -0.32299   1   6
        1.95778       -0.11818   1   7
        1.95778       -0.06046   1   8
        1.95778       -0.05491   1   9
        1.95778       -0.03949   1  10
        1.95778       -0.00853   1  11
        1.95778       -0.00496   1  12
        1.95778        0.01904   1  13
        1.95778        0.02545   1  14
        1.95778        0.10536   1  15
        1.95778        0.10907   1  16
        2.01306       -0.49661   1   1
        2.01306       -0.48446   1   2
        2.01306       -0.42812   1   3
        2.01306       -0.35679   1   4
        2.01306       -0.35624   1   5
        2.01306       -0.31786   1   6
        2.01306       -0.11818   1   7
        2.01306       -0.06195   1   8
        2.01306       -0.05273   1   9
        2.01306       -0.03971   1  10
        2.01306       -0.01444   1  11
        2.01306       -0.01181   1  12
        2.01306        0.02049   1  13
        2.01306        0.02437   1  14
        2.01306        0.10771   1  15
        2.01306        0.10799   1  16
        2.06833       -0.48451   1   1
        2.06833       -0.47770   1   2
        2.06833       -0.43646   1   3
        2.06833       -0.35845   1   4
        2.06833       -0.34373   1   5
        2.06833       -0.31119   1   6
        2.06833       -0.11800   1   7
        2.06833       -0.06394   1   8
        2.06833       -0.05070   1   9
        2.06833       -0.04030   1  10
        2.06833       -0.01906   1  11
        2.06833       -0.01862   1  12
        2.06833        0.02027   1  13
        2.06833        0.02211   1  14
        2.06833        0.10590   1  15
        2.06833        0.11099   1  16
        2.12361       -0.47992   1   1
        2.12361       -0.46686   1   2
        2.12361       -0.43695   1   3
        2.12361       -0.36021   1   4
        2.12361       -0.33031   1   5
        2.12361       -0.30311   1   6
        2.12361       -0.11753   1   7
        2.12361       -0.06640   1   8
        2.12361       -0.05088   1   9
        2.12361       -0.04040   1  10
        2.12361       -0.02637   1  11
        2.12361       -0.01914   1  12
        2.12361        0.01824   1  13
        2.12361        0.01907   1  14
        2.12361        0.10265   1  15
        2.12361        0.11508   1  16
        2.17889       -0.49011   1   1
        2.17889       -0.44574   1   2
        2.17889       -0.42917   1   3
        2.17889       -0.36204   1   4
        2.17889       -0.31594   1   5
        2.17889       -0.29371   1   6
        2.17889       -0.11676   1   7
        2.17889       -0.06928   1   8
        2.17889       -0.05452   1   9
        2.17889       -0.03855   1  10
        2.17889       -0.03356   1  11
        2.17889       -0.01644   1  12
        2.17889        0.01456   1  13
        2.17889        0.01599   1  14
        2.17889        0.09850   1  15
        2.17889        0.11980   1  16
        2.23417       -0.50426   1   1
        2.23417       -0.42230   1   2
        2.23417       -0.41653   1   3
        2.23417       -0.36394   1   4
        2.23417       -0.30065   1   5
        2.23417       -0.28306   1   6
        2.23417       -0.11570   1   7
        2.23417       -0.07256   1   8
        2.23417       -0.05953   1   9
        2.23417       -0.04062   1  10
        2.23417       -0.03613   1  11
        2.23417       -0.01253   1  12
        2.23417        0.00962   1  13
        2.23417        0.01369   1  14
        2.23417        0.09436   1  15
        2.23417        0.12493   1  16
        2.28944       -0.51942   1   1
        2.28944       -0.40913   1   2
        2.28944       -0.38998   1   3
        2.28944       -0.36589   1   4
        2.28944       -0.28459   1   5
        2.28944       -0.27130   1   6
        2.28944       -0.11445   1   7
        2.28944       -0.07619   1   8
        2.28944       -0.06471   1   9
        2.28944       -0.04777   1  10
        2.28944       -0.03442   1  11
        2.28944       -0.00933   1  12
        2.28944        0.00402   1  13
        2.28944        0.01237   1  14
        2.28944        0.09206   1  15
        2.28944        0.13023   1  16
        2.34472       -0.53431   1   1
        2.34472       -0.39937   1   2
        2.34472       -0.36783   1   3
        2.34472       -0.35831   1   4
        2.34472       -0.26801   1   5
        2.34472       -0.25858   1   6
        2.34472       -0.11314   1   7
        2.34472       -0.08008   1   8
        2.34472       -0.07006   1   9
        2.34472       -0.05542   1  10
        2.34472       -0.03418   1  11
        2.34472       -0.00762   1  12
        2.34472       -0.00152   1  13
        2.34472        0.01052   1  14
        2.34472        0.09419   1  15
        2.34472        0.13550   1  16
        2.40000       -0.54809   1   1
        2.40000       -0.39131   1   2
        2.40000       -0.36968   1   3
        2.40000       -0.32478   1   4
        2.40000       -0.25126   1   5
        2.40000       -0.24519   1   6
        2.40000       -0.11189   1   7
        2.40000       -0.08411   1   8
        2.40000       -0.07600   1   9
        2.40000       -0.06395   1  10
        2.40000       -0.03615   1  11
        2.40000       -0.00756   1  12
        2.40000       -0.00633   1  13
        2.40000        0.00698   1  14
        2.40000        0.10224   1  15
        2.40000        0.14055   1  16
        2.45527       -0.56014   1   1
        2.45527       -0.38499   1   2
        2.45527       -0.37136   1   3
        2.45527       -0.29069   1   4
        2.45527       -0.23481   1   5
        2.45527       -0.23148   1   6
        2.45527       -0.11080   1   7
        2.45527       -0.08842   1   8
        2.45527       -0.08294   1   9
        2.45527       -0.07313   1  10
        2.45527       -0.04184   1  11
        2.45527       -0.01003   1  12
        2.45527       -0.00990   1  13
        2.45527        0.00426   1  14
        2.45527        0.11499   1  15
        2.45527        0.14516   1  16
        2.51055       -0.57000   1   1
        2.51055       -0.38032   1   2
        2.51055       -0.37277   1   3
        2.51055       -0.25745   1   4
        2.51055       -0.21935   1   5
        2.51055       -0.21805   1   6
        2.51055       -0.10998   1   7
        2.51055       -0.09382   1   8
        2.51055       -0.09081   1   9
        2.51055       -0.08150   1  10
        2.51055       -0.05305   1  11
        2.51055       -0.01298   1  12
        2.51055       -0.01259   1  13
        2.51055        0.00393   1  14
        2.51055        0.12946   1  15
        2.51055        0.14911   1  16
        2.56583       -0.57729   1   1
        2.56583       -0.37716   1   2
        2.56583       -0.37385   1   3
        2.56583       -0.22702   1   4
        2.56583       -0.20592   1   5
        2.56583       -0.20587   1   6
        2.56583       -0.10955   1   7
        2.56583       -0.10129   1   8
        2.56583       -0.09885   1   9
        2.56583       -0.08680   1  10
        2.56583       -0.06854   1  11
        2.56583       -0.01463   1  12
        2.56583       -0.01419   1  13
        2.56583        0.00453   1  14
        2.56583        0.14252   1  15
        2.56583        0.15216   1  16
        2.62111       -0.58176   1   1
        2.62111       -0.37534   1   2
        2.62111       -0.37452   1   3
        2.62111       -0.20306   1   4
        2.62111       -0.19674   1   5
        2.62111       -0.19624   1   6
        2.62111       -0.11007   1   7
        2.62111       -0.10847   1   8
        2.62111       -0.10509   1   9
        2.62111       -0.08928   1  10
        2.62111       -0.08344   1  11
        2.62111       -0.01520   1  12
        2.62111       -0.01505   1  13
        2.62111        0.00510   1  14
        2.62111        0.15154   1  15
        2.62111        0.15409   1  16
        2.67638       -0.58326   1   1
        2.67638       -0.37475   1   2
        2.67638       -0.37475   1   3
        2.67638       -0.19319   1   4
        2.67638       -0.19319   1   5
        2.67638       -0.19246   1   6
        2.67638       -0.11149   1   7
        2.67638       -0.11149   1   8
        2.67638       -0.10682   1   9
        2.67638       -0.09001   1  10
        2.67638       -0.09001   1  11
        2.67638       -0.01532   1  12
        2.67638       -0.01532   1  13
        2.67638        0.00532   1  14
        2.67638        0.15475   1  15
        2.67638        0.15475   1  16
        2.67638       -0.58326   1   1
        2.67638       -0.37475   1   2
        2.67638       -0.37475   1   3
        2.67638       -0.19319   1   4
        2.67638       -0.19319   1   5
        2.67638       -0.19246   1   6
        2.67638       -0.11149   1   7
        2.67638       -0.11149   1   8
        2.67638       -0.10682   1   9
        2.67638       -0.09001   1  10
        2.67638       -0.09001   1  11
        2.67638       -0.01532   1  12
        2.67638       -0.01532   1  13
        2.67638        0.00532   1  14
        2.67638        0.15475   1  15
        2.67638        0.15475   1  16
        2.73040       -0.58187   1   1
        2.73040       -0.37545   1   2
        2.73040       -0.37447   1   3
        2.73040       -0.20111   1   4
        2.73040       -0.19873   1   5
        2.73040       -0.19559   1   6
        2.73040       -0.10930   1   7
        2.73040       -0.10929   1   8
        2.73040       -0.10525   1   9
        2.73040       -0.08866   1  10
        2.73040       -0.08429   1  11
        2.73040       -0.01533   1  12
        2.73040       -0.01491   1  13
        2.73040        0.00513   1  14
        2.73040        0.15195   1  15
        2.73040        0.15381   1  16
        2.78441       -0.57771   1   1
        2.78441       -0.37753   1   2
        2.78441       -0.37365   1   3
        2.78441       -0.22123   1   4
        2.78441       -0.21327   1   5
        2.78441       -0.20307   1   6
        2.78441       -0.10725   1   7
        2.78441       -0.10400   1   8
        2.78441       -0.09957   1   9
        2.78441       -0.08445   1  10
        2.78441       -0.07021   1  11
        2.78441       -0.01508   1  12
        2.78441       -0.01385   1  13
        2.78441        0.00469   1  14
        2.78441        0.14410   1  15
        2.78441        0.15101   1  16
        2.83843       -0.57087   1   1
        2.83843       -0.38089   1   2
        2.83843       -0.37245   1   3
        2.83843       -0.24837   1   4
        2.83843       -0.23155   1   5
        2.83843       -0.21397   1   6
        2.83843       -0.10553   1   7
        2.83843       -0.09733   1   8
        2.83843       -0.09349   1   9
        2.83843       -0.07795   1  10
        2.83843       -0.05370   1  11
        2.83843       -0.01337   1  12
        2.83843       -0.01266   1  13
        2.83843        0.00439   1  14
        2.83843        0.13274   1  15
        2.83843        0.14641   1  16
        2.89244       -0.56146   1   1
        2.89244       -0.38541   1   2
        2.89244       -0.37108   1   3
        2.89244       -0.27937   1   4
        2.89244       -0.25085   1   5
        2.89244       -0.22720   1   6
        2.89244       -0.10346   1   7
        2.89244       -0.09046   1   8
        2.89244       -0.08797   1   9
        2.89244       -0.07095   1  10
        2.89244       -0.04073   1  11
        2.89244       -0.01216   1  12
        2.89244       -0.00751   1  13
        2.89244        0.00484   1  14
        2.89244        0.12020   1  15
        2.89244        0.14015   1  16
        2.94646       -0.54970   1   1
        2.94646       -0.39088   1   2
        2.94646       -0.36994   1   3
        2.94646       -0.31216   1   4
        2.94646       -0.26987   1   5
        2.94646       -0.24201   1   6
        2.94646       -0.10102   1   7
        2.94646       -0.08419   1   8
        2.94646       -0.08255   1   9
        2.94646       -0.06461   1  10
        2.94646       -0.03437   1  11
        2.94646       -0.01290   1  12
        2.94646        0.00315   1  13
        2.94646        0.00649   1  14
        2.94646        0.10952   1  15
        2.94646        0.13246   1  16
        3.00047       -0.53584   1   1
        3.00047       -0.39702   1   2
        3.00047       -0.37009   1   3
        3.00047       -0.34450   1   4
        3.00047       -0.28794   1   5
        3.00047       -0.25793   1   6
        3.00047       -0.09830   1   7
        3.00047       -0.07899   1   8
        3.00047       -0.07726   1   9
        3.00047       -0.05910   1  10
        3.00047       -0.03141   1  11
        3.00047       -0.01465   1  12
        3.00047        0.00910   1  13
        3.00047        0.01263   1  14
        3.00047        0.10431   1  15
        3.00047        0.12367   1  16
        3.05449       -0.52023   1   1
        3.05449       -0.40347   1   2
        3.05449       -0.38255   1   3
        3.05449       -0.36445   1   4
        3.05449       -0.30464   1   5
        3.05449       -0.27458   1   6
        3.05449       -0.09539   1   7
        3.05449       -0.07499   1   8
        3.05449       -0.07245   1   9
        3.05449       -0.05422   1  10
        3.05449       -0.02889   1  11
        3.05449       -0.01670   1  12
        3.05449        0.01216   1  13
        3.05449        0.01565   1  14
        3.05449        0.10719   1  15
        3.05449        0.11426   1  16
        3.10850       -0.50328   1   1
        3.10850       -0.41101   1   2
        3.10850       -0.40984   1   3
        3.10850       -0.36763   1   4
        3.10850       -0.31968   1   5
        3.10850       -0.29169   1   6
        3.10850       -0.09237   1   7
        3.10850       -0.07188   1   8
        3.10850       -0.06852   1   9
        3.10850       -0.04973   1  10
        3.10850       -0.02608   1  11
        3.10850       -0.01845   1  12
        3.10850        0.01246   1  13
        3.10850        0.01527   1  14
        3.10850        0.10484   1  15
        3.10850        0.11672   1  16
        3.16252       -0.48554   1   1
        3.16252       -0.43808   1   2
        3.16252       -0.41571   1   3
        3.16252       -0.37083   1   4
        3.16252       -0.33282   1   5
        3.16252       -0.30899   1   6
        3.16252       -0.08930   1   7
        3.16252       -0.06917   1   8
        3.16252       -0.06571   1   9
        3.16252       -0.04558   1  10
        3.16252       -0.02346   1  11
        3.16252       -0.01946   1  12
        3.16252        0.00661   1  13
        3.16252        0.01813   1  14
        3.16252        0.09614   1  15
        3.16252        0.12886   1  16
        3.21653       -0.46808   1   1
        3.21653       -0.46109   1   2
        3.21653       -0.42072   1   3
        3.21653       -0.37588   1   4
        3.21653       -0.34390   1   5
        3.21653       -0.32625   1   6
        3.21653       -0.08618   1   7
        3.21653       -0.06644   1   8
        3.21653       -0.06395   1   9
        3.21653       -0.04188   1  10
        3.21653       -0.02247   1  11
        3.21653       -0.01957   1  12
        3.21653        0.00162   1  13
        3.21653        0.02046   1  14
        3.21653        0.08891   1  15
        3.21653        0.14042   1  16
        3.27055       -0.48085   1   1
        3.27055       -0.45015   1   2
        3.27055       -0.42458   1   3
        3.27055       -0.38299   1   4
        3.27055       -0.35281   1   5
        3.27055       -0.34324   1   6
        3.27055       -0.08299   1   7
        3.27055       -0.06354   1   8
        3.27055       -0.06293   1   9
        3.27055       -0.03886   1  10
        3.27055       -0.02448   1  11
        3.27055       -0.01879   1  12
        3.27055        0.00004   1  13
        3.27055        0.02197   1  14
        3.27055        0.08379   1  15
        3.27055        0.14949   1  16
        3.32456       -0.49495   1   1
        3.32456       -0.43531   1   2
        3.32456       -0.42704   1   3
        3.32456       -0.39132   1   4
        3.32456       -0.36023   1   5
        3.32456       -0.35903   1   6
        3.32456       -0.07982   1   7
        3.32456       -0.06224   1   8
        3.32456       -0.06076   1   9
        3.32456       -0.03671   1  10
        3.32456       -0.02817   1  11
        3.32456       -0.01724   1  12
        3.32456        0.00146   1  13
        3.32456        0.02246   1  14
        3.32456        0.08114   1  15
        3.32456        0.15499   1  16
        3.37858       -0.50388   1   1
        3.37858       -0.42798   1   2
        3.37858       -0.42753   1   3
        3.37858       -0.39660   1   4
        3.37858       -0.37583   1   5
        3.37858       -0.36373   1   6
        3.37858       -0.07683   1   7
        3.37858       -0.06157   1   8
        3.37858       -0.05900   1   9
        3.37858       -0.03546   1  10
        3.37858       -0.03056   1  11
        3.37858       -0.01504   1  12
        3.37858        0.00410   1  13
        3.37858        0.02190   1  14
        3.37858        0.08104   1  15
        3.37858        0.15640   1  16
        3.43259       -0.50748   1   1
        3.43259       -0.43362   1   2
        3.43259       -0.42737   1   3
        3.43259       -0.39226   1   4
        3.43259       -0.39104   1   5
        3.43259       -0.36580   1   6
        3.43259       -0.07426   1   7
        3.43259       -0.06096   1   8
        3.43259       -0.05919   1   9
        3.43259       -0.03484   1  10
        3.43259       -0.02967   1  11
        3.43259       -0.01239   1  12
        3.43259        0.00703   1  13
        3.43259        0.02046   1  14
        3.43259        0.08333   1  15
        3.43259        0.15363   1  16
        3.48661       -0.50575   1   1
        3.48661       -0.44789   1   2
        3.48661       -0.42532   1   3
        3.48661       -0.40537   1   4
        3.48661       -0.38387   1   5
        3.48661       -0.36561   1   6
        3.48661       -0.07216   1   7
        3.48661       -0.06116   1   8
        3.48661       -0.06094   1   9
        3.48661       -0.03426   1  10
        3.48661       -0.02573   1  11
        3.48661       -0.00946   1  12
        3.48661        0.00999   1  13
        3.48661        0.01841   1  14
        3.48661        0.08780   1  15
        3.48661        0.14706   1  16
        3.54062       -0.49881   1   1
        3.54062       -0.46485   1   2
        3.54062       -0.42278   1   3
        3.54062       -0.41789   1   4
        3.54062       -0.37647   1   5
        3.54062       -0.36324   1   6
        3.54062       -0.07071   1   7
        3.54062       -0.06307   1   8
        3.54062       -0.06303   1   9
        3.54062       -0.03313   1  10
        3.54062       -0.02034   1  11
        3.54062       -0.00634   1  12
        3.54062        0.01305   1  13
        3.54062        0.01614   1  14
        3.54062        0.09418   1  15
        3.54062        0.13747   1  16
        3.59464       -0.48709   1   1
        3.59464       -0.48252   1   2
        3.59464       -0.43189   1   3
        3.59464       -0.41658   1   4
        3.59464       -0.37116   1   5
        3.59464       -0.35882   1   6
        3.59464       -0.07269   1   7
        3.59464       -0.06466   1   8
        3.59464       -0.06447   1   9
        3.59464       -0.03141   1  10
        3.59464       -0.01499   1  11
        3.59464       -0.00305   1  12
        3.59464        0.01403   1  13
        3.59464        0.01628   1  14
        3.59464        0.10208   1  15
        3.59464        0.12618   1  16
        3.64865       -0.50059   1   1
        3.64865       -0.47036   1   2
        3.64865       -0.44315   1   3
        3.64865       -0.41114   1   4
        3.64865       -0.36802   1   5
        3.64865       -0.35258   1   6
        3.64865       -0.08048   1   7
        3.64865       -0.06552   1   8
        3.64865       -0.06276   1   9
        3.64865       -0.02965   1  10
        3.64865       -0.01085   1  11
        3.64865        0.00030   1  12
        3.64865        0.01236   1  13
        3.64865        0.01939   1  14
        3.64865        0.11099   1  15
        3.64865        0.11519   1  16
        3.64865       -0.50059   1   1
        3.64865       -0.47036   1   2
        3.64865       -0.44315   1   3
        3.64865       -0.41114   1   4
        3.64865       -0.36802   1   5
        3.64865       -0.35258   1   6
        3.64865       -0.08048   1   7
        3.64865       -0.06552   1   8
        3.64865       -0.06276   1   9
        3.64865       -0.02965   1  10
        3.64865       -0.01085   1  11
        3.64865        0.00030   1  12
        3.64865        0.01236   1  13
        3.64865        0.01939   1  14
        3.64865        0.11099   1  15
        3.64865        0.11519   1  16
        3.71179       -0.52045   1   1
        3.71179       -0.45499   1   2
        3.71179       -0.44607   1   3
        3.71179       -0.40393   1   4
        3.71179       -0.36661   1   5
        3.71179       -0.34336   1   6
        3.71179       -0.09346   1   7
        3.71179       -0.06551   1   8
        3.71179       -0.05969   1   9
        3.71179       -0.02814   1  10
        3.71179       -0.00864   1  11
        3.71179        0.00353   1  12
        3.71179        0.01154   1  13
        3.71179        0.02133   1  14
        3.71179        0.10656   1  15
        3.71179        0.12197   1  16
        3.77492       -0.53854   1   1
        3.77492       -0.46520   1   2
        3.77492       -0.41749   1   3
        3.77492       -0.39645   1   4
        3.77492       -0.36693   1   5
        3.77492       -0.33264   1   6
        3.77492       -0.10884   1   7
        3.77492       -0.06472   1   8
        3.77492       -0.05663   1   9
        3.77492       -0.02737   1  10
        3.77492       -0.01060   1  11
        3.77492        0.00421   1  12
        3.77492        0.01321   1  13
        3.77492        0.01996   1  14
        3.77492        0.10663   1  15
        3.77492        0.13269   1  16
        3.83806       -0.55418   1   1
        3.83806       -0.47368   1   2
        3.83806       -0.38936   1   3
        3.83806       -0.38650   1   4
        3.83806       -0.36797   1   5
        3.83806       -0.32120   1   6
        3.83806       -0.12568   1   7
        3.83806       -0.06381   1   8
        3.83806       -0.05407   1   9
        3.83806       -0.02712   1  10
        3.83806       -0.01799   1  11
        3.83806        0.00262   1  12
        3.83806        0.01650   1  13
        3.83806        0.01752   1  14
        3.83806        0.11556   1  15
        3.83806        0.14236   1  16
        3.90119       -0.56684   1   1
        3.90119       -0.48035   1   2
        3.90119       -0.38325   1   3
        3.90119       -0.37091   1   4
        3.90119       -0.35333   1   5
        3.90119       -0.30999   1   6
        3.90119       -0.14333   1   7
        3.90119       -0.06376   1   8
        3.90119       -0.05226   1   9
        3.90119       -0.02879   1  10
        3.90119       -0.02709   1  11
        3.90119        0.00024   1  12
        3.90119        0.01643   1  13
        3.90119        0.01971   1  14
        3.90119        0.12935   1  15
        3.90119        0.15040   1  16
        3.96433       -0.57614   1   1
        3.96433       -0.48514   1   2
        3.96433       -0.37857   1   3
        3.96433       -0.37215   1   4
        3.96433       -0.32391   1   5
        3.96433       -0.30024   1   6
        3.96433       -0.16083   1   7
        3.96433       -0.06565   1   8
        3.96433       -0.05120   1   9
        3.96433       -0.03815   1  10
        3.96433       -0.02713   1  11
        3.96433       -0.00214   1  12
        3.96433        0.01635   1  13
        3.96433        0.02221   1  14
        3.96433        0.14339   1  15
        3.96433        0.15638   1  16
        4.02746       -0.58182   1   1
        4.02746       -0.48804   1   2
        4.02746       -0.37564   1   3
        4.02746       -0.37321   1   4
        4.02746       -0.30079   1   5
        4.02746       -0.29345   1   6
        4.02746       -0.17566   1   7
        4.02746       -0.06904   1   8
        4.02746       -0.05071   1   9
        4.02746       -0.04310   1  10
        4.02746       -0.02715   1  11
        4.02746       -0.00388   1  12
        4.02746        0.01654   1  13
        4.02746        0.02376   1  14
        4.02746        0.15370   1  15
        4.02746        0.16005   1  16
        4.09060       -0.58373   1   1
        4.09060       -0.48901   1   2
        4.09060       -0.37464   1   3
        4.09060       -0.37359   1   4
        4.09060       -0.29141   1   5
        4.09060       -0.29099   1   6
        4.09060       -0.18208   1   7
        4.09060       -0.07079   1   8
        4.09060       -0.05059   1   9
        4.09060       -0.04443   1  10
        4.09060       -0.02716   1  11
        4.09060       -0.00452   1  12
        4.09060        0.01664   1  13
        4.09060        0.02429   1  14
        4.09060        0.15747   1  15
        4.09060        0.16129   1  16
        4.09060       -0.58373   1   1
        4.09060       -0.48901   1   2
        4.09060       -0.37464   1   3
        4.09060       -0.37359   1   4
        4.09060       -0.29141   1   5
        4.09060       -0.29099   1   6
        4.09060       -0.18208   1   7
        4.09060       -0.07079   1   8
        4.09060       -0.05059   1   9
        4.09060       -0.04443   1  10
        4.09060       -0.02716   1  11
        4.09060       -0.00452   1  12
        4.09060        0.01664   1  13
        4.09060        0.02429   1  14
        4.09060        0.15747   1  15
        4.09060        0.16129   1  16
        4.14472       -0.58081   1   1
        4.14472       -0.48868   1   2
        4.14472       -0.37371   1   3
        4.14472       -0.37262   1   4
        4.14472       -0.29564   1   5
        4.14472       -0.29259   1   6
        4.14472       -0.17874   1   7
        4.14472       -0.06961   1   8
        4.14472       -0.05077   1   9
        4.14472       -0.04435   1  10
        4.14472       -0.02711   1  11
        4.14472       -0.00468   1  12
        4.14472        0.01644   1  13
        4.14472        0.02382   1  14
        4.14472        0.15614   1  15
        4.14472        0.15996   1  16
        4.19885       -0.57214   1   1
        4.19885       -0.48779   1   2
        4.19885       -0.37093   1   3
        4.19885       -0.36973   1   4
        4.19885       -0.30793   1   5
        4.19885       -0.29596   1   6
        4.19885       -0.17016   1   7
        4.19885       -0.06671   1   8
        4.19885       -0.05140   1   9
        4.19885       -0.04372   1  10
        4.19885       -0.02710   1  11
        4.19885       -0.00504   1  12
        4.19885        0.01594   1  13
        4.19885        0.02252   1  14
        4.19885        0.15219   1  15
        4.19885        0.15605   1  16
        4.25298       -0.55797   1   1
        4.25298       -0.48662   1   2
        4.25298       -0.36637   1   3
        4.25298       -0.36511   1   4
        4.25298       -0.32453   1   5
        4.25298       -0.30103   1   6
        4.25298       -0.15894   1   7
        4.25298       -0.06401   1   8
        4.25298       -0.05266   1   9
        4.25298       -0.04133   1  10
        4.25298       -0.02749   1  11
        4.25298       -0.00522   1  12
        4.25298        0.01538   1  13
        4.25298        0.02077   1  14
        4.25298        0.14580   1  15
        4.25298        0.14976   1  16
        4.30710       -0.53868   1   1
        4.30710       -0.48569   1   2
        4.30710       -0.36019   1   3
        4.30710       -0.35990   1   4
        4.30710       -0.34157   1   5
        4.30710       -0.30714   1   6
        4.30710       -0.14690   1   7
        4.30710       -0.06358   1   8
        4.30710       -0.05471   1   9
        4.30710       -0.03628   1  10
        4.30710       -0.02876   1  11
        4.30710       -0.00479   1  12
        4.30710        0.01527   1  13
        4.30710        0.01909   1  14
        4.30710        0.13732   1  15
        4.30710        0.14147   1  16
        4.36123       -0.51474   1   1
        4.36123       -0.48588   1   2
        4.36123       -0.36539   1   3
        4.36123       -0.35284   1   4
        4.36123       -0.34547   1   5
        4.36123       -0.31334   1   6
        4.36123       -0.13515   1   7
        4.36123       -0.06553   1   8
        4.36123       -0.05761   1   9
        4.36123       -0.03105   1  10
        4.36123       -0.03000   1  11
        4.36123       -0.00375   1  12
        4.36123        0.01640   1  13
        4.36123        0.01802   1  14
        4.36123        0.12735   1  15
        4.36123        0.13175   1  16
        4.41536       -0.48877   1   1
        4.41536       -0.48642   1   2
        4.41536       -0.37936   1   3
        4.41536       -0.34574   1   4
        4.41536       -0.33628   1   5
        4.41536       -0.31785   1   6
        4.41536       -0.12437   1   7
        4.41536       -0.06901   1   8
        4.41536       -0.06124   1   9
        4.41536       -0.03388   1  10
        4.41536       -0.02508   1  11
        4.41536       -0.00279   1  12
        4.41536        0.01797   1  13
        4.41536        0.01942   1  14
        4.41536        0.11691   1  15
        4.41536        0.12149   1  16
        4.46948       -0.49486   1   1
        4.46948       -0.45512   1   2
        4.46948       -0.38972   1   3
        4.46948       -0.34285   1   4
        4.46948       -0.32423   1   5
        4.46948       -0.31645   1   6
        4.46948       -0.11514   1   7
        4.46948       -0.07338   1   8
        4.46948       -0.06538   1   9
        4.46948       -0.03645   1  10
        4.46948       -0.02302   1  11
        4.46948       -0.00272   1  12
        4.46948        0.01859   1  13
        4.46948        0.02349   1  14
        4.46948        0.10780   1  15
        4.46948        0.11210   1  16
        4.52361       -0.50523   1   1
        4.52361       -0.42083   1   2
        4.52361       -0.39473   1   3
        4.52361       -0.34591   1   4
        4.52361       -0.31040   1   5
        4.52361       -0.30724   1   6
        4.52361       -0.10805   1   7
        4.52361       -0.07823   1   8
        4.52361       -0.06973   1   9
        4.52361       -0.03789   1  10
        4.52361       -0.02370   1  11
        4.52361       -0.00396   1  12
        4.52361        0.01832   1  13
        4.52361        0.02542   1  14
        4.52361        0.10279   1  15
        4.52361        0.10566   1  16
        4.57774       -0.51850   1   1
        4.57774       -0.39539   1   2
        4.57774       -0.38439   1   3
        4.57774       -0.35126   1   4
        4.57774       -0.29511   1   5
        4.57774       -0.29384   1   6
        4.57774       -0.10353   1   7
        4.57774       -0.08325   1   8
        4.57774       -0.07410   1   9
        4.57774       -0.03761   1  10
        4.57774       -0.02656   1  11
        4.57774       -0.00694   1  12
        4.57774        0.01557   1  13
        4.57774        0.02202   1  14
        4.57774        0.10427   1  15
        4.57774        0.10428   1  16
        4.63186       -0.53286   1   1
        4.63186       -0.39279   1   2
        4.63186       -0.35686   1   3
        4.63186       -0.34738   1   4
        4.63186       -0.27862   1   5
        4.63186       -0.27834   1   6
        4.63186       -0.10161   1   7
        4.63186       -0.08821   1   8
        4.63186       -0.07849   1   9
        4.63186       -0.03584   1  10
        4.63186       -0.03156   1  11
        4.63186       -0.01263   1  12
        4.63186        0.01102   1  13
        4.63186        0.01385   1  14
        4.63186        0.10850   1  15
        4.63186        0.11148   1  16
        4.68599       -0.54679   1   1
        4.68599       -0.38884   1   2
        4.68599       -0.36203   1   3
        4.68599       -0.31068   1   4
        4.68599       -0.26158   1   5
        4.68599       -0.26125   1   6
        4.68599       -0.10173   1   7
        4.68599       -0.09292   1   8
        4.68599       -0.08311   1   9
        4.68599       -0.03935   1  10
        4.68599       -0.03537   1  11
        4.68599       -0.02012   1  12
        4.68599        0.00426   1  13
        4.68599        0.00720   1  14
        4.68599        0.11691   1  15
        4.68599        0.12151   1  16
        4.74012       -0.55922   1   1
        4.74012       -0.38451   1   2
        4.74012       -0.36648   1   3
        4.74012       -0.27580   1   4
        4.74012       -0.24415   1   5
        4.74012       -0.24344   1   6
        4.74012       -0.10305   1   7
        4.74012       -0.09727   1   8
        4.74012       -0.08827   1   9
        4.74012       -0.05046   1  10
        4.74012       -0.04416   1  11
        4.74012       -0.02160   1  12
        4.74012       -0.00383   1  13
        4.74012        0.00510   1  14
        4.74012        0.12736   1  15
        4.74012        0.13196   1  16
        4.79424       -0.56945   1   1
        4.79424       -0.38055   1   2
        4.79424       -0.37004   1   3
        4.79424       -0.24435   1   4
        4.79424       -0.22679   1   5
        4.79424       -0.22586   1   6
        4.79424       -0.10489   1   7
        4.79424       -0.10128   1   8
        4.79424       -0.09417   1   9
        4.79424       -0.06398   1  10
        4.79424       -0.05905   1  11
        4.79424       -0.01909   1  12
        4.79424       -0.00940   1  13
        4.79424        0.00437   1  14
        4.79424        0.13786   1  15
        4.79424        0.14131   1  16
        4.84837       -0.57704   1   1
        4.84837       -0.37742   1   2
        4.84837       -0.37264   1   3
        4.84837       -0.21822   1   4
        4.84837       -0.21068   1   5
        4.84837       -0.20973   1   6
        4.84837       -0.10692   1   7
        4.84837       -0.10522   1   8
        4.84837       -0.10050   1   9
        4.84837       -0.07728   1  10
        4.84837       -0.07407   1  11
        4.84837       -0.01688   1  12
        4.84837       -0.01285   1  13
        4.84837        0.00456   1  14
        4.84837        0.14675   1  15
        4.84837        0.14859   1  16
        4.90249       -0.58169   1   1
        4.90249       -0.37543   1   2
        4.90249       -0.37422   1   3
        4.90249       -0.19997   1   4
        4.90249       -0.19819   1   5
        4.90249       -0.19737   1   6
        4.90249       -0.10957   1   7
        4.90249       -0.10930   1   8
        4.90249       -0.10536   1   9
        4.90249       -0.08678   1  10
        4.90249       -0.08560   1  11
        4.90249       -0.01567   1  12
        4.90249       -0.01472   1  13
        4.90249        0.00507   1  14
        4.90249        0.15267   1  15
        4.90249        0.15318   1  16
        4.95662       -0.58326   1   1
        4.95662       -0.37475   1   2
        4.95662       -0.37475   1   3
        4.95662       -0.19319   1   4
        4.95662       -0.19319   1   5
        4.95662       -0.19246   1   6
        4.95662       -0.11149   1   7
        4.95662       -0.11149   1   8
        4.95662       -0.10682   1   9
        4.95662       -0.09001   1  10
        4.95662       -0.09001   1  11
        4.95662       -0.01532   1  12
        4.95662       -0.01532   1  13
        4.95662        0.00532   1  14
        4.95662        0.15475   1  15
        4.95662        0.15475   1  16
