=== md5 of self-energy outputs (in SEBK after gwsc) ===
3482efd38e98ef10bf59ea7a2b61d05d  SEBK/SECU
844b09c3134e8c5d36b8222754ae647d  SEBK/SEC2U
b8ee11ab6a4e7b2a70bc607e942404b6  SEBK/SEXU
7c612699a8963fd9109fe1b458424d55  SEBK/SEX2U

=== diagnostic lines from lcombined ===

=== first 100 SECU rows (text, fp-precise) ===
  *** 
 jband   iq ispin                             qibz            eigen-Ef (in eV)           Re(Sc) 3-points (in eV)                                   In(Sc) 3-points (in eV)                Zfactor(=1)
    1    1    1  0.0000000000000000D+00  0.0000000000000000D+00  0.0000000000000000D+00    -0.2041637332791020D+02     0.1139358605802924D+02    -0.1321728837488934D-13
    2    1    1  0.0000000000000000D+00  0.0000000000000000D+00  0.0000000000000000D+00    -0.1896030454667708D+02     0.1048849986889933D+02    -0.5315238110759069D-13
    3    1    1  0.0000000000000000D+00  0.0000000000000000D+00  0.0000000000000000D+00    -0.8506177874369680D+01     0.7030456730089148D+01    -0.5286915349955734D-14
    4    1    1  0.0000000000000000D+00  0.0000000000000000D+00  0.0000000000000000D+00    -0.5745676598634703D+01     0.7793510868296017D+01     0.0000000000000000D+00
    5    1    1  0.0000000000000000D+00  0.0000000000000000D+00  0.0000000000000000D+00    -0.5744891099798896D+01     0.7777659507341723D+01    -0.7127894802172464D-14
    6    1    1  0.0000000000000000D+00  0.0000000000000000D+00  0.0000000000000000D+00    -0.3299819807816720D+01     0.5369696262268263D+01    -0.2785071478994539D-14
    7    1    1  0.0000000000000000D+00  0.0000000000000000D+00  0.0000000000000000D+00    -0.3292903870637783D+01     0.5660258530791908D+01    -0.4696857833219603D-14
    8    1    1  0.0000000000000000D+00  0.0000000000000000D+00  0.0000000000000000D+00    -0.3292901250913790D+01     0.5662468233156284D+01    -0.5688154461336303D-14
    9    1    1  0.0000000000000000D+00  0.0000000000000000D+00  0.0000000000000000D+00    -0.2283841753814071D+01     0.1150570145470667D+02    -0.2228057183195631D-13
   10    1    1  0.0000000000000000D+00  0.0000000000000000D+00  0.0000000000000000D+00    -0.2282888873667671D+01     0.1151092805153369D+02    -0.5135860625671285D-13
   11    1    1  0.0000000000000000D+00  0.0000000000000000D+00  0.0000000000000000D+00    -0.2233834263262189D+01     0.1128605266382755D+02    -0.2114766139982294D-13
   12    1    1  0.0000000000000000D+00  0.0000000000000000D+00  0.0000000000000000D+00    -0.1994090438004855D+01     0.8112077250890160D+01    -0.2634016754710089D-13
   13    1    1  0.0000000000000000D+00  0.0000000000000000D+00  0.0000000000000000D+00    -0.1991527544558032D+01     0.8114922627140201D+01    -0.1397256199631158D-13
   14    1    1  0.0000000000000000D+00  0.0000000000000000D+00  0.0000000000000000D+00    -0.1049938753894440D+01     0.9431282019655281D+01    -0.3106062768098994D-13
   15    1    1  0.0000000000000000D+00  0.0000000000000000D+00  0.0000000000000000D+00    -0.1044941828842426D+01     0.9425217368741682D+01    -0.4059595715144582D-13
   16    1    1  0.0000000000000000D+00  0.0000000000000000D+00  0.0000000000000000D+00    -0.7682757311235299D+00     0.9518069484850580D+01    -0.1963711415697844D-13
   17    1    1  0.0000000000000000D+00  0.0000000000000000D+00  0.0000000000000000D+00     0.1235981020559973D+01    -0.3667920370835065D+01    -0.2668535119439153D-14
   18    1    1  0.0000000000000000D+00  0.0000000000000000D+00  0.0000000000000000D+00     0.1240425760188819D+01    -0.3684757188678073D+01    -0.3331022196354644D-13
   19    1    1  0.0000000000000000D+00  0.0000000000000000D+00  0.0000000000000000D+00     0.1478492558018286D+01    -0.4857530651428331D+01     0.0000000000000000D+00
   20    1    1  0.0000000000000000D+00  0.0000000000000000D+00  0.0000000000000000D+00     0.5356453682489673D+01    -0.5207585719424583D+01    -0.5994984370039091D-14
   21    1    1  0.0000000000000000D+00  0.0000000000000000D+00  0.0000000000000000D+00     0.9843040367208289D+01    -0.6448088694607415D+01    -0.1661601967128945D-13
   22    1    1  0.0000000000000000D+00  0.0000000000000000D+00  0.0000000000000000D+00     0.1369924741319691D+02    -0.5553642387273309D+01    -0.2661159400479951D-14
   23    1    1  0.0000000000000000D+00  0.0000000000000000D+00  0.0000000000000000D+00     0.1369926945936510D+02    -0.5553802145012384D+01    -0.9895264555664917D-14
   24    1    1  0.0000000000000000D+00  0.0000000000000000D+00  0.0000000000000000D+00     0.1743934350646942D+02    -0.6073477970530729D+01    -0.3634754303094567D-14
   25    1    1  0.0000000000000000D+00  0.0000000000000000D+00  0.0000000000000000D+00     0.1958348520451451D+02    -0.5527862584924084D+01    -0.3163814647549543D-14
   26    1    1  0.0000000000000000D+00  0.0000000000000000D+00  0.0000000000000000D+00     0.1959121354985780D+02    -0.5643075688154466D+01    -0.4142203767487640D-14
   27    1    1  0.0000000000000000D+00  0.0000000000000000D+00  0.0000000000000000D+00     0.1959166792351949D+02    -0.5644000259551248D+01     0.0000000000000000D+00
   28    1    1  0.0000000000000000D+00  0.0000000000000000D+00  0.0000000000000000D+00     0.2189624769586525D+02    -0.6516885597593491D+01    -0.2407434668283415D-14
   29    1    1  0.0000000000000000D+00  0.0000000000000000D+00  0.0000000000000000D+00     0.2216576102541773D+02    -0.6492505817160709D+01    -0.2157250281187295D-13
   30    1    1  0.0000000000000000D+00  0.0000000000000000D+00  0.0000000000000000D+00     0.2218390251086548D+02    -0.6591032830119593D+01    -0.9016078855728083D-14
   31    1    1  0.0000000000000000D+00  0.0000000000000000D+00  0.0000000000000000D+00     0.2218396135939262D+02    -0.6591323228401225D+01     0.0000000000000000D+00
   32    1    1  0.0000000000000000D+00  0.0000000000000000D+00  0.0000000000000000D+00     0.2695927175254410D+02    -0.6263918793976491D+01    -0.2596253073638977D-14
   33    1    1  0.0000000000000000D+00  0.0000000000000000D+00  0.0000000000000000D+00     0.2745807677702400D+02     0.0000000000000000D+00     0.0000000000000000D+00
    1    2    1 -0.2500000000000000D+00 -0.2500000000000000D+00  0.7500000000000000D+00    -0.1892198504211507D+02     0.1051530998522284D+02    -0.8308009835644726D-14
    2    2    1 -0.2500000000000000D+00 -0.2500000000000000D+00  0.7500000000000000D+00    -0.1891299215641454D+02     0.1052888489628864D+02    -0.2095884299446737D-13
    3    2    1 -0.2500000000000000D+00 -0.2500000000000000D+00  0.7500000000000000D+00    -0.7503549130468343D+01     0.6545087792194941D+01    -0.9110488058405864D-14
    4    2    1 -0.2500000000000000D+00 -0.2500000000000000D+00  0.7500000000000000D+00    -0.7434781500517449D+01     0.6536560573367062D+01    -0.2388552827747859D-13
    5    2    1 -0.2500000000000000D+00 -0.2500000000000000D+00  0.7500000000000000D+00    -0.6084900720317293D+01     0.6476857669462186D+01    -0.1194276413873929D-13
    6    2    1 -0.2500000000000000D+00 -0.2500000000000000D+00  0.7500000000000000D+00    -0.5868168308603275D+01     0.5872891305850273D+01    -0.9771352477150330D-14
    7    2    1 -0.2500000000000000D+00 -0.2500000000000000D+00  0.7500000000000000D+00    -0.5453595179231662D+01     0.7830371958293904D+01    -0.4814869336566829D-14
    8    2    1 -0.2500000000000000D+00 -0.2500000000000000D+00  0.7500000000000000D+00    -0.5116242031673759D+01     0.5640912588798846D+01    -0.3014013795488157D-13
    9    2    1 -0.2500000000000000D+00 -0.2500000000000000D+00  0.7500000000000000D+00    -0.2366479997103074D+01     0.1115575357941484D+02    -0.5249151668884622D-13
   10    2    1 -0.2500000000000000D+00 -0.2500000000000000D+00  0.7500000000000000D+00    -0.1589283911437847D+01     0.1136392525803958D+02    -0.4777105655495717D-13
   11    2    1 -0.2500000000000000D+00 -0.2500000000000000D+00  0.7500000000000000D+00    -0.1578303633163162D+01     0.9513782501253930D+01    -0.1085705830794481D-13
   12    2    1 -0.2500000000000000D+00 -0.2500000000000000D+00  0.7500000000000000D+00    -0.1338675048159550D+01     0.1063911820336302D+02    -0.4267295961035700D-13
   13    2    1 -0.2500000000000000D+00 -0.2500000000000000D+00  0.7500000000000000D+00    -0.7913563957561079D+00     0.8897781946359681D+01    -0.3672517984165680D-13
   14    2    1 -0.2500000000000000D+00 -0.2500000000000000D+00  0.7500000000000000D+00    -0.7244759731422974D+00     0.8418974618584816D+01    -0.6136598174055763D-14
   15    2    1 -0.2500000000000000D+00 -0.2500000000000000D+00  0.7500000000000000D+00    -0.6492377218611742D+00     0.9781117870530876D+01    -0.3096621847831216D-13
   16    2    1 -0.2500000000000000D+00 -0.2500000000000000D+00  0.7500000000000000D+00    -0.5146707582828027D+00     0.9759075169906829D+01     0.0000000000000000D+00
   17    2    1 -0.2500000000000000D+00 -0.2500000000000000D+00  0.7500000000000000D+00     0.5146724398893565D+00    -0.5664777070272818D+01    -0.1722672920111135D-13
   18    2    1 -0.2500000000000000D+00 -0.2500000000000000D+00  0.7500000000000000D+00     0.5754805540097745D+00    -0.6179366641966347D+01    -0.2667059975647312D-13
   19    2    1 -0.2500000000000000D+00 -0.2500000000000000D+00  0.7500000000000000D+00     0.7279726864448008D+01    -0.5560564713974014D+01    -0.2639917329877450D-13
   20    2    1 -0.2500000000000000D+00 -0.2500000000000000D+00  0.7500000000000000D+00     0.7395370456638825D+01    -0.5759601870813977D+01    -0.2499483640894251D-13
   21    2    1 -0.2500000000000000D+00 -0.2500000000000000D+00  0.7500000000000000D+00     0.9564114547474484D+01    -0.6467320900851901D+01    -0.1536509773580885D-13
   22    2    1 -0.2500000000000000D+00 -0.2500000000000000D+00  0.7500000000000000D+00     0.9649721545906338D+01    -0.6175682127793817D+01    -0.9865761679828111D-14
   23    2    1 -0.2500000000000000D+00 -0.2500000000000000D+00  0.7500000000000000D+00     0.1151346009096160D+02    -0.5727581462078205D+01    -0.1366573208760880D-13
   24    2    1 -0.2500000000000000D+00 -0.2500000000000000D+00  0.7500000000000000D+00     0.1153666703321453D+02    -0.5670627902464501D+01    -0.6856468344473843D-14
   25    2    1 -0.2500000000000000D+00 -0.2500000000000000D+00  0.7500000000000000D+00     0.1527554699821496D+02    -0.6329728754907959D+01    -0.1661601967128945D-13
   26    2    1 -0.2500000000000000D+00 -0.2500000000000000D+00  0.7500000000000000D+00     0.1539865998201681D+02    -0.6401625079572370D+01    -0.5924177468030756D-14
   27    2    1 -0.2500000000000000D+00 -0.2500000000000000D+00  0.7500000000000000D+00     0.1949764868380790D+02    -0.6146476684373824D+01     0.0000000000000000D+00
   28    2    1 -0.2500000000000000D+00 -0.2500000000000000D+00  0.7500000000000000D+00     0.1953352923303346D+02    -0.6118180919873227D+01    -0.3209912891044553D-14
   29    2    1 -0.2500000000000000D+00 -0.2500000000000000D+00  0.7500000000000000D+00     0.2868546613123952D+02     0.0000000000000000D+00     0.0000000000000000D+00
   30    2    1 -0.2500000000000000D+00 -0.2500000000000000D+00  0.7500000000000000D+00     0.2879678366394439D+02     0.0000000000000000D+00     0.0000000000000000D+00
   31    2    1 -0.2500000000000000D+00 -0.2500000000000000D+00  0.7500000000000000D+00     0.2980232612873771D+02     0.0000000000000000D+00     0.0000000000000000D+00
   32    2    1 -0.2500000000000000D+00 -0.2500000000000000D+00  0.7500000000000000D+00     0.2981593254207472D+02     0.0000000000000000D+00     0.0000000000000000D+00
   33    2    1 -0.2500000000000000D+00 -0.2500000000000000D+00  0.7500000000000000D+00     0.3099174486928840D+02     0.0000000000000000D+00     0.0000000000000000D+00
    1    3    1 -0.5000000000000000D+00  0.5000000000000000D+00  0.5000000000000000D+00    -0.1895970168771916D+02     0.1052293444230085D+02    -0.1453901721237827D-13
    2    3    1 -0.5000000000000000D+00  0.5000000000000000D+00  0.5000000000000000D+00    -0.1886200238445896D+02     0.1054064733938831D+02    -0.4229532279964587D-13
    3    3    1 -0.5000000000000000D+00  0.5000000000000000D+00  0.5000000000000000D+00    -0.8503823504857746D+01     0.7130142109469261D+01    -0.2563209852701753D-13
    4    3    1 -0.5000000000000000D+00  0.5000000000000000D+00  0.5000000000000000D+00    -0.7250063518068256D+01     0.6203245534201230D+01    -0.1269803776016154D-13
    5    3    1 -0.5000000000000000D+00  0.5000000000000000D+00  0.5000000000000000D+00    -0.5748623299131268D+01     0.6998577240772729D+01    -0.1019619388920034D-13
    6    3    1 -0.5000000000000000D+00  0.5000000000000000D+00  0.5000000000000000D+00    -0.5741674225005965D+01     0.7287317307899061D+01    -0.2029797857572291D-13
    7    3    1 -0.5000000000000000D+00  0.5000000000000000D+00  0.5000000000000000D+00    -0.4607946500879732D+01     0.5934354166485257D+01    -0.9535329470455878D-14
    8    3    1 -0.5000000000000000D+00  0.5000000000000000D+00  0.5000000000000000D+00    -0.4603688225055690D+01     0.6435615890925070D+01    -0.1019619388920034D-13
    9    3    1 -0.5000000000000000D+00  0.5000000000000000D+00  0.5000000000000000D+00    -0.3186000375533507D+01     0.1122880460639332D+02     0.0000000000000000D+00
   10    3    1 -0.5000000000000000D+00  0.5000000000000000D+00  0.5000000000000000D+00    -0.1739605271951523D+01     0.9790412447566435D+01    -0.5673993080934636D-13
   11    3    1 -0.5000000000000000D+00  0.5000000000000000D+00  0.5000000000000000D+00    -0.1497179092160372D+01     0.1100438869113077D+02    -0.2596253073638977D-13
   12    3    1 -0.5000000000000000D+00  0.5000000000000000D+00  0.5000000000000000D+00    -0.1423359100287823D+01     0.8869883711273772D+01    -0.5976102529503536D-13
   13    3    1 -0.5000000000000000D+00  0.5000000000000000D+00  0.5000000000000000D+00    -0.1187625906659620D+01     0.9472763831828956D+01    -0.9912966281167001D-14
   14    3    1 -0.5000000000000000D+00  0.5000000000000000D+00  0.5000000000000000D+00    -0.8942019121937229D+00     0.7627678416734204D+01    -0.1180115033472262D-13
   15    3    1 -0.5000000000000000D+00  0.5000000000000000D+00  0.5000000000000000D+00    -0.6288722792418170D+00     0.9908522228233183D+01    -0.5815606884951308D-13
   16    3    1 -0.5000000000000000D+00  0.5000000000000000D+00  0.5000000000000000D+00    -0.5281092097064616D+00     0.9761739578997574D+01     0.0000000000000000D+00
   17    3    1 -0.5000000000000000D+00  0.5000000000000000D+00  0.5000000000000000D+00     0.1262346277264374D+01    -0.4132982467666182D+01     0.0000000000000000D+00
   18    3    1 -0.5000000000000000D+00  0.5000000000000000D+00  0.5000000000000000D+00     0.1302384215735421D+01    -0.4765910135138427D+01    -0.1581501659232015D-13
   19    3    1 -0.5000000000000000D+00  0.5000000000000000D+00  0.5000000000000000D+00     0.5363754858523063D+01    -0.5062356517797737D+01    -0.1289865731585182D-13
   20    3    1 -0.5000000000000000D+00  0.5000000000000000D+00  0.5000000000000000D+00     0.5984958941076034D+01    -0.5534701244474200D+01    -0.9086885757736418D-14
   21    3    1 -0.5000000000000000D+00  0.5000000000000000D+00  0.5000000000000000D+00     0.9846775539253155D+01    -0.6169829925879565D+01    -0.6018586670708537D-15
   22    3    1 -0.5000000000000000D+00  0.5000000000000000D+00  0.5000000000000000D+00     0.1029440347191001D+02    -0.6152568060983670D+01    -0.7883168423594711D-14
   23    3    1 -0.5000000000000000D+00  0.5000000000000000D+00  0.5000000000000000D+00     0.1250412025382222D+02    -0.4647027216276330D+01    -0.8549933417506538D-14
   24    3    1 -0.5000000000000000D+00  0.5000000000000000D+00  0.5000000000000000D+00     0.1369425917002540D+02    -0.6407538843364518D+01    -0.1811476576379923D-13
   25    3    1 -0.5000000000000000D+00  0.5000000000000000D+00  0.5000000000000000D+00     0.1370364566299813D+02    -0.5379944064961580D+01    -0.3499336103003625D-13
   26    3    1 -0.5000000000000000D+00  0.5000000000000000D+00  0.5000000000000000D+00     0.1648225186893804D+02    -0.6922056549422332D+01    -0.3863696619588186D-13
   27    3    1 -0.5000000000000000D+00  0.5000000000000000D+00  0.5000000000000000D+00     0.1648949897356404D+02    -0.6895944192115299D+01    -0.3233515191713998D-14
   28    3    1 -0.5000000000000000D+00  0.5000000000000000D+00  0.5000000000000000D+00     0.2190384035148150D+02    -0.6294995219107386D+01    -0.1367310780656800D-13
   29    3    1 -0.5000000000000000D+00  0.5000000000000000D+00  0.5000000000000000D+00     0.2695589464773534D+02    -0.6106421598515171D+01    -0.1180115033472262D-13
   30    3    1 -0.5000000000000000D+00  0.5000000000000000D+00  0.5000000000000000D+00     0.2746309884966353D+02     0.0000000000000000D+00     0.0000000000000000D+00
   31    3    1 -0.5000000000000000D+00  0.5000000000000000D+00  0.5000000000000000D+00     0.2746496104314626D+02     0.0000000000000000D+00     0.0000000000000000D+00
   32    3    1 -0.5000000000000000D+00  0.5000000000000000D+00  0.5000000000000000D+00     0.2892555794197645D+02     0.0000000000000000D+00     0.0000000000000000D+00

=== last 50 lines of lcombined ===
 MPI outputs in each rank are in stdout.{RankId}.hrcxq
