        0.00000       -0.67407   1   1
        0.00000        0.24650   1   2
        0.00000        0.24650   1   3
        0.00000        0.24650   1   4
        0.00000        0.48930   1   5
        0.00000        0.48930   1   6
        0.00000        0.48930   1   7
        0.00000        0.52859   1   8
        0.00000        0.91759   1   9
        0.00000        0.91759   1  10
        0.00000        1.13350   1  11
        0.00000        1.13350   1  12
        0.00000        1.13350   1  13
        0.00000        2.16506   1  14
        0.00000        2.16506   1  15
        0.00000        2.23148   1  16
        0.00000        2.23148   1  17
        0.00000        2.23148   1  18
        0.04762       -0.67332   1   1
        0.04762        0.24108   1   2
        0.04762        0.24281   1   3
        0.04762        0.24281   1   4
        0.04762        0.48730   1   5
        0.04762        0.49398   1   6
        0.04762        0.49398   1   7
        0.04762        0.53363   1   8
        0.04762        0.90927   1   9
        0.04762        0.91823   1  10
        0.04762        1.13638   1  11
        0.04762        1.13638   1  12
        0.04762        1.14403   1  13
        0.04762        2.15635   1  14
        0.04762        2.15702   1  15
        0.04762        2.23033   1  16
        0.04762        2.23033   1  17
        0.04762        2.23694   1  18
        0.09524       -0.67106   1   1
        0.09524        0.22593   1   2
        0.09524        0.23270   1   3
        0.09524        0.23270   1   4
        0.09524        0.48148   1   5
        0.09524        0.50702   1   6
        0.09524        0.50702   1   7
        0.09524        0.54752   1   8
        0.09524        0.88812   1   9
        0.09524        0.92028   1  10
        0.09524        1.14492   1  11
        0.09524        1.14492   1  12
        0.09524        1.17182   1  13
        0.09524        2.13366   1  14
        0.09524        2.13394   1  15
        0.09524        2.22684   1  16
        0.09524        2.22684   1  17
        0.09524        2.24983   1  18
        0.14286       -0.66732   1   1
        0.14286        0.20345   1   2
        0.14286        0.21817   1   3
        0.14286        0.21817   1   4
        0.14286        0.47235   1   5
        0.14286        0.52621   1   6
        0.14286        0.52621   1   7
        0.14286        0.56728   1   8
        0.14286        0.86094   1   9
        0.14286        0.92400   1  10
        0.14286        1.15885   1  11
        0.14286        1.15885   1  12
        0.14286        1.21034   1  13
        0.14286        2.09709   1  14
        0.14286        2.10228   1  15
        0.14286        2.22097   1  16
        0.14286        2.22097   1  17
        0.14286        2.26624   1  18
        0.19048       -0.66213   1   1
        0.19048        0.17605   1   2
        0.19048        0.20123   1   3
        0.19048        0.20123   1   4
        0.19048        0.46058   1   5
        0.19048        0.54942   1   6
        0.19048        0.54942   1   7
        0.19048        0.58910   1   8
        0.19048        0.83337   1   9
        0.19048        0.92964   1  10
        0.19048        1.17768   1  11
        0.19048        1.17768   1  12
        0.19048        1.25493   1  13
        0.19048        2.05046   1  14
        0.19048        2.06420   1  15
        0.19048        2.21283   1  16
        0.19048        2.21283   1  17
        0.19048        2.28408   1  18
        0.23810       -0.65553   1   1
        0.23810        0.14559   1   2
        0.23810        0.18330   1   3
        0.23810        0.18330   1   4
        0.23810        0.44690   1   5
        0.23810        0.57521   1   6
        0.23810        0.57521   1   7
        0.23810        0.60808   1   8
        0.23810        0.81079   1   9
        0.23810        0.93728   1  10
        0.23810        1.20071   1  11
        0.23810        1.20071   1  12
        0.23810        1.30273   1  13
        0.23810        1.99742   1  14
        0.23810        2.02250   1  15
        0.23810        2.20282   1  16
        0.23810        2.20282   1  17
        0.23810        2.30115   1  18
        0.28571       -0.64755   1   1
        0.28571        0.11332   1   2
        0.28571        0.16523   1   3
        0.28571        0.16523   1   4
        0.28571        0.43197   1   5
        0.28571        0.60277   1   6
        0.28571        0.60277   1   7
        0.28571        0.61765   1   8
        0.28571        0.79979   1   9
        0.28571        0.94674   1  10
        0.28571        1.22693   1  11
        0.28571        1.22693   1  12
        0.28571        1.35198   1  13
        0.28571        1.94154   1  14
        0.28571        1.98011   1  15
        0.28571        2.19160   1  16
        0.28571        2.19160   1  17
        0.28571        2.31471   1  18
        0.33333       -0.63817   1   1
        0.33333        0.08005   1   2
        0.33333        0.14752   1   3
        0.33333        0.14752   1   4
        0.33333        0.41636   1   5
        0.33333        0.61267   1   6
        0.33333        0.63175   1   7
        0.33333        0.63175   1   8
        0.33333        0.80543   1   9
        0.33333        0.95771   1  10
        0.33333        1.25500   1  11
        0.33333        1.25500   1  12
        0.33333        1.40160   1  13
        0.33333        1.88572   1  14
        0.33333        1.93938   1  15
        0.33333        2.17994   1  16
        0.33333        2.17994   1  17
        0.33333        2.32202   1  18
        0.38095       -0.62736   1   1
        0.38095        0.04630   1   2
        0.38095        0.13040   1   3
        0.38095        0.13040   1   4
        0.38095        0.40065   1   5
        0.38095        0.59488   1   6
        0.38095        0.66197   1   7
        0.38095        0.66197   1   8
        0.38095        0.82583   1   9
        0.38095        0.96990   1  10
        0.38095        1.28310   1  11
        0.38095        1.28310   1  12
        0.38095        1.45100   1  13
        0.38095        1.83187   1  14
        0.38095        1.90130   1  15
        0.38095        2.16838   1  16
        0.38095        2.16838   1  17
        0.38095        2.32107   1  18
        0.42857       -0.61505   1   1
        0.42857        0.01244   1   2
        0.42857        0.11397   1   3
        0.42857        0.11397   1   4
        0.42857        0.38544   1   5
        0.42857        0.56994   1   6
        0.42857        0.69321   1   7
        0.42857        0.69321   1   8
        0.42857        0.85523   1   9
        0.42857        0.98327   1  10
        0.42857        1.30900   1  11
        0.42857        1.30900   1  12
        0.42857        1.49985   1  13
        0.42857        1.78072   1  14
        0.42857        1.86512   1  15
        0.42857        2.15702   1  16
        0.42857        2.15702   1  17
        0.42857        2.31137   1  18
        0.47619       -0.60117   1   1
        0.47619       -0.02126   1   2
        0.47619        0.09829   1   3
        0.47619        0.09829   1   4
        0.47619        0.37134   1   5
        0.47619        0.54210   1   6
        0.47619        0.72519   1   7
        0.47619        0.72519   1   8
        0.47619        0.88930   1   9
        0.47619        0.99803   1  10
        0.47619        1.33029   1  11
        0.47619        1.33029   1  12
        0.47619        1.54794   1  13
        0.47619        1.73206   1  14
        0.47619        1.82867   1  15
        0.47619        2.14528   1  16
        0.47619        2.14528   1  17
        0.47619        2.29411   1  18
        0.52381       -0.58571   1   1
        0.52381       -0.05460   1   2
        0.52381        0.08344   1   3
        0.52381        0.08344   1   4
        0.52381        0.35897   1   5
        0.52381        0.51368   1   6
        0.52381        0.75757   1   7
        0.52381        0.75757   1   8
        0.52381        0.92568   1   9
        0.52381        1.01457   1  10
        0.52381        1.34481   1  11
        0.52381        1.34481   1  12
        0.52381        1.59493   1  13
        0.52381        1.68509   1  14
        0.52381        1.78925   1  15
        0.52381        2.13193   1  16
        0.52381        2.13193   1  17
        0.52381        2.27183   1  18
        0.57143       -0.56871   1   1
        0.57143       -0.08741   1   2
        0.57143        0.06955   1   3
        0.57143        0.06955   1   4
        0.57143        0.34877   1   5
        0.57143        0.48595   1   6
        0.57143        0.79008   1   7
        0.57143        0.79008   1   8
        0.57143        0.96301   1   9
        0.57143        1.03327   1  10
        0.57143        1.35107   1  11
        0.57143        1.35107   1  12
        0.57143        1.63893   1  13
        0.57143        1.64036   1  14
        0.57143        1.74481   1  15
        0.57143        2.11533   1  16
        0.57143        2.11533   1  17
        0.57143        2.24751   1  18
        0.61905       -0.55029   1   1
        0.61905       -0.11958   1   2
        0.61905        0.05681   1   3
        0.61905        0.05681   1   4
        0.61905        0.34092   1   5
        0.61905        0.45972   1   6
        0.61905        0.82256   1   7
        0.61905        0.82256   1   8
        0.61905        1.00043   1   9
        0.61905        1.05432   1  10
        0.61905        1.34852   1  11
        0.61905        1.34852   1  12
        0.61905        1.59301   1  13
        0.61905        1.68380   1  14
        0.61905        1.69478   1  15
        0.61905        2.09396   1  16
        0.61905        2.09396   1  17
        0.61905        2.22359   1  18
        0.66667       -0.53058   1   1
        0.66667       -0.15114   1   2
        0.66667        0.04541   1   3
        0.66667        0.04541   1   4
        0.66667        0.33527   1   5
        0.66667        0.43547   1   6
        0.66667        0.85500   1   7
        0.66667        0.85500   1   8
        0.66667        1.03732   1   9
        0.66667        1.07762   1  10
        0.66667        1.33754   1  11
        0.66667        1.33754   1  12
        0.66667        1.54732   1  13
        0.66667        1.64018   1  14
        0.66667        1.72511   1  15
        0.66667        2.06697   1  16
        0.66667        2.06697   1  17
        0.66667        2.20137   1  18
        0.71429       -0.50972   1   1
        0.71429       -0.18219   1   2
        0.71429        0.03551   1   3
        0.71429        0.03551   1   4
        0.71429        0.33142   1   5
        0.71429        0.41350   1   6
        0.71429        0.88747   1   7
        0.71429        0.88747   1   8
        0.71429        1.07335   1   9
        0.71429        1.10285   1  10
        0.71429        1.31921   1  11
        0.71429        1.31921   1  12
        0.71429        1.50232   1  13
        0.71429        1.58300   1  14
        0.71429        1.76462   1  15
        0.71429        2.03469   1  16
        0.71429        2.03469   1  17
        0.71429        2.18083   1  18
        0.76190       -0.48778   1   1
        0.76190       -0.21288   1   2
        0.76190        0.02723   1   3
        0.76190        0.02723   1   4
        0.76190        0.32890   1   5
        0.76190        0.39395   1   6
        0.76190        0.92003   1   7
        0.76190        0.92003   1   8
        0.76190        1.10840   1   9
        0.76190        1.12954   1  10
        0.76190        1.29507   1  11
        0.76190        1.29507   1  12
        0.76190        1.45874   1  13
        0.76190        1.52555   1  14
        0.76190        1.80322   1  15
        0.76190        1.99880   1  16
        0.76190        1.99880   1  17
        0.76190        2.16085   1  18
        0.80952       -0.46478   1   1
        0.80952       -0.24334   1   2
        0.80952        0.02062   1   3
        0.80952        0.02062   1   4
        0.80952        0.32739   1   5
        0.80952        0.37688   1   6
        0.80952        0.95258   1   7
        0.80952        0.95258   1   8
        0.80952        1.14269   1   9
        0.80952        1.15728   1  10
        0.80952        1.26690   1  11
        0.80952        1.26690   1  12
        0.80952        1.41725   1  13
        0.80952        1.46983   1  14
        0.80952        1.84214   1  15
        0.80952        1.96208   1  16
        0.80952        1.96208   1  17
        0.80952        2.13948   1  18
        0.85714       -0.44069   1   1
        0.85714       -0.27359   1   2
        0.85714        0.01563   1   3
        0.85714        0.01563   1   4
        0.85714        0.32685   1   5
        0.85714        0.36232   1   6
        0.85714        0.98458   1   7
        0.85714        0.98458   1   8
        0.85714        1.17663   1   9
        0.85714        1.18577   1  10
        0.85714        1.23674   1  11
        0.85714        1.23674   1  12
        0.85714        1.37829   1  13
        0.85714        1.41733   1  14
        0.85714        1.88238   1  15
        0.85714        1.92809   1  16
        0.85714        1.92809   1  17
        0.85714        2.11462   1  18
        0.90476       -0.41544   1   1
        0.90476       -0.30350   1   2
        0.90476        0.01218   1   3
        0.90476        0.01218   1   4
        0.90476        0.32754   1   5
        0.90476        0.35035   1   6
        0.90476        1.01460   1   7
        0.90476        1.01460   1   8
        0.90476        1.20720   1   9
        0.90476        1.20720   1  10
        0.90476        1.21090   1  11
        0.90476        1.21490   1  12
        0.90476        1.34191   1  13
        0.90476        1.36883   1  14
        0.90476        1.90050   1  15
        0.90476        1.90050   1  16
        0.90476        1.92432   1  17
        0.90476        2.08474   1  18
        0.95238       -0.38902   1   1
        0.95238       -0.33287   1   2
        0.95238        0.01017   1   3
        0.95238        0.01017   1   4
        0.95238        0.32986   1   5
        0.95238        0.34101   1   6
        0.95238        1.03895   1   7
        0.95238        1.03895   1   8
        0.95238        1.18283   1   9
        0.95238        1.18283   1  10
        0.95238        1.24477   1  11
        0.95238        1.24634   1  12
        0.95238        1.30783   1  13
        0.95238        1.32448   1  14
        0.95238        1.88249   1  15
        0.95238        1.88249   1  16
        0.95238        1.96729   1  17
        0.95238        2.04947   1  18
        1.00000       -0.36145   1   1
        1.00000       -0.36145   1   2
        1.00000        0.00952   1   3
        1.00000        0.00952   1   4
        1.00000        0.33424   1   5
        1.00000        0.33424   1   6
        1.00000        1.04930   1   7
        1.00000        1.04930   1   8
        1.00000        1.17242   1   9
        1.00000        1.17242   1  10
        1.00000        1.27561   1  11
        1.00000        1.27561   1  12
        1.00000        1.28390   1  13
        1.00000        1.28390   1  14
        1.00000        1.87623   1  15
        1.00000        1.87623   1  16
        1.00000        2.00970   1  17
        1.00000        2.00970   1  18
        1.00000       -0.36145   1   1
        1.00000       -0.36145   1   2
        1.00000        0.00952   1   3
        1.00000        0.00952   1   4
        1.00000        0.33424   1   5
        1.00000        0.33424   1   6
        1.00000        1.04930   1   7
        1.00000        1.04930   1   8
        1.00000        1.17242   1   9
        1.00000        1.17242   1  10
        1.00000        1.27561   1  11
        1.00000        1.27561   1  12
        1.00000        1.28390   1  13
        1.00000        1.28390   1  14
        1.00000        1.87623   1  15
        1.00000        1.87623   1  16
        1.00000        2.00970   1  17
        1.00000        2.00970   1  18
        1.05893       -0.36197   1   1
        1.05893       -0.36021   1   2
        1.05893        0.00204   1   3
        1.05893        0.01058   1   4
        1.05893        0.33527   1   5
        1.05893        0.34548   1   6
        1.05893        1.03877   1   7
        1.05893        1.04164   1   8
        1.05893        1.14823   1   9
        1.05893        1.15676   1  10
        1.05893        1.28646   1  11
        1.05893        1.29074   1  12
        1.05893        1.29210   1  13
        1.05893        1.31179   1  14
        1.05893        1.86849   1  15
        1.05893        1.87806   1  16
        1.05893        2.00869   1  17
        1.05893        2.00943   1  18
        1.11785       -0.36361   1   1
        1.11785       -0.35654   1   2
        1.11785       -0.01753   1   3
        1.11785        0.01372   1   4
        1.11785        0.33843   1   5
        1.11785        0.37681   1   6
        1.11785        1.01192   1   7
        1.11785        1.02141   1   8
        1.11785        1.10314   1   9
        1.11785        1.12367   1  10
        1.11785        1.31403   1  11
        1.11785        1.31439   1  12
        1.11785        1.32234   1  13
        1.11785        1.36703   1  14
        1.11785        1.84969   1  15
        1.11785        1.88421   1  16
        1.11785        2.00145   1  17
        1.11785        2.00792   1  18
        1.17678       -0.36662   1   1
        1.17678       -0.35054   1   2
        1.17678       -0.04313   1   3
        1.17678        0.01882   1   4
        1.17678        0.34387   1   5
        1.17678        0.42339   1   6
        1.17678        0.97665   1   7
        1.17678        0.99380   1   8
        1.17678        1.05477   1   9
        1.17678        1.08572   1  10
        1.17678        1.34446   1  11
        1.17678        1.35181   1  12
        1.17678        1.35806   1  13
        1.17678        1.42938   1  14
        1.17678        1.82808   1  15
        1.17678        1.89624   1  16
        1.17678        1.98074   1  17
        1.17678        2.00336   1  18
        1.23570       -0.37160   1   1
        1.23570       -0.34224   1   2
        1.23570       -0.06904   1   3
        1.23570        0.02573   1   4
        1.23570        0.35169   1   5
        1.23570        0.48057   1   6
        1.23570        0.93821   1   7
        1.23570        0.96308   1   8
        1.23570        1.00637   1   9
        1.23570        1.04690   1  10
        1.23570        1.37850   1  11
        1.23570        1.39373   1  12
        1.23570        1.39424   1  13
        1.23570        1.49245   1  14
        1.23570        1.81057   1  15
        1.23570        1.91565   1  16
        1.23570        1.94230   1  17
        1.23570        1.99345   1  18
        1.29463       -0.37944   1   1
        1.29463       -0.33152   1   2
        1.29463       -0.09092   1   3
        1.29463        0.03434   1   4
        1.29463        0.36184   1   5
        1.29463        0.54430   1   6
        1.29463        0.89937   1   7
        1.29463        0.93191   1   8
        1.29463        0.95894   1   9
        1.29463        1.00862   1  10
        1.29463        1.41176   1  11
        1.29463        1.42981   1  12
        1.29463        1.43748   1  13
        1.29463        1.55280   1  14
        1.29463        1.80197   1  15
        1.29463        1.88620   1  16
        1.29463        1.94279   1  17
        1.29463        1.97630   1  18
        1.35355       -0.39109   1   1
        1.35355       -0.31820   1   2
        1.35355       -0.10604   1   3
        1.35355        0.04458   1   4
        1.35355        0.37407   1   5
        1.35355        0.61091   1   6
        1.35355        0.86139   1   7
        1.35355        0.90161   1   8
        1.35355        0.91343   1   9
        1.35355        0.97154   1  10
        1.35355        1.44019   1  11
        1.35355        1.46446   1  12
        1.35355        1.48177   1  13
        1.35355        1.60857   1  14
        1.35355        1.80329   1  15
        1.35355        1.81778   1  16
        1.35355        1.95118   1  17
        1.35355        1.97644   1  18
        1.35355       -0.39109   1   1
        1.35355       -0.31820   1   2
        1.35355       -0.10604   1   3
        1.35355        0.04458   1   4
        1.35355        0.37407   1   5
        1.35355        0.61091   1   6
        1.35355        0.86139   1   7
        1.35355        0.90161   1   8
        1.35355        0.91343   1   9
        1.35355        0.97154   1  10
        1.35355        1.44019   1  11
        1.35355        1.46446   1  12
        1.35355        1.48177   1  13
        1.35355        1.60857   1  14
        1.35355        1.80329   1  15
        1.35355        1.81778   1  16
        1.35355        1.95118   1  17
        1.35355        1.97644   1  18
        1.40177       -0.40384   1   1
        1.40177       -0.30528   1   2
        1.40177       -0.11254   1   3
        1.40177        0.05416   1   4
        1.40177        0.38539   1   5
        1.40177        0.66534   1   6
        1.40177        0.83125   1   7
        1.40177        0.87777   1   8
        1.40177        0.87858   1   9
        1.40177        0.94240   1  10
        1.40177        1.45763   1  11
        1.40177        1.49202   1  12
        1.40177        1.51795   1  13
        1.40177        1.65032   1  14
        1.40177        1.75072   1  15
        1.40177        1.81776   1  16
        1.40177        1.92534   1  17
        1.40177        2.00716   1  18
        1.44998       -0.41936   1   1
        1.44998       -0.29057   1   2
        1.44998       -0.11388   1   3
        1.44998        0.06482   1   4
        1.44998        0.39768   1   5
        1.44998        0.71828   1   6
        1.44998        0.80195   1   7
        1.44998        0.84705   1   8
        1.44998        0.85470   1   9
        1.44998        0.91461   1  10
        1.44998        1.46877   1  11
        1.44998        1.51870   1  12
        1.44998        1.55385   1  13
        1.44998        1.68453   1  14
        1.44998        1.68852   1  15
        1.44998        1.83542   1  16
        1.44998        1.89633   1  17
        1.44998        2.03929   1  18
        1.49819       -0.43720   1   1
        1.49819       -0.27417   1   2
        1.49819       -0.11063   1   3
        1.49819        0.07653   1   4
        1.49819        0.41078   1   5
        1.49819        0.76600   1   6
        1.49819        0.77345   1   7
        1.49819        0.82304   1   8
        1.49819        0.83229   1   9
        1.49819        0.88848   1  10
        1.49819        1.47262   1  11
        1.49819        1.54420   1  12
        1.49819        1.58928   1  13
        1.49819        1.61986   1  14
        1.49819        1.72271   1  15
        1.49819        1.85635   1  16
        1.49819        1.86688   1  17
        1.49819        2.07192   1  18
        1.54640       -0.45665   1   1
        1.54640       -0.25623   1   2
        1.54640       -0.10352   1   3
        1.54640        0.08919   1   4
        1.54640        0.42456   1   5
        1.54640        0.74575   1   6
        1.54640        0.77592   1   7
        1.54640        0.81055   1   8
        1.54640        0.84012   1   9
        1.54640        0.86436   1  10
        1.54640        1.46544   1  11
        1.54640        1.56290   1  12
        1.54640        1.56796   1  13
        1.54640        1.62399   1  14
        1.54640        1.74962   1  15
        1.54640        1.84279   1  16
        1.54640        1.87684   1  17
        1.54640        2.10476   1  18
        1.59461       -0.47695   1   1
        1.59461       -0.23690   1   2
        1.59461       -0.09322   1   3
        1.59461        0.10265   1   4
        1.59461        0.43889   1   5
        1.59461        0.71896   1   6
        1.59461        0.75469   1   7
        1.59461        0.78975   1   8
        1.59461        0.84262   1   9
        1.59461        0.89264   1  10
        1.59461        1.43719   1  11
        1.59461        1.52485   1  12
        1.59461        1.58919   1  13
        1.59461        1.65780   1  14
        1.59461        1.75774   1  15
        1.59461        1.83794   1  16
        1.59461        1.89384   1  17
        1.59461        2.13805   1  18
        1.64282       -0.49734   1   1
        1.64282       -0.21625   1   2
        1.64282       -0.08022   1   3
        1.64282        0.11667   1   4
        1.64282        0.45361   1   5
        1.64282        0.69326   1   6
        1.64282        0.73077   1   7
        1.64282        0.77044   1   8
        1.64282        0.82357   1   9
        1.64282        0.95274   1  10
        1.64282        1.38790   1  11
        1.64282        1.50547   1  12
        1.64282        1.60680   1  13
        1.64282        1.69057   1  14
        1.64282        1.74392   1  15
        1.64282        1.85735   1  16
        1.64282        1.90583   1  17
        1.64282        2.17222   1  18
        1.69104       -0.51722   1   1
        1.69104       -0.19428   1   2
        1.69104       -0.06481   1   3
        1.69104        0.13096   1   4
        1.69104        0.46840   1   5
        1.69104        0.66888   1   6
        1.69104        0.70659   1   7
        1.69104        0.75336   1   8
        1.69104        0.80749   1   9
        1.69104        1.01758   1  10
        1.69104        1.33090   1  11
        1.69104        1.49033   1  12
        1.69104        1.61949   1  13
        1.69104        1.72231   1  14
        1.69104        1.72440   1  15
        1.69104        1.88604   1  16
        1.69104        1.91334   1  17
        1.69104        2.20735   1  18
        1.73925       -0.53617   1   1
        1.73925       -0.17089   1   2
        1.73925       -0.04717   1   3
        1.73925        0.14519   1   4
        1.73925        0.48280   1   5
        1.73925        0.64603   1   6
        1.73925        0.68247   1   7
        1.73925        0.73932   1   8
        1.73925        0.79452   1   9
        1.73925        1.08512   1  10
        1.73925        1.27218   1  11
        1.73925        1.47196   1  12
        1.73925        1.62585   1  13
        1.73925        1.70747   1  14
        1.73925        1.75321   1  15
        1.73925        1.91664   1  16
        1.73925        1.91900   1  17
        1.73925        2.24286   1  18
        1.78746       -0.55395   1   1
        1.78746       -0.14593   1   2
        1.78746       -0.02741   1   3
        1.78746        0.15905   1   4
        1.78746        0.49608   1   5
        1.78746        0.62483   1   6
        1.78746        0.65872   1   7
        1.78746        0.72896   1   8
        1.78746        0.78475   1   9
        1.78746        1.15161   1  10
        1.78746        1.21342   1  11
        1.78746        1.44785   1  12
        1.78746        1.62447   1  13
        1.78746        1.69649   1  14
        1.78746        1.78358   1  15
        1.78746        1.92665   1  16
        1.78746        1.94693   1  17
        1.78746        2.27729   1  18
        1.83567       -0.57053   1   1
        1.83567       -0.11928   1   2
        1.83567       -0.00571   1   3
        1.83567        0.17227   1   4
        1.83567        0.50736   1   5
        1.83567        0.60533   1   6
        1.83567        0.63578   1   7
        1.83567        0.72262   1   8
        1.83567        0.77826   1   9
        1.83567        1.15541   1  10
        1.83567        1.21138   1  11
        1.83567        1.41802   1  12
        1.83567        1.61416   1  13
        1.83567        1.69451   1  14
        1.83567        1.81382   1  15
        1.83567        1.93994   1  16
        1.83567        1.97612   1  17
        1.83567        2.30848   1  18
        1.88388       -0.58596   1   1
        1.88388       -0.09086   1   2
        1.88388        0.01769   1   3
        1.88388        0.18466   1   4
        1.88388        0.51583   1   5
        1.88388        0.58748   1   6
        1.88388        0.61411   1   7
        1.88388        0.71997   1   8
        1.88388        0.77514   1   9
        1.88388        1.09899   1  10
        1.88388        1.25746   1  11
        1.88388        1.38429   1  12
        1.88388        1.59417   1  13
        1.88388        1.70516   1  14
        1.88388        1.84432   1  15
        1.88388        1.96111   1  16
        1.88388        2.00408   1  17
        1.88388        2.33402   1  18
        1.93210       -0.60030   1   1
        1.93210       -0.06070   1   2
        1.93210        0.04242   1   3
        1.93210        0.19605   1   4
        1.93210        0.52106   1   5
        1.93210        0.57120   1   6
        1.93210        0.59416   1   7
        1.93210        0.71975   1   8
        1.93210        0.77552   1   9
        1.93210        1.04542   1  10
        1.93210        1.28409   1  11
        1.93210        1.34927   1  12
        1.93210        1.56437   1  13
        1.93210        1.73133   1  14
        1.93210        1.87548   1  15
        1.93210        1.99048   1  16
        1.93210        2.03110   1  17
        1.93210        2.35177   1  18
        1.98031       -0.61359   1   1
        1.98031       -0.02887   1   2
        1.98031        0.06810   1   3
        1.98031        0.20635   1   4
        1.98031        0.52316   1   5
        1.98031        0.55638   1   6
        1.98031        0.57620   1   7
        1.98031        0.71958   1   8
        1.98031        0.77954   1   9
        1.98031        0.99661   1  10
        1.98031        1.29016   1  11
        1.98031        1.31527   1  12
        1.98031        1.52539   1  13
        1.98031        1.77238   1  14
        1.98031        1.90762   1  15
        1.98031        2.02668   1  16
        1.98031        2.05773   1  17
        1.98031        2.36040   1  18
        2.02852       -0.62580   1   1
        2.02852        0.00452   1   2
        2.02852        0.09430   1   3
        2.02852        0.21549   1   4
        2.02852        0.52271   1   5
        2.02852        0.54293   1   6
        2.02852        0.56034   1   7
        2.02852        0.71596   1   8
        2.02852        0.78732   1   9
        2.02852        0.95531   1  10
        2.02852        1.27960   1  11
        2.02852        1.28361   1  12
        2.02852        1.47864   1  13
        2.02852        1.82398   1  14
        2.02852        1.94090   1  15
        2.02852        2.06698   1  16
        2.02852        2.08444   1  17
        2.02852        2.35970   1  18
        2.07673       -0.63682   1   1
        2.07673        0.03930   1   2
        2.07673        0.12057   1   3
        2.07673        0.22340   1   4
        2.07673        0.52046   1   5
        2.07673        0.53084   1   6
        2.07673        0.54646   1   7
        2.07673        0.70488   1   8
        2.07673        0.79886   1   9
        2.07673        0.92473   1  10
        2.07673        1.25463   1  11
        2.07673        1.25838   1  12
        2.07673        1.42619   1  13
        2.07673        1.88106   1  14
        2.07673        1.97524   1  15
        2.07673        2.10785   1  16
        2.07673        2.11135   1  17
        2.07673        2.35062   1  18
        2.12494       -0.64655   1   1
        2.12494        0.07518   1   2
        2.12494        0.14646   1   3
        2.12494        0.23007   1   4
        2.12494        0.51718   1   5
        2.12494        0.52014   1   6
        2.12494        0.53423   1   7
        2.12494        0.68381   1   8
        2.12494        0.81398   1   9
        2.12494        0.90680   1  10
        2.12494        1.22812   1  11
        2.12494        1.23206   1  12
        2.12494        1.37056   1  13
        2.12494        1.93961   1  14
        2.12494        2.01022   1  15
        2.12494        2.13811   1  16
        2.12494        2.14560   1  17
        2.12494        2.33507   1  18
        2.17315       -0.65489   1   1
        2.17315        0.11176   1   2
        2.17315        0.17143   1   3
        2.17315        0.23550   1   4
        2.17315        0.51090   1   5
        2.17315        0.51347   1   6
        2.17315        0.52324   1   7
        2.17315        0.65384   1   8
        2.17315        0.83226   1   9
        2.17315        0.90011   1  10
        2.17315        1.20380   1  11
        2.17315        1.20499   1  12
        2.17315        1.31450   1  13
        2.17315        1.99669   1  14
        2.17315        2.04505   1  15
        2.17315        2.16380   1  16
        2.17315        2.17722   1  17
        2.17315        2.31544   1  18
        2.22137       -0.66176   1   1
        2.22137        0.14826   1   2
        2.22137        0.19472   1   3
        2.22137        0.23972   1   4
        2.22137        0.50322   1   5
        2.22137        0.50968   1   6
        2.22137        0.51320   1   7
        2.22137        0.61885   1   8
        2.22137        0.85290   1   9
        2.22137        0.90096   1  10
        2.22137        1.18035   1  11
        2.22137        1.18175   1  12
        2.22137        1.26077   1  13
        2.22137        2.04968   1  14
        2.22137        2.07858   1  15
        2.22137        2.18709   1  16
        2.22137        2.20098   1  17
        2.22137        2.29411   1  18
        2.26958       -0.66713   1   1
        2.26958        0.18339   1   2
        2.26958        0.21531   1   3
        2.26958        0.24282   1   4
        2.26958        0.49717   1   5
        2.26958        0.50412   1   6
        2.26958        0.50566   1   7
        2.26958        0.58345   1   8
        2.26958        0.87465   1   9
        2.26958        0.90568   1  10
        2.26958        1.16012   1  11
        2.26958        1.16250   1  12
        2.26958        1.21215   1  13
        2.26958        2.09595   1  14
        2.26958        2.10950   1  15
        2.26958        2.20648   1  16
        2.26958        2.21679   1  17
        2.26958        2.27304   1  18
        2.31779       -0.67098   1   1
        2.31779        0.21468   1   2
        2.31779        0.23183   1   3
        2.31779        0.24491   1   4
        2.31779        0.49281   1   5
        2.31779        0.49647   1   6
        2.31779        0.50055   1   7
        2.31779        0.55310   1   8
        2.31779        0.89535   1   9
        2.31779        0.91139   1  10
        2.31779        1.14535   1  11
        2.31779        1.14714   1  12
        2.31779        1.17174   1  13
        2.31779        2.13260   1  14
        2.31779        2.13631   1  15
        2.31779        2.22064   1  16
        2.31779        2.22590   1  17
        2.31779        2.25375   1  18
        2.36600       -0.67330   1   1
        2.36600        0.23772   1   2
        2.36600        0.24269   1   3
        2.36600        0.24611   1   4
        2.36600        0.49018   1   5
        2.36600        0.49121   1   6
        2.36600        0.49349   1   7
        2.36600        0.53421   1   8
        2.36600        0.91133   1   9
        2.36600        0.91589   1  10
        2.36600        1.13646   1  11
        2.36600        1.13705   1  12
        2.36600        1.14378   1  13
        2.36600        2.15660   1  14
        2.36600        2.15663   1  15
        2.36600        2.22888   1  16
        2.36600        2.23025   1  17
        2.36600        2.23824   1  18
        2.41421       -0.67407   1   1
        2.41421        0.24650   1   2
        2.41421        0.24650   1   3
        2.41421        0.24650   1   4
        2.41421        0.48930   1   5
        2.41421        0.48930   1   6
        2.41421        0.48930   1   7
        2.41421        0.52859   1   8
        2.41421        0.91759   1   9
        2.41421        0.91759   1  10
        2.41421        1.13350   1  11
        2.41421        1.13350   1  12
        2.41421        1.13350   1  13
        2.41421        2.16506   1  14
        2.41421        2.16506   1  15
        2.41421        2.23148   1  16
        2.41421        2.23148   1  17
        2.41421        2.23148   1  18
        2.41421       -0.67407   1   1
        2.41421        0.24650   1   2
        2.41421        0.24650   1   3
        2.41421        0.24650   1   4
        2.41421        0.48930   1   5
        2.41421        0.48930   1   6
        2.41421        0.48930   1   7
        2.41421        0.52859   1   8
        2.41421        0.91759   1   9
        2.41421        0.91759   1  10
        2.41421        1.13350   1  11
        2.41421        1.13350   1  12
        2.41421        1.13350   1  13
        2.41421        2.16506   1  14
        2.41421        2.16506   1  15
        2.41421        2.23148   1  16
        2.41421        2.23148   1  17
        2.41421        2.23148   1  18
        2.46233       -0.67330   1   1
        2.46233        0.23664   1   2
        2.46233        0.24498   1   3
        2.46233        0.24498   1   4
        2.46233        0.49148   1   5
        2.46233        0.49148   1   6
        2.46233        0.49173   1   7
        2.46233        0.53432   1   8
        2.46233        0.91361   1   9
        2.46233        0.91361   1  10
        2.46233        1.13455   1  11
        2.46233        1.14135   1  12
        2.46233        1.14135   1  13
        2.46233        2.15670   1  14
        2.46233        2.15670   1  15
        2.46233        2.22606   1  16
        2.46233        2.23559   1  17
        2.46233        2.23559   1  18
        2.51044       -0.67099   1   1
        2.51044        0.21070   1   2
        2.51044        0.24068   1   3
        2.51044        0.24068   1   4
        2.51044        0.49315   1   5
        2.51044        0.49766   1   6
        2.51044        0.49766   1   7
        2.51044        0.55384   1   8
        2.51044        0.90327   1   9
        2.51044        0.90327   1  10
        2.51044        1.13771   1  11
        2.51044        1.16330   1  12
        2.51044        1.16330   1  13
        2.51044        2.13522   1  14
        2.51044        2.13522   1  15
        2.51044        2.20976   1  16
        2.51044        2.24454   1  17
        2.51044        2.24454   1  18
        2.55855       -0.66717   1   1
        2.55855        0.17530   1   2
        2.55855        0.23425   1   3
        2.55855        0.23425   1   4
        2.55855        0.48970   1   5
        2.55855        0.50691   1   6
        2.55855        0.50691   1   7
        2.55855        0.58480   1   8
        2.55855        0.88984   1   9
        2.55855        0.88984   1  10
        2.55855        1.14301   1  11
        2.55855        1.19601   1  12
        2.55855        1.19601   1  13
        2.55855        2.10521   1  14
        2.55855        2.10521   1  15
        2.55855        2.18262   1  16
        2.55855        2.25442   1  17
        2.55855        2.25442   1  18
        2.60666       -0.66188   1   1
        2.60666        0.13531   1   2
        2.60666        0.22641   1   3
        2.60666        0.22641   1   4
        2.60666        0.48297   1   5
        2.60666        0.51806   1   6
        2.60666        0.51806   1   7
        2.60666        0.62138   1   8
        2.60666        0.87621   1   9
        2.60666        0.87621   1  10
        2.60666        1.15048   1  11
        2.60666        1.23635   1  12
        2.60666        1.23635   1  13
        2.60666        2.06933   1  14
        2.60666        2.06933   1  15
        2.60666        2.14521   1  16
        2.60666        2.26375   1  17
        2.60666        2.26375   1  18
        2.65478       -0.65521   1   1
        2.65478        0.09360   1   2
        2.65478        0.21782   1   3
        2.65478        0.21782   1   4
        2.65478        0.47440   1   5
        2.65478        0.52985   1   6
        2.65478        0.52985   1   7
        2.65478        0.66008   1   8
        2.65478        0.86444   1   9
        2.65478        0.86444   1  10
        2.65478        1.16012   1  11
        2.65478        1.28154   1  12
        2.65478        1.28154   1  13
        2.65478        2.02973   1  14
        2.65478        2.02973   1  15
        2.65478        2.09900   1  16
        2.65478        2.27217   1  17
        2.65478        2.27217   1  18
        2.70289       -0.64724   1   1
        2.70289        0.05173   1   2
        2.70289        0.20894   1   3
        2.70289        0.20894   1   4
        2.70289        0.46498   1   5
        2.70289        0.54118   1   6
        2.70289        0.54118   1   7
        2.70289        0.69907   1   8
        2.70289        0.85604   1   9
        2.70289        0.85604   1  10
        2.70289        1.17200   1  11
        2.70289        1.32871   1  12
        2.70289        1.32871   1  13
        2.70289        1.98866   1  14
        2.70289        1.98866   1  15
        2.70289        2.04642   1  16
        2.70289        2.27977   1  17
        2.70289        2.27977   1  18
        2.75100       -0.63802   1   1
        2.75100        0.01054   1   2
        2.75100        0.20009   1   3
        2.75100        0.20009   1   4
        2.75100        0.45543   1   5
        2.75100        0.55112   1   6
        2.75100        0.55112   1   7
        2.75100        0.73726   1   8
        2.75100        0.85212   1   9
        2.75100        0.85212   1  10
        2.75100        1.18627   1  11
        2.75100        1.37444   1  12
        2.75100        1.37444   1  13
        2.75100        1.94871   1  14
        2.75100        1.94871   1  15
        2.75100        1.99044   1  16
        2.75100        2.28674   1  17
        2.75100        2.28674   1  18
        2.79911       -0.62751   1   1
        2.79911       -0.02965   1   2
        2.79911        0.19144   1   3
        2.79911        0.19144   1   4
        2.79911        0.44622   1   5
        2.79911        0.55896   1   6
        2.79911        0.55896   1   7
        2.79911        0.77389   1   8
        2.79911        0.85354   1   9
        2.79911        0.85354   1  10
        2.79911        1.20293   1  11
        2.79911        1.41438   1  12
        2.79911        1.41438   1  13
        2.79911        1.91309   1  14
        2.79911        1.91309   1  15
        2.79911        1.93374   1  16
        2.79911        2.29305   1  17
        2.79911        2.29305   1  18
        2.84723       -0.61558   1   1
        2.84723       -0.06875   1   2
        2.84723        0.18316   1   3
        2.84723        0.18316   1   4
        2.84723        0.43763   1   5
        2.84723        0.56430   1   6
        2.84723        0.56430   1   7
        2.84723        0.80838   1   8
        2.84723        0.86091   1   9
        2.84723        0.86091   1  10
        2.84723        1.22141   1  11
        2.84723        1.44308   1  12
        2.84723        1.44308   1  13
        2.84723        1.87831   1  14
        2.84723        1.88598   1  15
        2.84723        1.88598   1  16
        2.84723        2.29810   1  17
        2.84723        2.29810   1  18
        2.89534       -0.60213   1   1
        2.89534       -0.10676   1   2
        2.89534        0.17538   1   3
        2.89534        0.17538   1   4
        2.89534        0.42976   1   5
        2.89534        0.56706   1   6
        2.89534        0.56706   1   7
        2.89534        0.84040   1   8
        2.89534        0.87445   1   9
        2.89534        0.87445   1  10
        2.89534        1.23999   1  11
        2.89534        1.45495   1  12
        2.89534        1.45495   1  13
        2.89534        1.82518   1  14
        2.89534        1.87170   1  15
        2.89534        1.87170   1  16
        2.89534        2.30078   1  17
        2.89534        2.30078   1  18
        2.94345       -0.58716   1   1
        2.94345       -0.14354   1   2
        2.94345        0.16826   1   3
        2.94345        0.16826   1   4
        2.94345        0.42268   1   5
        2.94345        0.56753   1   6
        2.94345        0.56753   1   7
        2.94345        0.86994   1   8
        2.94345        0.89399   1   9
        2.94345        0.89399   1  10
        2.94345        1.25568   1  11
        2.94345        1.44697   1  12
        2.94345        1.44697   1  13
        2.94345        1.77486   1  14
        2.94345        1.87227   1  15
        2.94345        1.87227   1  16
        2.94345        2.29973   1  17
        2.94345        2.29973   1  18
        2.99156       -0.57093   1   1
        2.99156       -0.17868   1   2
        2.99156        0.16195   1   3
        2.99156        0.16195   1   4
        2.99156        0.41642   1   5
        2.99156        0.56624   1   6
        2.99156        0.56624   1   7
        2.99156        0.89714   1   8
        2.99156        0.91896   1   9
        2.99156        0.91896   1  10
        2.99156        1.26474   1  11
        2.99156        1.42101   1  12
        2.99156        1.42101   1  13
        2.99156        1.72792   1  14
        2.99156        1.88523   1  15
        2.99156        1.88523   1  16
        2.99156        2.29386   1  17
        2.99156        2.29386   1  18
        3.03968       -0.55403   1   1
        3.03968       -0.21152   1   2
        3.03968        0.15657   1   3
        3.03968        0.15657   1   4
        3.03968        0.41103   1   5
        3.03968        0.56383   1   6
        3.03968        0.56383   1   7
        3.03968        0.92216   1   8
        3.03968        0.94854   1   9
        3.03968        0.94854   1  10
        3.03968        1.26403   1  11
        3.03968        1.38221   1  12
        3.03968        1.38221   1  13
        3.03968        1.68540   1  14
        3.03968        1.90539   1  15
        3.03968        1.90539   1  16
        3.03968        2.28286   1  17
        3.03968        2.28286   1  18
        3.08779       -0.53736   1   1
        3.08779       -0.24107   1   2
        3.08779        0.15219   1   3
        3.08779        0.15219   1   4
        3.08779        0.40652   1   5
        3.08779        0.56095   1   6
        3.08779        0.56095   1   7
        3.08779        0.94503   1   8
        3.08779        0.98181   1   9
        3.08779        0.98181   1  10
        3.08779        1.25256   1  11
        3.08779        1.33604   1  12
        3.08779        1.33604   1  13
        3.08779        1.64869   1  14
        3.08779        1.92777   1  15
        3.08779        1.92777   1  16
        3.08779        2.26755   1  17
        3.08779        2.26755   1  18
        3.13590       -0.52206   1   1
        3.13590       -0.26619   1   2
        3.13590        0.14884   1   3
        3.13590        0.14884   1   4
        3.13590        0.40292   1   5
        3.13590        0.55817   1   6
        3.13590        0.55817   1   7
        3.13590        0.96547   1   8
        3.13590        1.01799   1   9
        3.13590        1.01799   1  10
        3.13590        1.23273   1  11
        3.13590        1.28676   1  12
        3.13590        1.28676   1  13
        3.13590        1.61893   1  14
        3.13590        1.94879   1  15
        3.13590        1.94879   1  16
        3.13590        2.24999   1  17
        3.13590        2.24999   1  18
        3.18401       -0.50950   1   1
        3.18401       -0.28557   1   2
        3.18401        0.14649   1   3
        3.18401        0.14649   1   4
        3.18401        0.40025   1   5
        3.18401        0.55590   1   6
        3.18401        0.55590   1   7
        3.18401        0.98267   1   8
        3.18401        1.05646   1   9
        3.18401        1.05646   1  10
        3.18401        1.21010   1  11
        3.18401        1.23740   1  12
        3.18401        1.23740   1  13
        3.18401        1.59688   1  14
        3.18401        1.96601   1  15
        3.18401        1.96601   1  16
        3.18401        2.23328   1  17
        3.18401        2.23328   1  18
        3.23213       -0.50111   1   1
        3.23213       -0.29795   1   2
        3.23213        0.14511   1   3
        3.23213        0.14511   1   4
        3.23213        0.39858   1   5
        3.23213        0.55443   1   6
        3.23213        0.55443   1   7
        3.23213        0.99488   1   8
        3.23213        1.09661   1   9
        3.23213        1.09661   1  10
        3.23213        1.19012   1  11
        3.23213        1.19012   1  12
        3.23213        1.19185   1  13
        3.23213        1.58322   1  14
        3.23213        1.97746   1  15
        3.23213        1.97746   1  16
        3.23213        2.22106   1  17
        3.23213        2.22106   1  18
        3.28024       -0.49815   1   1
        3.28024       -0.30222   1   2
        3.28024        0.14465   1   3
        3.28024        0.14465   1   4
        3.28024        0.39801   1   5
        3.28024        0.55392   1   6
        3.28024        0.55392   1   7
        3.28024        0.99945   1   8
        3.28024        1.12857   1   9
        3.28024        1.12857   1  10
        3.28024        1.15569   1  11
        3.28024        1.15569   1  12
        3.28024        1.18476   1  13
        3.28024        1.57857   1  14
        3.28024        1.98152   1  15
        3.28024        1.98152   1  16
        3.28024        2.21654   1  17
        3.28024        2.21654   1  18
        3.28024       -0.49815   1   1
        3.28024       -0.30222   1   2
        3.28024        0.14465   1   3
        3.28024        0.14465   1   4
        3.28024        0.39801   1   5
        3.28024        0.55392   1   6
        3.28024        0.55392   1   7
        3.28024        0.99945   1   8
        3.28024        1.12857   1   9
        3.28024        1.12857   1  10
        3.28024        1.15569   1  11
        3.28024        1.15569   1  12
        3.28024        1.18476   1  13
        3.28024        1.57857   1  14
        3.28024        1.98152   1  15
        3.28024        1.98152   1  16
        3.28024        2.21654   1  17
        3.28024        2.21654   1  18
        3.33075       -0.49720   1   1
        3.33075       -0.30159   1   2
        3.33075        0.13653   1   3
        3.33075        0.14290   1   4
        3.33075        0.40536   1   5
        3.33075        0.55220   1   6
        3.33075        0.55757   1   7
        3.33075        0.99466   1   8
        3.33075        1.09513   1   9
        3.33075        1.11627   1  10
        3.33075        1.16175   1  11
        3.33075        1.17726   1  12
        3.33075        1.21508   1  13
        3.33075        1.58157   1  14
        3.33075        1.97759   1  15
        3.33075        1.97920   1  16
        3.33075        2.20910   1  17
        3.33075        2.21589   1  18
        3.38125       -0.49443   1   1
        3.38125       -0.29977   1   2
        3.38125        0.11513   1   3
        3.38125        0.13767   1   4
        3.38125        0.42398   1   5
        3.38125        0.54751   1   6
        3.38125        0.56901   1   7
        3.38125        0.98061   1   8
        3.38125        1.04839   1   9
        3.38125        1.10606   1  10
        3.38125        1.16504   1  11
        3.38125        1.21445   1  12
        3.38125        1.26706   1  13
        3.38125        1.59019   1  14
        3.38125        1.96582   1  15
        3.38125        1.97254   1  16
        3.38125        2.18812   1  17
        3.38125        2.21312   1  18
        3.43176       -0.49005   1   1
        3.43176       -0.29705   1   2
        3.43176        0.08618   1   3
        3.43176        0.12908   1   4
        3.43176        0.44711   1   5
        3.43176        0.54114   1   6
        3.43176        0.58940   1   7
        3.43176        0.95930   1   8
        3.43176        1.00256   1   9
        3.43176        1.10453   1  10
        3.43176        1.16901   1  11
        3.43176        1.25723   1  12
        3.43176        1.32212   1  13
        3.43176        1.60344   1  14
        3.43176        1.94605   1  15
        3.43176        1.96229   1  16
        3.43176        2.15732   1  17
        3.43176        2.20602   1  18
        3.48227       -0.48423   1   1
        3.48227       -0.29379   1   2
        3.48227        0.05424   1   3
        3.48227        0.11730   1   4
        3.48227        0.46956   1   5
        3.48227        0.53469   1   6
        3.48227        0.61942   1   7
        3.48227        0.93382   1   8
        3.48227        0.95880   1   9
        3.48227        1.10904   1  10
        3.48227        1.17421   1  11
        3.48227        1.30328   1  12
        3.48227        1.37739   1  13
        3.48227        1.61987   1  14
        3.48227        1.91766   1  15
        3.48227        1.94940   1  16
        3.48227        2.12210   1  17
        3.48227        2.19190   1  18
        3.53278       -0.47704   1   1
        3.53278       -0.29044   1   2
        3.53278        0.02223   1   3
        3.53278        0.10268   1   4
        3.53278        0.48944   1   5
        3.53278        0.52974   1   6
        3.53278        0.65803   1   7
        3.53278        0.90651   1   8
        3.53278        0.91732   1   9
        3.53278        1.11690   1  10
        3.53278        1.18061   1  11
        3.53278        1.35095   1  12
        3.53278        1.43147   1  13
        3.53278        1.63779   1  14
        3.53278        1.87984   1  15
        3.53278        1.93473   1  16
        3.53278        2.08808   1  17
        3.53278        2.16864   1  18
        3.58328       -0.46832   1   1
        3.58328       -0.28749   1   2
        3.58328       -0.00808   1   3
        3.58328        0.08562   1   4
        3.58328        0.50719   1   5
        3.58328        0.52750   1   6
        3.58328        0.70288   1   7
        3.58328        0.87818   1   8
        3.58328        0.87865   1   9
        3.58328        1.12639   1  10
        3.58328        1.18802   1  11
        3.58328        1.39876   1  12
        3.58328        1.48360   1  13
        3.58328        1.65533   1  14
        3.58328        1.83309   1  15
        3.58328        1.91877   1  16
        3.58328        2.05884   1  17
        3.58328        2.13560   1  18
        3.63379       -0.45786   1   1
        3.63379       -0.28554   1   2
        3.63379       -0.03540   1   3
        3.63379        0.06666   1   4
        3.63379        0.52386   1   5
        3.63379        0.52875   1   6
        3.63379        0.75135   1   7
        3.63379        0.84179   1   8
        3.63379        0.85087   1   9
        3.63379        1.13630   1  10
        3.63379        1.19619   1  11
        3.63379        1.44510   1  12
        3.63379        1.53337   1  13
        3.63379        1.66904   1  14
        3.63379        1.78211   1  15
        3.63379        1.90164   1  16
        3.63379        2.03448   1  17
        3.63379        2.09408   1  18
        3.68430       -0.44553   1   1
        3.68430       -0.28538   1   2
        3.68430       -0.05855   1   3
        3.68430        0.04636   1   4
        3.68430        0.53381   1   5
        3.68430        0.54033   1   6
        3.68430        0.79315   1   7
        3.68430        0.81693   1   8
        3.68430        0.82344   1   9
        3.68430        1.14570   1  10
        3.68430        1.20492   1  11
        3.68430        1.48748   1  12
        3.68430        1.58080   1  13
        3.68430        1.66610   1  14
        3.68430        1.74375   1  15
        3.68430        1.88311   1  16
        3.68430        2.01243   1  17
        3.68430        2.04704   1  18
        3.73481       -0.43140   1   1
        3.73481       -0.28795   1   2
        3.73481       -0.07632   1   3
        3.73481        0.02530   1   4
        3.73481        0.54260   1   5
        3.73481        0.55718   1   6
        3.73481        0.77096   1   7
        3.73481        0.79642   1   8
        3.73481        0.86011   1   9
        3.73481        1.15361   1  10
        3.73481        1.21416   1  11
        3.73481        1.51813   1  12
        3.73481        1.62605   1  13
        3.73481        1.63386   1  14
        3.73481        1.74048   1  15
        3.73481        1.86289   1  16
        3.73481        1.98952   1  17
        3.73481        1.99835   1  18
        3.78532       -0.41583   1   1
        3.78532       -0.29405   1   2
        3.78532       -0.08760   1   3
        3.78532        0.00412   1   4
        3.78532        0.55476   1   5
        3.78532        0.57477   1   6
        3.78532        0.74133   1   7
        3.78532        0.76983   1   8
        3.78532        0.91429   1   9
        3.78532        1.15893   1  10
        3.78532        1.22414   1  11
        3.78532        1.50909   1  12
        3.78532        1.62094   1  13
        3.78532        1.66926   1  14
        3.78532        1.75355   1  15
        3.78532        1.84087   1  16
        3.78532        1.95184   1  17
        3.78532        1.96352   1  18
        3.83582       -0.39928   1   1
        3.83582       -0.30389   1   2
        3.83582       -0.09189   1   3
        3.83582       -0.01661   1   4
        3.83582        0.56978   1   5
        3.83582        0.59318   1   6
        3.83582        0.71355   1   7
        3.83582        0.74370   1   8
        3.83582        0.96964   1   9
        3.83582        1.16025   1  10
        3.83582        1.23558   1  11
        3.83582        1.45844   1  12
        3.83582        1.64401   1  13
        3.83582        1.71044   1  14
        3.83582        1.77000   1  15
        3.83582        1.81738   1  16
        3.83582        1.91038   1  17
        3.83582        1.93366   1  18
        3.88633       -0.38226   1   1
        3.88633       -0.31687   1   2
        3.88633       -0.08961   1   3
        3.88633       -0.03624   1   4
        3.88633        0.58700   1   5
        3.88633        0.61173   1   6
        3.88633        0.68873   1   7
        3.88633        0.71830   1   8
        3.88633        1.02411   1   9
        3.88633        1.15550   1  10
        3.88633        1.24998   1  11
        3.88633        1.39933   1  12
        3.88633        1.67524   1  13
        3.88633        1.74861   1  14
        3.88633        1.78708   1  15
        3.88633        1.79386   1  16
        3.88633        1.87548   1  17
        3.88633        1.90054   1  18
        3.93684       -0.36515   1   1
        3.93684       -0.33198   1   2
        3.93684       -0.08179   1   3
        3.93684       -0.05416   1   4
        3.93684        0.60550   1   5
        3.93684        0.62617   1   6
        3.93684        0.67114   1   7
        3.93684        0.69436   1   8
        3.93684        1.07424   1   9
        3.93684        1.14155   1  10
        3.93684        1.27028   1  11
        3.93684        1.34462   1  12
        3.93684        1.70624   1  13
        3.93684        1.76018   1  14
        3.93684        1.79431   1  15
        3.93684        1.80461   1  16
        3.93684        1.84721   1  17
        3.93684        1.86542   1  18
        3.98735       -0.34827   1   1
        3.98735       -0.34827   1   2
        3.98735       -0.06962   1   3
        3.98735       -0.06962   1   4
        3.98735        0.62248   1   5
        3.98735        0.62248   1   6
        3.98735        0.67468   1   7
        3.98735        0.67468   1   8
        3.98735        1.11474   1   9
        3.98735        1.11474   1  10
        3.98735        1.30084   1  11
        3.98735        1.30084   1  12
        3.98735        1.73522   1  13
        3.98735        1.73522   1  14
        3.98735        1.82244   1  15
        3.98735        1.82244   1  16
        3.98735        1.83082   1  17
        3.98735        1.83082   1  18
        3.98735       -0.34827   1   1
        3.98735       -0.34827   1   2
        3.98735       -0.06962   1   3
        3.98735       -0.06962   1   4
        3.98735        0.62248   1   5
        3.98735        0.62248   1   6
        3.98735        0.67468   1   7
        3.98735        0.67468   1   8
        3.98735        1.11474   1   9
        3.98735        1.11474   1  10
        3.98735        1.30084   1  11
        3.98735        1.30084   1  12
        3.98735        1.73522   1  13
        3.98735        1.73522   1  14
        3.98735        1.82244   1  15
        3.98735        1.82244   1  16
        3.98735        1.83082   1  17
        3.98735        1.83082   1  18
        4.03735       -0.34864   1   1
        4.03735       -0.34864   1   2
        4.03735       -0.06802   1   3
        4.03735       -0.06802   1   4
        4.03735        0.59580   1   5
        4.03735        0.59580   1   6
        4.03735        0.70209   1   7
        4.03735        0.70209   1   8
        4.03735        1.11445   1   9
        4.03735        1.11445   1  10
        4.03735        1.30024   1  11
        4.03735        1.30024   1  12
        4.03735        1.71665   1  13
        4.03735        1.71665   1  14
        4.03735        1.81390   1  15
        4.03735        1.81390   1  16
        4.03735        1.85620   1  17
        4.03735        1.85620   1  18
        4.08735       -0.34969   1   1
        4.08735       -0.34969   1   2
        4.08735       -0.06329   1   3
        4.08735       -0.06329   1   4
        4.08735        0.55406   1   5
        4.08735        0.55406   1   6
        4.08735        0.74626   1   7
        4.08735        0.74626   1   8
        4.08735        1.11374   1   9
        4.08735        1.11374   1  10
        4.08735        1.29854   1  11
        4.08735        1.29854   1  12
        4.08735        1.67547   1  13
        4.08735        1.67547   1  14
        4.08735        1.81447   1  15
        4.08735        1.81447   1  16
        4.08735        1.89125   1  17
        4.08735        1.89125   1  18
        4.13735       -0.35130   1   1
        4.13735       -0.35130   1   2
        4.13735       -0.05568   1   3
        4.13735       -0.05568   1   4
        4.13735        0.51173   1   5
        4.13735        0.51173   1   6
        4.13735        0.79336   1   7
        4.13735        0.79336   1   8
        4.13735        1.11297   1   9
        4.13735        1.11297   1  10
        4.13735        1.29603   1  11
        4.13735        1.29603   1  12
        4.13735        1.62581   1  13
        4.13735        1.62581   1  14
        4.13735        1.82017   1  15
        4.13735        1.82017   1  16
        4.13735        1.92481   1  17
        4.13735        1.92481   1  18
        4.18735       -0.35328   1   1
        4.18735       -0.35328   1   2
        4.18735       -0.04567   1   3
        4.18735       -0.04567   1   4
        4.18735        0.47113   1   5
        4.18735        0.47113   1   6
        4.18735        0.84185   1   7
        4.18735        0.84185   1   8
        4.18735        1.11269   1   9
        4.18735        1.11269   1  10
        4.18735        1.29302   1  11
        4.18735        1.29302   1  12
        4.18735        1.57218   1  13
        4.18735        1.57218   1  14
        4.18735        1.82844   1  15
        4.18735        1.82844   1  16
        4.18735        1.95370   1  17
        4.18735        1.95370   1  18
        4.23735       -0.35540   1   1
        4.23735       -0.35540   1   2
        4.23735       -0.03396   1   3
        4.23735       -0.03396   1   4
        4.23735        0.43360   1   5
        4.23735        0.43360   1   6
        4.23735        0.89089   1   7
        4.23735        0.89089   1   8
        4.23735        1.11363   1   9
        4.23735        1.11363   1  10
        4.23735        1.28978   1  11
        4.23735        1.28978   1  12
        4.23735        1.51621   1  13
        4.23735        1.51621   1  14
        4.23735        1.83817   1  15
        4.23735        1.83817   1  16
        4.23735        1.97650   1  17
        4.23735        1.97650   1  18
        4.28735       -0.35741   1   1
        4.28735       -0.35741   1   2
        4.28735       -0.02152   1   3
        4.28735       -0.02152   1   4
        4.28735        0.40040   1   5
        4.28735        0.40040   1   6
        4.28735        0.93909   1   7
        4.28735        0.93909   1   8
        4.28735        1.11677   1   9
        4.28735        1.11677   1  10
        4.28735        1.28652   1  11
        4.28735        1.28652   1  12
        4.28735        1.45910   1  13
        4.28735        1.45910   1  14
        4.28735        1.84857   1  15
        4.28735        1.84857   1  16
        4.28735        1.99268   1  17
        4.28735        1.99268   1  18
        4.33735       -0.35912   1   1
        4.33735       -0.35912   1   2
        4.33735       -0.00960   1   3
        4.33735       -0.00960   1   4
        4.33735        0.37275   1   5
        4.33735        0.37275   1   6
        4.33735        0.98377   1   7
        4.33735        0.98377   1   8
        4.33735        1.12379   1   9
        4.33735        1.12379   1  10
        4.33735        1.28349   1  11
        4.33735        1.28349   1  12
        4.33735        1.40234   1  13
        4.33735        1.40234   1  14
        4.33735        1.85880   1  15
        4.33735        1.85880   1  16
        4.33735        2.00262   1  17
        4.33735        2.00262   1  18
        4.38735       -0.36041   1   1
        4.38735       -0.36041   1   2
        4.38735        0.00042   1   3
        4.38735        0.00042   1   4
        4.38735        0.35182   1   5
        4.38735        0.35182   1   6
        4.38735        1.02004   1   7
        4.38735        1.02004   1   8
        4.38735        1.13755   1   9
        4.38735        1.13755   1  10
        4.38735        1.28090   1  11
        4.38735        1.28090   1  12
        4.38735        1.34841   1  13
        4.38735        1.34841   1  14
        4.38735        1.86773   1  15
        4.38735        1.86773   1  16
        4.38735        2.00757   1  17
        4.38735        2.00757   1  18
        4.43735       -0.36119   1   1
        4.43735       -0.36119   1   2
        4.43735        0.00714   1   3
        4.43735        0.00714   1   4
        4.43735        0.33871   1   5
        4.43735        0.33871   1   6
        4.43735        1.04228   1   7
        4.43735        1.04228   1   8
        4.43735        1.15868   1   9
        4.43735        1.15868   1  10
        4.43735        1.27879   1  11
        4.43735        1.27879   1  12
        4.43735        1.30293   1  13
        4.43735        1.30293   1  14
        4.43735        1.87396   1  15
        4.43735        1.87396   1  16
        4.43735        2.00935   1  17
        4.43735        2.00935   1  18
        4.48735       -0.36145   1   1
        4.48735       -0.36145   1   2
        4.48735        0.00952   1   3
        4.48735        0.00952   1   4
        4.48735        0.33424   1   5
        4.48735        0.33424   1   6
        4.48735        1.04930   1   7
        4.48735        1.04930   1   8
        4.48735        1.17242   1   9
        4.48735        1.17242   1  10
        4.48735        1.27561   1  11
        4.48735        1.27561   1  12
        4.48735        1.28390   1  13
        4.48735        1.28390   1  14
        4.48735        1.87623   1  15
        4.48735        1.87623   1  16
        4.48735        2.00970   1  17
        4.48735        2.00970   1  18
