% rows  5  cols  5   complex sharm  mixed dmats l= 2 site 1 spin 1
   0.0620104     0.0007933    -0.0007373     0.0007933     0.0267251
   0.0007933     0.0352865     0.0003281    -0.0000000    -0.0006620
  -0.0007373     0.0003281     0.0887367     0.0004092    -0.0000000
   0.0007933    -0.0000000     0.0004092     0.0352864     0.0006151
   0.0267251    -0.0006620    -0.0000000     0.0006151     0.0620127

   0.0000000    -0.0000001    -0.0000002     0.0000001     0.0000468
   0.0000001     0.0000000    -0.0000009    -0.0007933    -0.0000008
   0.0000002     0.0000009     0.0000000    -0.0000011     0.0000001
  -0.0000001     0.0007933     0.0000011     0.0000000    -0.0000004
  -0.0000468     0.0000008    -0.0000001     0.0000004    -0.0000000
% rows  5  cols  5   complex sharm  mixed dmats l= 2 site 1 spin 2
   0.0576237     0.0004351    -0.0015109     0.0004351     0.0267407
   0.0004351     0.0308832     0.0002805     0.0000000    -0.0015826
  -0.0015109     0.0002805     0.0843645     0.0012303    -0.0000000
   0.0004351     0.0000000     0.0012303     0.0308832     0.0010343
   0.0267407    -0.0015826    -0.0000000     0.0010343     0.0576240

   0.0000000     0.0000000     0.0000000    -0.0000000     0.0005484
  -0.0000000     0.0000000    -0.0000002    -0.0004351    -0.0000001
  -0.0000000     0.0000002     0.0000000    -0.0000001     0.0000001
   0.0000000     0.0004351     0.0000001     0.0000000    -0.0000001
  -0.0005484     0.0000001    -0.0000001     0.0000001     0.0000000
% rows  7  cols  7   complex sharm  mixed dmats l= 3 site 1 spin 1
   0.1868095    -0.0023082    -0.0052201    -0.2512620     0.3198569    -0.2097167     0.1570226
  -0.0023082     0.5679029    -0.0289574     0.0195575     0.0050045    -0.4263980     0.0286150
  -0.0052201    -0.0289574     0.1685706     0.0100964    -0.1570226     0.0077222     0.0030578
  -0.2512620     0.0195575     0.0100964     0.2142842    -0.2451900     0.1621722     0.0535180
   0.3198569     0.0050045    -0.1570226    -0.2451900     0.1687943    -0.2054662    -0.0758660
  -0.2097167    -0.4263980     0.0077222     0.1621722    -0.2054662     0.5675358     0.0455697
   0.1570226     0.0286150     0.0030578     0.0535180    -0.0758660     0.0455697     0.1870367

  -0.0000000     0.0000206    -0.0001462     0.0000402    -0.0000181    -0.0001269     0.0694591
  -0.0000206     0.0000000    -0.0002481     0.0001682     0.0000421    -0.0214794     0.0002454
   0.0001462     0.0002481     0.0000000    -0.0000609     0.0115314    -0.0000936    -0.0000668
  -0.0000402    -0.0001682     0.0000609     0.0000000    -0.0001280     0.0001462    -0.0000922
   0.0000181    -0.0000421    -0.0115314     0.0001280     0.0000000    -0.0000416     0.0001462
   0.0001269     0.0214794     0.0000936    -0.0001462     0.0000416     0.0000000    -0.0000598
  -0.0694591    -0.0002454     0.0000668     0.0000922    -0.0001462     0.0000598     0.0000000
% rows  7  cols  7   complex sharm  mixed dmats l= 3 site 1 spin 2
   0.0097031     0.0003820     0.0040358     0.0010518    -0.0011626     0.0004354    -0.0001575
   0.0003820     0.0024639     0.0003887    -0.0005400     0.0002727     0.0020806    -0.0004719
   0.0040358     0.0003887     0.0076399    -0.0001210     0.0001575    -0.0004924     0.0003801
   0.0010518    -0.0005400    -0.0001210     0.0127957     0.0004975    -0.0001627    -0.0005726
  -0.0011626     0.0002727     0.0001575     0.0004975     0.0076362     0.0009715    -0.0039545
   0.0004354     0.0020806    -0.0004924    -0.0001627     0.0009715     0.0024618    -0.0001832
  -0.0001575    -0.0004719     0.0003801    -0.0005726    -0.0039545    -0.0001832     0.0096991

   0.0000000     0.0000049    -0.0000123    -0.0000028    -0.0000035    -0.0000010     0.0001101
  -0.0000049    -0.0000000    -0.0000052     0.0000071    -0.0000035     0.0000734     0.0000062
   0.0000123     0.0000052    -0.0000000     0.0000046     0.0002116    -0.0000014    -0.0000036
   0.0000028    -0.0000071    -0.0000046     0.0000000    -0.0000009     0.0000123    -0.0000015
   0.0000035     0.0000035    -0.0002116     0.0000009     0.0000000     0.0000029     0.0000123
   0.0000010    -0.0000734     0.0000014    -0.0000123    -0.0000029     0.0000000     0.0000045
  -0.0001101    -0.0000062     0.0000036     0.0000015    -0.0000123    -0.0000045     0.0000000
