INFO: Ubuntu 20.04.4 LTS \n \l
INFO: GNU Fortran (Ubuntu 9.4.0-1ubuntu1~20.04.1) 9.4.0
INFO: -O2 -g -fimplicit-none -ffixed-line-length-132 -JOBJ.gfortran -IOBJ.gfortran
INFO: MATH: -lmkl_rt
INFO: git: commit 39c152841dcd21c4800f05b94a0404f4a0dcaec6
INFO:    : Author: Takao Kotani <takaokotani@gmail.com>
INFO:    : Date:   Sat Nov 19 08:13:36 2022 +0900
INFO: linked at Mon Nov 21 16:45:21 JST 2022
===START LMF with   ===
 mpisize=           4
  Token           Input   cast  (size,min,read,def)     result
 IO_VERBOS         opt    i4       1,  1,   1,  0       35
 IO_TIM            opt    i4v      2,  1,   2,  0       0  0
 CONST             opt    chr      1,  0,   *
 STRUC_ALAT        reqd   r8       1,  1,   1, --       9.9966504799999996
 STRUC_NBAS        reqd   i4       1,  1,   1, --       2
 STRUC_PLAT        reqd   r8v      9,  9,   9, --       0  0.5  0.5  0.5  0  0.5  0.5  0.5  0
 ... found 2 species in SPEC category
 HAM_NSPIN         opt    i4       1,  1,   1,  0       2
 HAM_REL           opt    i4       1,  1,   1,  0       1
 HAM_SO            opt    i4       1,  1,   1,  0       0
 HAM_GMAX          reqd   r8       1,  1,   1, --       12
 HAM_FRZWF         opt    lg       1,  1,   1,  0       F
 HAM_FORCES        opt    i4       1,  1,   1,  0       0
 HAM_XCFUN         opt    i4       1,  1,   1,  0       1
 HAM_RDSIG         opt    i4       1,  1,   1,  0       12
 HAM_ScaledSigma   opt    r8       1,  1,   1,  0       1
 HAM_OVEPS         opt    r8       1,  1,   1,  0       0.00000001
 HAM_PWMODE        opt    i4       1,  1,   1,  0       1
 ===> for --jobgw, pwmode is switched to be  1
 HAM_PWEMAX        opt    r8       1,  1,   1,  0       2
 SYMGRP            opt    chr      1,  0,   1           r3(1,1,1)
 SYMGRPAF          opt    chr      1,  0,   *
  --- Parameters for species data ---
 ... Species  1
 SPEC_ATOM         reqd   chr      1,  0,   1           Pr
 SPEC_ATOM_Z       reqd   r8       1,  1,   1, --       59
 SPEC_ATOM_R       reqd   r8       1,  1,   1, --       2.8300000000000001
 SPEC_ATOM_RSMH    reqd   r8v     10,  1,   4,  6       1.4199999999999999  1.4199999999999999  1.4199999999999999  1.4199999999999999  0  0  0  0  0  0
 SPEC_ATOM_EH      reqd   r8v     10,  4,   4,  6       -1 -1 -1 -1  0  0  0  0  0  0
 SPEC_ATOM_RSMH2   opt    r8v     10,  1,   4,  6       1.4199999999999999  1.4199999999999999  1.4199999999999999  1.4199999999999999  0  0  0  0  0  0
 SPEC_ATOM_EH2     reqd   r8v     10,  4,   4, --       -2 -2 -2 -2
 SPEC_ATOM_LMX     opt    i4       1,  1,   1,  0       3
 SPEC_ATOM_LMXA    opt    i4       1,  1,   1,  0       4
 READP=T: read pnu from atmpnu.*
 READP=T: read pnu from atmpnu.*
 SPEC_ATOM_MMOM    opt    r8v      5,  1,   4,  1       0  0  0  2  0
 SPEC_ATOM_NMCORE  opt    i4       1,  1,   1,  0       1
 SPEC_ATOM_PZ      opt    r8v      5,  1,   4,  1       0  5  0  5  0
 READP=T: read pnu from atmpnu.*
 HAM_READP         opt    lg       1,  1,   1,  0       T
 HAM_PNUFIX        opt    lg       1,  1,   1,  0       T
 READP=T: read pnu from atmpnu.*
 SPEC_ATOM_KMXA    opt    i4       1,  1,   1,  0       5
 SPEC_ATOM_IDU     opt    i4v      4,  1,   4,  0       0  0  12  12
 SPEC_ATOM_UH      opt    r8v      4,  1,   4,  0       0  0  0.47  0.535
 SPEC_ATOM_JH      opt    r8v      4,  1,   4,  0       0  0  0  0.0692
 SPEC_ATOM_C-HOLE  opt    chr      1,  0,   *
 ... Species  2
 SPEC_ATOM         reqd   chr      1,  0,   1           N
 SPEC_ATOM_Z       reqd   r8       1,  1,   1, --       7
 SPEC_ATOM_R       reqd   r8       1,  1,   1, --       1.8999999999999999
 SPEC_ATOM_RSMH    reqd   r8v     10,  1,   3,  7       0.95  0.95  0.95  0  0  0  0  0  0  0
 SPEC_ATOM_EH      reqd   r8v     10,  3,   3,  7       -1 -1 -1  0  0  0  0  0  0  0
 READP=T: read pnu from atmpnu.*
 SPEC_ATOM_RSMH2   opt    r8v     10,  1,   2,  8       0.95  0.95  0  0  0  0  0  0  0  0
 READP=T: read pnu from atmpnu.*
 SPEC_ATOM_EH2     reqd   r8v     10,  2,   2, --       -2 -2
 SPEC_ATOM_LMX     opt    i4       1,  1,   1,  0       3
 SPEC_ATOM_LMXA    opt    i4       1,  1,   1,  0       4
 SPEC_ATOM_NMCORE  opt    i4       1,  1,   1,  0       1
 READP=T: read pnu from atmpnu.*
 HAM_READP         opt    lg       1,  1,   1,  0       T
 HAM_PNUFIX        opt    lg       1,  1,   1,  0       T
 READP=T: read pnu from atmpnu.*
 SPEC_ATOM_KMXA    opt    i4       1,  1,   1,  0       5
 SPEC_ATOM_C-HOLE  opt    chr      1,  0,   *
  --- Parameters for site ---
 ... Site  1
 SITE_ATOM         reqd   chr      1,  0,   1           Pr
 SITE_ATOM_POS     reqd   r8v      3,  1,   3, --       0  0  0
 ... Site  2
 SITE_ATOM         reqd   chr      1,  0,   1           N
 SITE_ATOM_POS     reqd   r8v      3,  1,   3, --       0.5  0.5  0.5
  --- Parameters for Brillouin zone integration ---
 BZ_NKABC          reqd   i4v      3,  1,   3, --       8  8  8
 BZ_METAL          opt    i4       1,  1,   1,  0       3
 BZ_TETRA          opt    lg       1,  1,   1,  0       T
 BZ_N              opt    i4       1,  1,   1,  0       -1
 BZ_W              opt    r8       1,  1,   1,  0       0.01
 BZ_SAVDOS         opt    i4       1,  1,   1,  0       1
 BZ_NPTS           opt    i4       1,  1,   1,  0       2001
 BZ_DOSMAX         opt    r8       1,  1,   1,  0       1.5
 BZ_NOINV          opt    lg       1,  1,   1,  0       T
  --- Parameters for Ewald sums ---
  --- Parameters for iterations ---
 ITER_NIT          opt    i4       1,  1,   1,  0       80
 ITER_MIX          opt    chr      1,  0,   1           A8,b=.2
 ITER_CONV         opt    r8       1,  1,   1,  0       0.00001
 ITER_CONVC        opt    r8       1,  1,   1,  0       0.00001
  --- Parameters for dynamics and statics ---
  bndfp (warning): no sigm file found ... LDA calculation only
pnuall: j isp pnu= 1 1 6.500000  6.500000  5.832247  4.911428  5.110854
pnzall: j isp  pz= 1 1 0.000000  5.921959  0.000000  5.500000  0.000000
pnuall: j isp pnu= 1 2 6.500000  6.500000  5.832247  4.911428  5.110854
pnzall: j isp  pz= 1 2 0.000000  5.921959  0.000000  5.500000  0.000000
pnuall: j isp pnu= 2 1 2.883018  2.854834  3.240044  4.125903  5.087686
pnzall: j isp  pz= 2 1 0.000000  0.000000  0.000000  0.000000  0.000000
pnuall: j isp pnu= 2 2 2.883018  2.854834  3.240044  4.125903  5.087686
pnzall: j isp  pz= 2 2 0.000000  0.000000  0.000000  0.000000  0.000000
suldau:   2  U block(s)  lmaxu = 3
suldau:   2  U block(s)  lmaxu = 3
suldau:   2  U block(s)  lmaxu = 3
suldau:   2  U block(s)  lmaxu = 3


mmm === MTO setting ===
mmm ispec lmxb lpz nkapii nkaphh=    1    3    1    2    2
mmm rsmh1    1  1.42  1.42  1.42  1.42
mmm   eh1    1 -1.00 -1.00 -1.00 -1.00
mmm rsmh2    1  1.42  1.42  1.42  1.42
mmm  eh2     1 -2.00 -2.00 -2.00 -2.00
mmm pz       1  0.00  5.92  0.00  5.50
mmm lh       3  3  3
 imx=           3           3           3
 imx=           3           3           3
 imx=           3           3           3
mmm ispec lmxb lpz nkapii nkaphh=    2    2    0    2    2
mmm rsmh1    2  0.95  0.95  0.95
mmm   eh1    2 -1.00 -1.00 -1.00
 imx=           3           3           3
 imx=           3           3           3
mmm rsmh2    2  0.95  0.95
mmm  eh2     2 -2.00 -2.00
mmm lh       2  1 -1
 imx=           3           3           3

                Plat                                  Qlat
   0.000000   0.500000   0.500000       -1.000000   1.000000   1.000000
   0.500000   0.000000   0.500000        1.000000  -1.000000   1.000000
   0.500000   0.500000   0.000000        1.000000   1.000000  -1.000000
  Cell vol=   249.748870
 imx=           3           3           3
 imx=           3           3           3

 LATTC:  as= 2.000   tol= 1.00E-08   alat= 9.99665   awald= 0.318
         r1=  1.860   nkd=  87      q1=  5.581   nkg= 169
 Order of generator  1 is 3
SGROUP:  3 symmetry operations from 1
 ig group op
   1  i*i                                
   2  r3d                                
   3  r3(-1,-1,-1)                       
MKSYM: found  3  space group operations
       adding inversion gives 6  operations
SPLCLS: ibas iclass ispec label(ispec)
 SPLCLS     1    1    1     Pr
 SPLCLS     2    2    2     N
 BZMESH:     90 irreducible QP from    8   8   8 shift=FFF
 TETIRR: sorting     3072 tetrahedra ...
     494 inequivalent tetrahedron=
MSHSIZ: mesh has 24 x 24 x 24 divisions; length =     0.295     0.295     0.295
      generated from gmax (a.u.)=     12.1100: 7583 vectors of 13824 (54%)
gvlst2: gmax=  12.110 a.u. created 7583 vectors of 13824 ( 54 %)
 SGVSYM: 2543 symmetry stars found for 7583 reciprocal lattice vectors

 sugcut:  make orbital-dependent reciprocal vector cutoffs for tol= 1.00E-06
 spec      l    rsm    eh     gmax    last term    cutoff
  Pr       0*   1.42  -1.00   5.235    1.31E-06     609 
  Pr       1*   1.42  -1.00   5.550    1.46E-06     725 
  Pr       2*   1.42  -1.00   5.867    1.80E-06     869 
  Pr       3    1.42  -1.00   6.185    1.16E-06     965 
  Pr       0*   1.42  -2.00   5.235    1.31E-06     609 
  Pr       1*   1.42  -2.00   5.550    1.46E-06     725 
  Pr       2*   1.42  -2.00   5.867    1.80E-06     869 
  Pr       3    1.42  -2.00   6.185    1.16E-06     965 
  N        0*   0.95  -1.00   7.825    1.31E-06    1989 
  N        1*   0.95  -1.00   8.406    1.28E-06    2445 
  N        2    0.95  -1.00   8.983    1.02E-06    3119 
  N        0*   0.95  -2.00   7.825    1.31E-06    1989 
  N        1    0.95  -2.00   8.406    1.28E-06    2445 
suham: PW basis Emin Emax 0.000  2.000 npw ndham 15 70
  sudmtu: reading density matrix from file dmats in spherical harmonics
symdmu (warning):  2 symops rotate z axis
symdmu (warning):  2 symops rotate z axis
symdmu (warning):  2 symops rotate z axis
symdmu (warning):  2 symops rotate z axis
symdmu (warning):  2 symops rotate z axis
symdmu (warning):  2 symops rotate z axis


sudmtu:  RMS change in dmats from symmetrization  0.000000

 Symmetrized dmats real harmonics l= 2 ib 1 isp 1
  0.03529    0.00079   -0.00074    0.00079    0.00005
  0.00079    0.03529    0.00033    0.00079   -0.00066
 -0.00074    0.00033    0.08874    0.00041   -0.00000
  0.00079    0.00079    0.00041    0.03529    0.00062
  0.00005   -0.00066   -0.00000    0.00062    0.08874

 -0.00000   -0.00000   -0.00000    0.00000    0.00000
  0.00000   -0.00000   -0.00000   -0.00000   -0.00000
  0.00000    0.00000    0.00000   -0.00000    0.00000
 -0.00000    0.00000    0.00000   -0.00000   -0.00000
 -0.00000    0.00000   -0.00000    0.00000   -0.00000
 Symmetrized dmats real harmonics l= 2 ib 1 isp 2
  0.03088    0.00044   -0.00151    0.00044    0.00055
  0.00044    0.03088    0.00028    0.00044   -0.00158
 -0.00151    0.00028    0.08436    0.00123   -0.00000
  0.00044    0.00044    0.00123    0.03088    0.00103
  0.00055   -0.00158   -0.00000    0.00103    0.08436

  0.00000   -0.00000    0.00000    0.00000    0.00000
  0.00000    0.00000   -0.00000   -0.00000   -0.00000
 -0.00000    0.00000   -0.00000   -0.00000    0.00000
 -0.00000    0.00000    0.00000    0.00000   -0.00000
 -0.00000    0.00000   -0.00000    0.00000   -0.00000
 Symmetrized dmats real harmonics l= 3 ib 1 isp 1
  0.34395   -0.00231   -0.00522   -0.25126    0.31986   -0.20972   -0.06946
 -0.00231    0.99412   -0.02896    0.01956    0.00500   -0.02148    0.02861
 -0.00522   -0.02896    0.01166    0.01010   -0.01153    0.00772    0.00306
 -0.25126    0.01956    0.01010    0.21428   -0.24519    0.16217    0.05352
  0.31986    0.00500   -0.01153   -0.24519    0.32571   -0.20547   -0.07587
 -0.20972   -0.02148    0.00772    0.16217   -0.20547    0.14132    0.04557
 -0.06946    0.02861    0.00306    0.05352   -0.07587    0.04557    0.02990

 -0.00000    0.00002   -0.00015    0.00004   -0.00002   -0.00013    0.00011
 -0.00002   -0.00000   -0.00025    0.00017    0.00004   -0.00018    0.00025
  0.00015    0.00025    0.00000   -0.00006    0.00011   -0.00009   -0.00007
 -0.00004   -0.00017    0.00006    0.00000   -0.00013    0.00015   -0.00009
  0.00002   -0.00004   -0.00011    0.00013    0.00000   -0.00004    0.00015
  0.00013    0.00018    0.00009   -0.00015    0.00004   -0.00000   -0.00006
 -0.00011   -0.00025    0.00007    0.00009   -0.00015    0.00006    0.00000
 Symmetrized dmats real harmonics l= 3 ib 1 isp 2
  0.00954    0.00038    0.00404    0.00105   -0.00116    0.00044   -0.00011
  0.00038    0.00038    0.00039   -0.00054    0.00027    0.00007   -0.00047
  0.00404    0.00039    0.00780   -0.00012   -0.00021   -0.00049    0.00038
  0.00105   -0.00054   -0.00012    0.01280    0.00050   -0.00016   -0.00057
 -0.00116    0.00027   -0.00021    0.00050    0.00748    0.00097   -0.00395
  0.00044    0.00007   -0.00049   -0.00016    0.00097    0.00454   -0.00018
 -0.00011   -0.00047    0.00038   -0.00057   -0.00395   -0.00018    0.00986

  0.00000    0.00000   -0.00001   -0.00000   -0.00000   -0.00000   -0.00000
 -0.00000    0.00000   -0.00001    0.00001   -0.00000   -0.00000    0.00001
  0.00001    0.00001   -0.00000    0.00000   -0.00000   -0.00000   -0.00000
  0.00000   -0.00001   -0.00000   -0.00000   -0.00000    0.00001   -0.00000
  0.00000    0.00000    0.00000    0.00000   -0.00000    0.00000    0.00001
  0.00000    0.00000    0.00000   -0.00001   -0.00000   -0.00000    0.00000
  0.00000   -0.00001    0.00000    0.00000   -0.00001   -0.00000   -0.00000

 Symmetrized dmats spherical harmonics l= 2 ib 1 isp 1
  0.06201    0.00079   -0.00074    0.00079    0.02673
  0.00079    0.03529    0.00033   -0.00000   -0.00066
 -0.00074    0.00033    0.08874    0.00041   -0.00000
  0.00079   -0.00000    0.00041    0.03529    0.00062
  0.02673   -0.00066   -0.00000    0.00062    0.06201

 -0.00000   -0.00000   -0.00000    0.00000    0.00005
  0.00000    0.00000   -0.00000   -0.00079   -0.00000
  0.00000    0.00000    0.00000   -0.00000    0.00000
 -0.00000    0.00079    0.00000    0.00000   -0.00000
 -0.00005    0.00000   -0.00000    0.00000    0.00000
 Symmetrized dmats spherical harmonics l= 2 ib 1 isp 2
  0.05762    0.00044   -0.00151    0.00044    0.02674
  0.00044    0.03088    0.00028   -0.00000   -0.00158
 -0.00151    0.00028    0.08436    0.00123   -0.00000
  0.00044   -0.00000    0.00123    0.03088    0.00103
  0.02674   -0.00158   -0.00000    0.00103    0.05762

 -0.00000   -0.00000    0.00000    0.00000    0.00055
  0.00000    0.00000   -0.00000   -0.00044   -0.00000
 -0.00000    0.00000   -0.00000   -0.00000    0.00000
 -0.00000    0.00044    0.00000    0.00000   -0.00000
 -0.00055    0.00000   -0.00000    0.00000    0.00000
 Symmetrized dmats spherical harmonics l= 3 ib 1 isp 1
  0.18681   -0.00231   -0.00522   -0.25126    0.31986   -0.20972    0.15702
 -0.00231    0.56790   -0.02896    0.01956    0.00500   -0.42640    0.02861
 -0.00522   -0.02896    0.16857    0.01010   -0.15702    0.00772    0.00306
 -0.25126    0.01956    0.01010    0.21428   -0.24519    0.16217    0.05352
  0.31986    0.00500   -0.15702   -0.24519    0.16879   -0.20547   -0.07587
 -0.20972   -0.42640    0.00772    0.16217   -0.20547    0.56754    0.04557
  0.15702    0.02861    0.00306    0.05352   -0.07587    0.04557    0.18704

 -0.00000    0.00002   -0.00015    0.00004   -0.00002   -0.00013    0.06946
 -0.00002    0.00000   -0.00025    0.00017    0.00004   -0.02148    0.00025
  0.00015    0.00025   -0.00000   -0.00006    0.01153   -0.00009   -0.00007
 -0.00004   -0.00017    0.00006    0.00000   -0.00013    0.00015   -0.00009
  0.00002   -0.00004   -0.01153    0.00013    0.00000   -0.00004    0.00015
  0.00013    0.02148    0.00009   -0.00015    0.00004   -0.00000   -0.00006
 -0.06946   -0.00025    0.00007    0.00009   -0.00015    0.00006    0.00000
 Symmetrized dmats spherical harmonics l= 3 ib 1 isp 2
  0.00970    0.00038    0.00404    0.00105   -0.00116    0.00044   -0.00016
  0.00038    0.00246    0.00039   -0.00054    0.00027    0.00208   -0.00047
  0.00404    0.00039    0.00764   -0.00012    0.00016   -0.00049    0.00038
  0.00105   -0.00054   -0.00012    0.01280    0.00050   -0.00016   -0.00057
 -0.00116    0.00027    0.00016    0.00050    0.00764    0.00097   -0.00395
  0.00044    0.00208   -0.00049   -0.00016    0.00097    0.00246   -0.00018
 -0.00016   -0.00047    0.00038   -0.00057   -0.00395   -0.00018    0.00970

 -0.00000    0.00000   -0.00001   -0.00000   -0.00000   -0.00000    0.00011
 -0.00000   -0.00000   -0.00001    0.00001   -0.00000    0.00007    0.00001
  0.00001    0.00001    0.00000    0.00000    0.00021   -0.00000   -0.00000
  0.00000   -0.00001   -0.00000   -0.00000   -0.00000    0.00001   -0.00000
  0.00000    0.00000   -0.00021    0.00000    0.00000    0.00000    0.00001
  0.00000   -0.00007    0.00000   -0.00001   -0.00000    0.00000    0.00000
 -0.00011   -0.00001    0.00000    0.00000   -0.00001   -0.00000    0.00000

Species Pr      mode 0 0 2 2 U 0.00  0.00  0.47  0.54 J 0.00  0.00  0.00  0.07
symdmu (warning):  2 symops rotate z axis

symdmu (warning):  2 symops rotate z axis
 sudmtu:  RMS change in vorb from symmetrization =   0.007176

 Symmetrized vorb real harmonics l= 2 ib 1 isp 1
  0.21842   -0.00012    0.00035   -0.00012   -0.00001
 -0.00012    0.21842   -0.00017   -0.00012    0.00030
  0.00035   -0.00017    0.19329   -0.00018   -0.00000
 -0.00012   -0.00012   -0.00018    0.21842   -0.00030
 -0.00001    0.00030   -0.00000   -0.00030    0.19329

 -0.00000   -0.00000   -0.00000    0.00000    0.00000
  0.00000   -0.00000   -0.00000   -0.00000   -0.00000
  0.00000    0.00000   -0.00000   -0.00000    0.00000
 -0.00000    0.00000    0.00000   -0.00000   -0.00000
 -0.00000    0.00000   -0.00000    0.00000   -0.00000
 Symmetrized vorb real harmonics l= 2 ib 1 isp 2
  0.22048   -0.00007    0.00071   -0.00007   -0.00009
 -0.00007    0.22048   -0.00028   -0.00007    0.00066
  0.00071   -0.00028    0.19535   -0.00043   -0.00000
 -0.00007   -0.00007   -0.00043    0.22048   -0.00057
 -0.00009    0.00066   -0.00000   -0.00057    0.19535

 -0.00000    0.00000    0.00000    0.00000    0.00000
 -0.00000   -0.00000   -0.00000    0.00000   -0.00000
 -0.00000    0.00000   -0.00000   -0.00000    0.00000
 -0.00000   -0.00000    0.00000   -0.00000   -0.00000
 -0.00000    0.00000   -0.00000    0.00000    0.00000
 Symmetrized vorb real harmonics l= 3 ib 1 isp 1
  0.05985    0.01359   -0.00539    0.11581   -0.15628    0.10586    0.02026
  0.01359   -0.25378    0.02755   -0.02761    0.00627    0.01346   -0.03008
 -0.00539    0.02755    0.24819   -0.02265    0.00940   -0.00253   -0.01468
  0.11581   -0.02761   -0.02265    0.12526    0.11251   -0.08983   -0.01112
 -0.15628    0.00627    0.00940    0.11251    0.07423    0.10723    0.05030
  0.10586    0.01346   -0.00253   -0.08983    0.10723    0.18277   -0.02930
  0.02026   -0.03008   -0.01468   -0.01112    0.05030   -0.02930    0.23381

 -0.00000   -0.00024    0.00028    0.00028    0.00044    0.00032    0.00003
  0.00024    0.00000    0.00013   -0.00027    0.00020   -0.00004   -0.00019
 -0.00028   -0.00013    0.00000   -0.00037    0.00003    0.00024    0.00042
 -0.00028    0.00027    0.00037   -0.00000    0.00031   -0.00028    0.00025
 -0.00044   -0.00020   -0.00003   -0.00031    0.00000   -0.00028   -0.00028
 -0.00032    0.00004   -0.00024    0.00028    0.00028   -0.00000   -0.00036
 -0.00003    0.00019   -0.00042   -0.00025    0.00028    0.00036    0.00000
 Symmetrized vorb real harmonics l= 3 ib 1 isp 2
  0.22821    0.00103   -0.00463   -0.01035    0.01407   -0.00788    0.00246
  0.00103    0.27675    0.00341   -0.00291    0.00015    0.00207   -0.00356
 -0.00463    0.00341    0.21484    0.00410   -0.00012    0.00433   -0.00091
 -0.01035   -0.00291    0.00410    0.21871   -0.00630    0.00763    0.00229
  0.01407    0.00015   -0.00012   -0.00630    0.22961   -0.01240    0.00081
 -0.00788    0.00207    0.00433    0.00763   -0.01240    0.22433    0.00252
  0.00246   -0.00356   -0.00091    0.00229    0.00081    0.00252    0.21344

 -0.00000   -0.00022    0.00027    0.00004    0.00007    0.00006    0.00000
  0.00022   -0.00000    0.00018   -0.00028    0.00017    0.00001   -0.00023
 -0.00027   -0.00018    0.00000   -0.00005   -0.00000    0.00004    0.00007
 -0.00004    0.00028    0.00005   -0.00000    0.00005   -0.00027    0.00004
 -0.00007   -0.00017    0.00000   -0.00005   -0.00000   -0.00004   -0.00027
 -0.00006   -0.00001   -0.00004    0.00027    0.00004   -0.00000   -0.00005
 -0.00000    0.00023   -0.00007   -0.00004    0.00027    0.00005    0.00000

 Vorb spherical harmonics l= 2 ib 1 isp 1
  0.20585   -0.00012    0.00035   -0.00012   -0.01256
 -0.00012    0.21842   -0.00017   -0.00000    0.00030
  0.00035   -0.00017    0.19329   -0.00018   -0.00000
 -0.00012   -0.00000   -0.00018    0.21842   -0.00030
 -0.01256    0.00030   -0.00000   -0.00030    0.20585

  0.00000   -0.00000   -0.00000    0.00000   -0.00001
  0.00000    0.00000   -0.00000    0.00012   -0.00000
  0.00000    0.00000   -0.00000   -0.00000    0.00000
 -0.00000   -0.00012    0.00000    0.00000   -0.00000
  0.00001    0.00000   -0.00000    0.00000   -0.00000
 Vorb spherical harmonics l= 2 ib 1 isp 2
  0.20792   -0.00007    0.00071   -0.00007   -0.01257
 -0.00007    0.22048   -0.00028   -0.00000    0.00066
  0.00071   -0.00028    0.19535   -0.00043   -0.00000
 -0.00007   -0.00000   -0.00043    0.22048   -0.00057
 -0.01257    0.00066   -0.00000   -0.00057    0.20792

  0.00000    0.00000    0.00000    0.00000   -0.00009
 -0.00000    0.00000   -0.00000    0.00007   -0.00000
 -0.00000    0.00000   -0.00000   -0.00000    0.00000
 -0.00000   -0.00007    0.00000    0.00000   -0.00000
  0.00009    0.00000   -0.00000    0.00000   -0.00000
 Vorb spherical harmonics l= 3 ib 1 isp 1
  0.14679    0.01359   -0.00539    0.11581   -0.15628    0.10586   -0.08698
  0.01359   -0.03546    0.02755   -0.02761    0.00627    0.21828   -0.03008
 -0.00539    0.02755    0.16118   -0.02265    0.08698   -0.00253   -0.01468
  0.11581   -0.02761   -0.02265    0.12526    0.11251   -0.08983   -0.01112
 -0.15628    0.00627    0.08698    0.11251    0.16123    0.10723    0.05030
  0.10586    0.21828   -0.00253   -0.08983    0.10723   -0.03554   -0.02930
 -0.08698   -0.03008   -0.01468   -0.01112    0.05030   -0.02930    0.14686

 -0.00000   -0.00024    0.00028    0.00028    0.00044    0.00032   -0.02026
  0.00024   -0.00000    0.00013   -0.00027    0.00020    0.01346   -0.00019
 -0.00028   -0.00013    0.00000   -0.00037   -0.00940    0.00024    0.00042
 -0.00028    0.00027    0.00037   -0.00000    0.00031   -0.00028    0.00025
 -0.00044   -0.00020    0.00940   -0.00031   -0.00000   -0.00028   -0.00028
 -0.00032   -0.01346   -0.00024    0.00028    0.00028    0.00000   -0.00036
  0.02026    0.00019   -0.00042   -0.00025    0.00028    0.00036    0.00000
 Vorb spherical harmonics l= 3 ib 1 isp 2
  0.22082    0.00103   -0.00463   -0.01035    0.01407   -0.00788    0.00739
  0.00103    0.25054    0.00341   -0.00291    0.00015   -0.02621   -0.00356
 -0.00463    0.00341    0.22223    0.00410   -0.00739    0.00433   -0.00091
 -0.01035   -0.00291    0.00410    0.21871   -0.00630    0.00763    0.00229
  0.01407    0.00015   -0.00739   -0.00630    0.22222   -0.01240    0.00081
 -0.00788   -0.02621    0.00433    0.00763   -0.01240    0.25055    0.00252
  0.00739   -0.00356   -0.00091    0.00229    0.00081    0.00252    0.22082

 -0.00000   -0.00022    0.00027    0.00004    0.00007    0.00006   -0.00246
  0.00022   -0.00000    0.00018   -0.00028    0.00017    0.00207   -0.00023
 -0.00027   -0.00018   -0.00000   -0.00005    0.00012    0.00004    0.00007
 -0.00004    0.00028    0.00005   -0.00000    0.00005   -0.00027    0.00004
 -0.00007   -0.00017   -0.00012   -0.00005    0.00000   -0.00004   -0.00027
 -0.00006   -0.00207   -0.00004    0.00027    0.00004    0.00000   -0.00005
  0.00246    0.00023   -0.00007   -0.00004    0.00027    0.00005    0.00000
 m_qplistinit:start
  --- Readin syml file --- 
   41   0.0000   0.0000   0.0000    1.0000   0.0000   0.0000 G X
   21   1.0000   0.0000   0.0000    1.0000   0.5000   0.0000 X W
   41   1.0000   0.5000   0.0000    0.5000   0.5000   0.5000 W L
   41   0.5000   0.5000   0.5000    0.0000   0.0000   0.0000 L G
   41   0.0000   0.0000   0.0000    0.7500   0.7500   0.0000 G K
   21   0.7500   0.7500   0.0000    1.0000   1.0000   0.0000 K X
nsyml nkp=    6  206
 -------- qplist --------           6
    1   0.000   0.000   0.000  <-- isyml= 001
    2   0.025   0.000   0.000 
    3   0.050   0.000   0.000 
    4   0.075   0.000   0.000 
    5   0.100   0.000   0.000 
    6   0.125   0.000   0.000 
    7   0.150   0.000   0.000 
    8   0.175   0.000   0.000 
    9   0.200   0.000   0.000 
   10   0.225   0.000   0.000 
   11   0.250   0.000   0.000 
   12   0.275   0.000   0.000 
   13   0.300   0.000   0.000 
   14   0.325   0.000   0.000 
   15   0.350   0.000   0.000 
   16   0.375   0.000   0.000 
   17   0.400   0.000   0.000 
   18   0.425   0.000   0.000 
   19   0.450   0.000   0.000 
   20   0.475   0.000   0.000 
   21   0.500   0.000   0.000 
   22   0.525   0.000   0.000 
   23   0.550   0.000   0.000 
   24   0.575   0.000   0.000 
   25   0.600   0.000   0.000 
   26   0.625   0.000   0.000 
   27   0.650   0.000   0.000 
   28   0.675   0.000   0.000 
   29   0.700   0.000   0.000 
   30   0.725   0.000   0.000 
   31   0.750   0.000   0.000 
   32   0.775   0.000   0.000 
   33   0.800   0.000   0.000 
   34   0.825   0.000   0.000 
   35   0.850   0.000   0.000 
   36   0.875   0.000   0.000 
   37   0.900   0.000   0.000 
   38   0.925   0.000   0.000 
   39   0.950   0.000   0.000 
   40   0.975   0.000   0.000 
   41   1.000   0.000   0.000 
   42   1.000   0.000   0.000  <-- isyml= 002
   43   1.000   0.025   0.000 
   44   1.000   0.050   0.000 
   45   1.000   0.075   0.000 
   46   1.000   0.100   0.000 
   47   1.000   0.125   0.000 
   48   1.000   0.150   0.000 
   49   1.000   0.175   0.000 
   50   1.000   0.200   0.000 
   51   1.000   0.225   0.000 
   52   1.000   0.250   0.000 
   53   1.000   0.275   0.000 
   54   1.000   0.300   0.000 
   55   1.000   0.325   0.000 
   56   1.000   0.350   0.000 
   57   1.000   0.375   0.000 
   58   1.000   0.400   0.000 
   59   1.000   0.425   0.000 
   60   1.000   0.450   0.000 
   61   1.000   0.475   0.000 
   62   1.000   0.500   0.000 
   63   1.000   0.500   0.000  <-- isyml= 003
   64   0.987   0.500   0.013 
   65   0.975   0.500   0.025 
   66   0.963   0.500   0.037 
   67   0.950   0.500   0.050 
   68   0.938   0.500   0.062 
   69   0.925   0.500   0.075 
   70   0.912   0.500   0.087 
   71   0.900   0.500   0.100 
   72   0.888   0.500   0.113 
   73   0.875   0.500   0.125 
   74   0.863   0.500   0.138 
   75   0.850   0.500   0.150 
   76   0.838   0.500   0.163 
   77   0.825   0.500   0.175 
   78   0.812   0.500   0.188 
   79   0.800   0.500   0.200 
   80   0.787   0.500   0.212 
   81   0.775   0.500   0.225 
   82   0.762   0.500   0.237 
   83   0.750   0.500   0.250 
   84   0.738   0.500   0.263 
   85   0.725   0.500   0.275 
   86   0.713   0.500   0.287 
   87   0.700   0.500   0.300 
   88   0.688   0.500   0.312 
   89   0.675   0.500   0.325 
   90   0.662   0.500   0.338 
   91   0.650   0.500   0.350 
   92   0.637   0.500   0.362 
   93   0.625   0.500   0.375 
   94   0.613   0.500   0.388 
   95   0.600   0.500   0.400 
   96   0.588   0.500   0.412 
   97   0.575   0.500   0.425 
   98   0.562   0.500   0.438 
   99   0.550   0.500   0.450 
  100   0.537   0.500   0.463 
  101   0.525   0.500   0.475 
  102   0.512   0.500   0.487 
  103   0.500   0.500   0.500 
  104   0.500   0.500   0.500  <-- isyml= 004
  105   0.487   0.487   0.487 
  106   0.475   0.475   0.475 
  107   0.463   0.463   0.463 
  108   0.450   0.450   0.450 
  109   0.438   0.438   0.438 
  110   0.425   0.425   0.425 
  111   0.412   0.412   0.412 
  112   0.400   0.400   0.400 
  113   0.388   0.388   0.388 
  114   0.375   0.375   0.375 
  115   0.362   0.362   0.362 
  116   0.350   0.350   0.350 
  117   0.338   0.338   0.338 
  118   0.325   0.325   0.325 
  119   0.312   0.312   0.312 
  120   0.300   0.300   0.300 
  121   0.287   0.287   0.287 
  122   0.275   0.275   0.275 
  123   0.263   0.263   0.263 
  124   0.250   0.250   0.250 
  125   0.237   0.237   0.237 
  126   0.225   0.225   0.225 
  127   0.213   0.213   0.213 
  128   0.200   0.200   0.200 
  129   0.188   0.188   0.188 
  130   0.175   0.175   0.175 
  131   0.162   0.162   0.162 
  132   0.150   0.150   0.150 
  133   0.138   0.138   0.138 
  134   0.125   0.125   0.125 
  135   0.112   0.112   0.112 
  136   0.100   0.100   0.100 
  137   0.088   0.088   0.088 
  138   0.075   0.075   0.075 
  139   0.062   0.062   0.062 
  140   0.050   0.050   0.050 
  141   0.037   0.037   0.037 
  142   0.025   0.025   0.025 
  143   0.013   0.013   0.013 
  144   0.000   0.000   0.000 
  145   0.000   0.000   0.000  <-- isyml= 005
  146   0.019   0.019   0.000 
  147   0.038   0.038   0.000 
  148   0.056   0.056   0.000 
  149   0.075   0.075   0.000 
  150   0.094   0.094   0.000 
  151   0.112   0.112   0.000 
  152   0.131   0.131   0.000 
  153   0.150   0.150   0.000 
  154   0.169   0.169   0.000 
  155   0.188   0.188   0.000 
  156   0.206   0.206   0.000 
  157   0.225   0.225   0.000 
  158   0.244   0.244   0.000 
  159   0.262   0.262   0.000 
  160   0.281   0.281   0.000 
  161   0.300   0.300   0.000 
  162   0.319   0.319   0.000 
  163   0.338   0.338   0.000 
  164   0.356   0.356   0.000 
  165   0.375   0.375   0.000 
  166   0.394   0.394   0.000 
  167   0.413   0.413   0.000 
  168   0.431   0.431   0.000 
  169   0.450   0.450   0.000 
  170   0.469   0.469   0.000 
  171   0.488   0.488   0.000 
  172   0.506   0.506   0.000 
  173   0.525   0.525   0.000 
  174   0.544   0.544   0.000 
  175   0.562   0.562   0.000 
  176   0.581   0.581   0.000 
  177   0.600   0.600   0.000 
  178   0.619   0.619   0.000 
  179   0.637   0.637   0.000 
  180   0.656   0.656   0.000 
  181   0.675   0.675   0.000 
  182   0.694   0.694   0.000 
  183   0.712   0.712   0.000 
  184   0.731   0.731   0.000 
  185   0.750   0.750   0.000 
  186   0.750   0.750   0.000  <-- isyml= 006
  187   0.762   0.762   0.000 
  188   0.775   0.775   0.000 
  189   0.787   0.787   0.000 
  190   0.800   0.800   0.000 
  191   0.812   0.812   0.000 
  192   0.825   0.825   0.000 
  193   0.838   0.838   0.000 
  194   0.850   0.850   0.000 
  195   0.863   0.863   0.000 
  196   0.875   0.875   0.000 
  197   0.887   0.887   0.000 
  198   0.900   0.900   0.000 
  199   0.912   0.912   0.000 
  200   0.925   0.925   0.000 
  201   0.938   0.938   0.000 
  202   0.950   0.950   0.000 
  203   0.963   0.963   0.000 
  204   0.975   0.975   0.000 
  205   0.988   0.988   0.000 
  206   1.000   1.000   0.000 
lmv7: Read rst version ID=  2.00

 iors  : read rst restart file (binary mesh density)
          use from  restart file:use window, pnu,
          ignore in restart file:

 Basis, after reading restart file
 site spec        pos (Cartesian coordinates)         pos (multiples of plat)
   1        Pr  0.000000   0.000000   0.000000    0.000000   0.000000   0.000000
   2         N  0.500000   0.500000   0.500000    0.500000   0.500000   0.500000

--- BNDFP:  begin iteration 1 of 1
 m_mkpot_init: Making one-particle potential ...
  esmsmves: ESM is not turned on, you need esm_input.dat for ESM mode
  smves: avg es pot at rmt= 0.618615  avg sphere pot= 0.000000  vconst=-0.618615
   smooth rhoves     43.411940   charge    11.578110
  smvxcm: all smrho_w is positive
  smvxc2: smooth isp rhoeps rhomu vxcavg= 1 -4.831057 -6.328224 -0.771524
  smvxc2: smooth isp rhoeps rhomu vxcavg= 2 -4.727071 -6.164775 -0.764935
  locpot:
   site  1  z= 59.0  rmt= 2.83000  nr=777   a=0.015  nlml=25  rg=0.708  Vfloat=T
    sm core charge in MT=  1.043475 =total-spillout=  1.069170 -  0.025695
 ibas l=  1  0 pnu(1:nsp) pnz(1:nsp)=   6.50000   6.50000   0.00000   0.00000
 ibas l=  1  1 pnu(1:nsp) pnz(1:nsp)=   6.50000   6.50000   5.92196   5.92196
 ibas l=  1  2 pnu(1:nsp) pnz(1:nsp)=   5.83225   5.83225   0.00000   0.00000
 ibas l=  1  3 pnu(1:nsp) pnz(1:nsp)=   4.91143   4.91143   5.50000   5.50000
 ibas l=  1  4 pnu(1:nsp) pnz(1:nsp)=   5.11085   5.11085   0.00000   0.00000
     potential shift to crystal energy zero:    0.000225
   site  2  z=  7.0  rmt= 1.90000  nr=451   a=0.015  nlml=25  rg=0.475  Vfloat=T
 ibas l=  2  0 pnu(1:nsp) pnz(1:nsp)=   2.88302   2.88302   0.00000   0.00000
 ibas l=  2  1 pnu(1:nsp) pnz(1:nsp)=   2.85483   2.85483   0.00000   0.00000
 ibas l=  2  2 pnu(1:nsp) pnz(1:nsp)=   3.24004   3.24004   0.00000   0.00000
 ibas l=  2  3 pnu(1:nsp) pnz(1:nsp)=   4.12590   4.12590   0.00000   0.00000
 ibas l=  2  4 pnu(1:nsp) pnz(1:nsp)=   5.08769   5.08769   0.00000   0.00000
     potential shift to crystal energy zero:    0.000235
  mkpot:
   Energy terms:           smooth           local           total
   rhoval*veff            -29.450143      -144.631426      -174.081569
   rhoval*ves            -58.394702       -90.639836      -149.034539
   psnuc*ves             145.218582    -76109.905755    -75964.687173
   utot                   43.411940    -38100.272796    -38056.860856
   rho*exc                -9.558128      -422.737251      -432.295379
   rho*vxc               -12.492999      -560.894509      -573.387508
   valence chg            11.578110         4.421890        16.000000
   valence mag             0.176392         1.823613         2.000005
   core charge            50.000000        -0.000000        50.000000
   Charges:  valence    16.00000   cores    50.00000   nucleii   -66.00000
   hom background     0.00000   deviation from neutrality:     -0.00000

 m_bandcal_init: start
 bndfp: kpt     1 of   206 k=  0.0000  0.0000  0.0000 ndimh = nmto+napw =    70   55   15
 : ndimhx=   70 --> nev=   69 by HAM_OVEPS    0.10D-07
 bndfp: kpt     1 of   206 k=  0.0000  0.0000  0.0000 ndimh = nmto+napw =    70   55   15
 : ndimhx=   70 --> nev=   69 by HAM_OVEPS    0.10D-07
 bndfp: kpt     2 of   206 k=  0.0250  0.0000  0.0000 ndimh = nmto+napw =    70   55   15
 : ndimhx=   70 --> nev=   69 by HAM_OVEPS    0.10D-07
 bndfp: kpt     2 of   206 k=  0.0250  0.0000  0.0000 ndimh = nmto+napw =    70   55   15
 : ndimhx=   70 --> nev=   69 by HAM_OVEPS    0.10D-07
 bndfp: kpt     3 of   206 k=  0.0500  0.0000  0.0000 ndimh = nmto+napw =    70   55   15
 : ndimhx=   70 --> nev=   69 by HAM_OVEPS    0.10D-07
 bndfp: kpt     3 of   206 k=  0.0500  0.0000  0.0000 ndimh = nmto+napw =    70   55   15
 : ndimhx=   70 --> nev=   69 by HAM_OVEPS    0.10D-07
 bndfp: kpt     4 of   206 k=  0.0750  0.0000  0.0000 ndimh = nmto+napw =    70   55   15
 : ndimhx=   70 --> nev=   69 by HAM_OVEPS    0.10D-07
 bndfp: kpt     4 of   206 k=  0.0750  0.0000  0.0000 ndimh = nmto+napw =    70   55   15
 : ndimhx=   70 --> nev=   69 by HAM_OVEPS    0.10D-07
 bndfp: kpt     5 of   206 k=  0.1000  0.0000  0.0000 ndimh = nmto+napw =    70   55   15
 : ndimhx=   70 --> nev=   69 by HAM_OVEPS    0.10D-07
 bndfp: kpt     5 of   206 k=  0.1000  0.0000  0.0000 ndimh = nmto+napw =    70   55   15
 : ndimhx=   70 --> nev=   69 by HAM_OVEPS    0.10D-07
 bndfp: kpt     6 of   206 k=  0.1250  0.0000  0.0000 ndimh = nmto+napw =    70   55   15
 : ndimhx=   70 --> nev=   69 by HAM_OVEPS    0.10D-07
 bndfp: kpt     6 of   206 k=  0.1250  0.0000  0.0000 ndimh = nmto+napw =    70   55   15
 : ndimhx=   70 --> nev=   69 by HAM_OVEPS    0.10D-07
 bndfp: kpt     7 of   206 k=  0.1500  0.0000  0.0000 ndimh = nmto+napw =    70   55   15
 : ndimhx=   70 --> nev=   69 by HAM_OVEPS    0.10D-07
 bndfp: kpt     7 of   206 k=  0.1500  0.0000  0.0000 ndimh = nmto+napw =    70   55   15
 : ndimhx=   70 --> nev=   69 by HAM_OVEPS    0.10D-07
 bndfp: kpt     8 of   206 k=  0.1750  0.0000  0.0000 ndimh = nmto+napw =    70   55   15
 : ndimhx=   70 --> nev=   69 by HAM_OVEPS    0.10D-07
 bndfp: kpt     8 of   206 k=  0.1750  0.0000  0.0000 ndimh = nmto+napw =    70   55   15
 : ndimhx=   70 --> nev=   69 by HAM_OVEPS    0.10D-07
 bndfp: kpt     9 of   206 k=  0.2000  0.0000  0.0000 ndimh = nmto+napw =    70   55   15
 : ndimhx=   70 --> nev=   69 by HAM_OVEPS    0.10D-07
 bndfp: kpt     9 of   206 k=  0.2000  0.0000  0.0000 ndimh = nmto+napw =    70   55   15
 : ndimhx=   70 --> nev=   69 by HAM_OVEPS    0.10D-07
 bndfp: kpt    10 of   206 k=  0.2250  0.0000  0.0000 ndimh = nmto+napw =    70   55   15
 : ndimhx=   70 --> nev=   69 by HAM_OVEPS    0.10D-07
 bndfp: kpt    10 of   206 k=  0.2250  0.0000  0.0000 ndimh = nmto+napw =    70   55   15
 : ndimhx=   70 --> nev=   69 by HAM_OVEPS    0.10D-07
 bndfp: kpt    11 of   206 k=  0.2500  0.0000  0.0000 ndimh = nmto+napw =    70   55   15
 : ndimhx=   70 --> nev=   69 by HAM_OVEPS    0.10D-07
 bndfp: kpt    11 of   206 k=  0.2500  0.0000  0.0000 ndimh = nmto+napw =    70   55   15
 : ndimhx=   70 --> nev=   69 by HAM_OVEPS    0.10D-07
 bndfp: kpt    12 of   206 k=  0.2750  0.0000  0.0000 ndimh = nmto+napw =    70   55   15
 : ndimhx=   70 --> nev=   69 by HAM_OVEPS    0.10D-07
 bndfp: kpt    12 of   206 k=  0.2750  0.0000  0.0000 ndimh = nmto+napw =    70   55   15
 : ndimhx=   70 --> nev=   69 by HAM_OVEPS    0.10D-07
 bndfp: kpt    13 of   206 k=  0.3000  0.0000  0.0000 ndimh = nmto+napw =    70   55   15
 : ndimhx=   70 --> nev=   69 by HAM_OVEPS    0.10D-07
 bndfp: kpt    13 of   206 k=  0.3000  0.0000  0.0000 ndimh = nmto+napw =    70   55   15
 : ndimhx=   70 --> nev=   69 by HAM_OVEPS    0.10D-07
 bndfp: kpt    14 of   206 k=  0.3250  0.0000  0.0000 ndimh = nmto+napw =    70   55   15
 : ndimhx=   70 --> nev=   69 by HAM_OVEPS    0.10D-07
 bndfp: kpt    14 of   206 k=  0.3250  0.0000  0.0000 ndimh = nmto+napw =    70   55   15
 : ndimhx=   70 --> nev=   69 by HAM_OVEPS    0.10D-07
 bndfp: kpt    15 of   206 k=  0.3500  0.0000  0.0000 ndimh = nmto+napw =    70   55   15
 : ndimhx=   70 --> nev=   69 by HAM_OVEPS    0.10D-07
 bndfp: kpt    15 of   206 k=  0.3500  0.0000  0.0000 ndimh = nmto+napw =    70   55   15
 : ndimhx=   70 --> nev=   69 by HAM_OVEPS    0.10D-07
 bndfp: kpt    16 of   206 k=  0.3750  0.0000  0.0000 ndimh = nmto+napw =    70   55   15
 : ndimhx=   70 --> nev=   69 by HAM_OVEPS    0.10D-07
 bndfp: kpt    16 of   206 k=  0.3750  0.0000  0.0000 ndimh = nmto+napw =    70   55   15
 : ndimhx=   70 --> nev=   69 by HAM_OVEPS    0.10D-07
 bndfp: kpt    17 of   206 k=  0.4000  0.0000  0.0000 ndimh = nmto+napw =    70   55   15
 : ndimhx=   70 --> nev=   69 by HAM_OVEPS    0.10D-07
 bndfp: kpt    17 of   206 k=  0.4000  0.0000  0.0000 ndimh = nmto+napw =    70   55   15
 : ndimhx=   70 --> nev=   69 by HAM_OVEPS    0.10D-07
 bndfp: kpt    18 of   206 k=  0.4250  0.0000  0.0000 ndimh = nmto+napw =    70   55   15
 : ndimhx=   70 --> nev=   69 by HAM_OVEPS    0.10D-07
 bndfp: kpt    18 of   206 k=  0.4250  0.0000  0.0000 ndimh = nmto+napw =    70   55   15
 : ndimhx=   70 --> nev=   69 by HAM_OVEPS    0.10D-07
 bndfp: kpt    19 of   206 k=  0.4500  0.0000  0.0000 ndimh = nmto+napw =    70   55   15
 : ndimhx=   70 --> nev=   69 by HAM_OVEPS    0.10D-07
 bndfp: kpt    19 of   206 k=  0.4500  0.0000  0.0000 ndimh = nmto+napw =    70   55   15
 : ndimhx=   70 --> nev=   69 by HAM_OVEPS    0.10D-07
 bndfp: kpt    20 of   206 k=  0.4750  0.0000  0.0000 ndimh = nmto+napw =    70   55   15
 : ndimhx=   70 --> nev=   69 by HAM_OVEPS    0.10D-07
 bndfp: kpt    20 of   206 k=  0.4750  0.0000  0.0000 ndimh = nmto+napw =    70   55   15
 : ndimhx=   70 --> nev=   69 by HAM_OVEPS    0.10D-07
 bndfp: kpt    21 of   206 k=  0.5000  0.0000  0.0000 ndimh = nmto+napw =    70   55   15
 : ndimhx=   70 --> nev=   69 by HAM_OVEPS    0.10D-07
 bndfp: kpt    21 of   206 k=  0.5000  0.0000  0.0000 ndimh = nmto+napw =    70   55   15
 : ndimhx=   70 --> nev=   69 by HAM_OVEPS    0.10D-07
 bndfp: kpt    22 of   206 k=  0.5250  0.0000  0.0000 ndimh = nmto+napw =    70   55   15
 : ndimhx=   70 --> nev=   69 by HAM_OVEPS    0.10D-07
 bndfp: kpt    22 of   206 k=  0.5250  0.0000  0.0000 ndimh = nmto+napw =    70   55   15
