INFO: Ubuntu 20.04.4 LTS \n \l
INFO: GNU Fortran (Ubuntu 9.4.0-1ubuntu1~20.04.1) 9.4.0
INFO: -O2 -g -fimplicit-none -ffixed-line-length-132 -JOBJ.gfortran -IOBJ.gfortran
INFO: MATH: -lmkl_rt
INFO: git: commit 39c152841dcd21c4800f05b94a0404f4a0dcaec6
INFO:    : Author: Takao Kotani <takaokotani@gmail.com>
INFO:    : Date:   Sat Nov 19 08:13:36 2022 +0900
INFO: linked at Mon Nov 21 16:45:21 JST 2022
===START LMF with   ===
 mpisize=           4
  Token           Input   cast  (size,min,read,def)     result
 IO_VERBOS         opt    i4       1,  1,   1,  0       35
 IO_TIM            opt    i4v      2,  1,   2,  0       0  0
 CONST             opt    chr      1,  0,   *
 STRUC_ALAT        reqd   r8       1,  1,   1, --       9.9966504799999996
 STRUC_NBAS        reqd   i4       1,  1,   1, --       2
 STRUC_PLAT        reqd   r8v      9,  9,   9, --       0  0.5  0.5  0.5  0  0.5  0.5  0.5  0
 ... found 2 species in SPEC category
 HAM_NSPIN         opt    i4       1,  1,   1,  0       2
 HAM_REL           opt    i4       1,  1,   1,  0       1
 HAM_SO            opt    i4       1,  1,   1,  0       0
 HAM_GMAX          reqd   r8       1,  1,   1, --       12
 HAM_FRZWF         opt    lg       1,  1,   1,  0       F
 HAM_FORCES        opt    i4       1,  1,   1,  0       0
 HAM_XCFUN         opt    i4       1,  1,   1,  0       1
 HAM_RDSIG         opt    i4       1,  1,   1,  0       12
 HAM_ScaledSigma   opt    r8       1,  1,   1,  0       1
 HAM_OVEPS         opt    r8       1,  1,   1,  0       0.00000001
 HAM_PWMODE        opt    i4       1,  1,   1,  0       1
 ===> for --jobgw, pwmode is switched to be  1
 HAM_PWEMAX        opt    r8       1,  1,   1,  0       2
 SYMGRP            opt    chr      1,  0,   1           r3(1,1,1)
 SYMGRPAF          opt    chr      1,  0,   *
  --- Parameters for species data ---
 ... Species  1
 SPEC_ATOM         reqd   chr      1,  0,   1           Pr
 SPEC_ATOM_Z       reqd   r8       1,  1,   1, --       59
 SPEC_ATOM_R       reqd   r8       1,  1,   1, --       2.8300000000000001
 SPEC_ATOM_RSMH    reqd   r8v     10,  1,   4,  6       1.4199999999999999  1.4199999999999999  1.4199999999999999  1.4199999999999999  0  0  0  0  0  0
 SPEC_ATOM_EH      reqd   r8v     10,  4,   4,  6       -1 -1 -1 -1  0  0  0  0  0  0
 SPEC_ATOM_RSMH2   opt    r8v     10,  1,   4,  6       1.4199999999999999  1.4199999999999999  1.4199999999999999  1.4199999999999999  0  0  0  0  0  0
 SPEC_ATOM_EH2     reqd   r8v     10,  4,   4, --       -2 -2 -2 -2
 SPEC_ATOM_LMX     opt    i4       1,  1,   1,  0       3
 SPEC_ATOM_LMXA    opt    i4       1,  1,   1,  0       4
 SPEC_ATOM_MMOM    opt    r8v      5,  1,   4,  1       0  0  0  2  0
 SPEC_ATOM_NMCORE  opt    i4       1,  1,   1,  0       1
 SPEC_ATOM_PZ      opt    r8v      5,  1,   4,  1       0  5  0  5  0
 HAM_READP         opt    lg       1,  1,   1,  0       T
 READP=T: read pnu from atmpnu.*
 READP=T: read pnu from atmpnu.*
 HAM_PNUFIX        opt    lg       1,  1,   1,  0       T
 READP=T: read pnu from atmpnu.*
 READP=T: read pnu from atmpnu.*
 SPEC_ATOM_KMXA    opt    i4       1,  1,   1,  0       5
 SPEC_ATOM_IDU     opt    i4v      4,  1,   4,  0       0  0  12  12
 SPEC_ATOM_UH      opt    r8v      4,  1,   4,  0       0  0  0.47  0.535
 SPEC_ATOM_JH      opt    r8v      4,  1,   4,  0       0  0  0  0.0692
 SPEC_ATOM_C-HOLE  opt    chr      1,  0,   *
 ... Species  2
 SPEC_ATOM         reqd   chr      1,  0,   1           N
 SPEC_ATOM_Z       reqd   r8       1,  1,   1, --       7
 SPEC_ATOM_R       reqd   r8       1,  1,   1, --       1.8999999999999999
 SPEC_ATOM_RSMH    reqd   r8v     10,  1,   3,  7       0.95  0.95  0.95  0  0  0  0  0  0  0
 SPEC_ATOM_EH      reqd   r8v     10,  3,   3,  7       -1 -1 -1  0  0  0  0  0  0  0
 SPEC_ATOM_RSMH2   opt    r8v     10,  1,   2,  8       0.95  0.95  0  0  0  0  0  0  0  0
 SPEC_ATOM_EH2     reqd   r8v     10,  2,   2, --       -2 -2
 SPEC_ATOM_LMX     opt    i4       1,  1,   1,  0       3
 SPEC_ATOM_LMXA    opt    i4       1,  1,   1,  0       4
 SPEC_ATOM_NMCORE  opt    i4       1,  1,   1,  0       1
 READP=T: read pnu from atmpnu.*
 HAM_READP         opt    lg       1,  1,   1,  0       T
 READP=T: read pnu from atmpnu.*
 READP=T: read pnu from atmpnu.*
 HAM_PNUFIX        opt    lg       1,  1,   1,  0       T
 READP=T: read pnu from atmpnu.*
 SPEC_ATOM_KMXA    opt    i4       1,  1,   1,  0       5
 SPEC_ATOM_C-HOLE  opt    chr      1,  0,   *
  --- Parameters for site ---
 ... Site  1
 SITE_ATOM         reqd   chr      1,  0,   1           Pr
 SITE_ATOM_POS     reqd   r8v      3,  1,   3, --       0  0  0
 ... Site  2
 SITE_ATOM         reqd   chr      1,  0,   1           N
 SITE_ATOM_POS     reqd   r8v      3,  1,   3, --       0.5  0.5  0.5
  --- Parameters for Brillouin zone integration ---
 BZ_NKABC          reqd   i4v      3,  1,   3, --       8  8  8
 BZ_METAL          opt    i4       1,  1,   1,  0       3
 BZ_TETRA          opt    lg       1,  1,   1,  0       T
 BZ_N              opt    i4       1,  1,   1,  0       -1
 BZ_W              opt    r8       1,  1,   1,  0       0.01
 BZ_SAVDOS         opt    i4       1,  1,   1,  0       1
 BZ_NPTS           opt    i4       1,  1,   1,  0       2001
 BZ_DOSMAX         opt    r8       1,  1,   1,  0       1.5
 BZ_NOINV          opt    lg       1,  1,   1,  0       T
  --- Parameters for Ewald sums ---
  --- Parameters for iterations ---
 ITER_NIT          opt    i4       1,  1,   1,  0       80
 ITER_MIX          opt    chr      1,  0,   1           A8,b=.2
 ITER_CONV         opt    r8       1,  1,   1,  0       0.00001
 ITER_CONVC        opt    r8       1,  1,   1,  0       0.00001
  --- Parameters for dynamics and statics ---
  bndfp (warning): no sigm file found ... LDA calculation only
pnuall: j isp pnu= 1 1 6.500000  6.500000  5.832247  4.911428  5.110854
pnzall: j isp  pz= 1 1 0.000000  5.921959  0.000000  5.500000  0.000000
pnuall: j isp pnu= 1 2 6.500000  6.500000  5.832247  4.911428  5.110854
pnzall: j isp  pz= 1 2 0.000000  5.921959  0.000000  5.500000  0.000000
pnuall: j isp pnu= 2 1 2.883018  2.854834  3.240044  4.125903  5.087686
pnzall: j isp  pz= 2 1 0.000000  0.000000  0.000000  0.000000  0.000000
pnuall: j isp pnu= 2 2 2.883018  2.854834  3.240044  4.125903  5.087686
pnzall: j isp  pz= 2 2 0.000000  0.000000  0.000000  0.000000  0.000000
suldau:   2  U block(s)  lmaxu = 3
suldau:   2  U block(s)  lmaxu = 3
suldau:   2  U block(s)  lmaxu = 3
suldau:   2  U block(s)  lmaxu = 3


mmm === MTO setting ===
mmm ispec lmxb lpz nkapii nkaphh=    1    3    1    2    2
mmm rsmh1    1  1.42  1.42  1.42  1.42
mmm   eh1    1 -1.00 -1.00 -1.00 -1.00
mmm rsmh2    1  1.42  1.42  1.42  1.42
mmm  eh2     1 -2.00 -2.00 -2.00 -2.00
mmm pz       1  0.00  5.92  0.00  5.50
mmm lh       3  3  3
mmm ispec lmxb lpz nkapii nkaphh=    2    2    0    2    2
mmm rsmh1    2  0.95  0.95  0.95
 imx=           3           3           3
mmm   eh1    2 -1.00 -1.00 -1.00
mmm rsmh2    2  0.95  0.95
mmm  eh2     2 -2.00 -2.00
mmm lh       2  1 -1
 imx=           3           3           3
 imx=           3           3           3
 imx=           3           3           3

 imx=           3           3           3
 imx=           3           3           3
                Plat                                  Qlat
   0.000000   0.500000   0.500000       -1.000000   1.000000   1.000000
   0.500000   0.000000   0.500000        1.000000  -1.000000   1.000000
   0.500000   0.500000   0.000000        1.000000   1.000000  -1.000000
  Cell vol=   249.748870
 imx=           3           3           3
 imx=           3           3           3

 LATTC:  as= 2.000   tol= 1.00E-08   alat= 9.99665   awald= 0.318
         r1=  1.860   nkd=  87      q1=  5.581   nkg= 169
 Order of generator  1 is 3
SGROUP:  3 symmetry operations from 1
 ig group op
   1  i*i                                
   2  r3d                                
   3  r3(-1,-1,-1)                       
MKSYM: found  3  space group operations
       adding inversion gives 6  operations
SPLCLS: ibas iclass ispec label(ispec)
 SPLCLS     1    1    1     Pr
 SPLCLS     2    2    2     N
 BZMESH:     90 irreducible QP from    8   8   8 shift=FFF
 TETIRR: sorting     3072 tetrahedra ...
     494 inequivalent tetrahedron=
MSHSIZ: mesh has 24 x 24 x 24 divisions; length =     0.295     0.295     0.295
      generated from gmax (a.u.)=     12.1100: 7583 vectors of 13824 (54%)
gvlst2: gmax=  12.110 a.u. created 7583 vectors of 13824 ( 54 %)
 SGVSYM: 2543 symmetry stars found for 7583 reciprocal lattice vectors

 sugcut:  make orbital-dependent reciprocal vector cutoffs for tol= 1.00E-06
 spec      l    rsm    eh     gmax    last term    cutoff
  Pr       0*   1.42  -1.00   5.235    1.31E-06     609 
  Pr       1*   1.42  -1.00   5.550    1.46E-06     725 
  Pr       2*   1.42  -1.00   5.867    1.80E-06     869 
  Pr       3    1.42  -1.00   6.185    1.16E-06     965 
  Pr       0*   1.42  -2.00   5.235    1.31E-06     609 
  Pr       1*   1.42  -2.00   5.550    1.46E-06     725 
  Pr       2*   1.42  -2.00   5.867    1.80E-06     869 
  Pr       3    1.42  -2.00   6.185    1.16E-06     965 
  N        0*   0.95  -1.00   7.825    1.31E-06    1989 
  N        1*   0.95  -1.00   8.406    1.28E-06    2445 
  N        2    0.95  -1.00   8.983    1.02E-06    3119 
  N        0*   0.95  -2.00   7.825    1.31E-06    1989 
  N        1    0.95  -2.00   8.406    1.28E-06    2445 
suham: PW basis Emin Emax 0.000  2.000 npw ndham 15 70
  sudmtu: reading density matrix from file dmats in spherical harmonics
symdmu (warning):  2 symops rotate z axis
symdmu (warning):  2 symops rotate z axis
symdmu (warning):  2 symops rotate z axis
symdmu (warning):  2 symops rotate z axis
symdmu (warning):  2 symops rotate z axis
symdmu (warning):  2 symops rotate z axis


sudmtu:  RMS change in dmats from symmetrization  0.000000

 Symmetrized dmats real harmonics l= 2 ib 1 isp 1
  0.03529    0.00079   -0.00074    0.00079    0.00005
  0.00079    0.03529    0.00033    0.00079   -0.00066
 -0.00074    0.00033    0.08874    0.00041   -0.00000
  0.00079    0.00079    0.00041    0.03529    0.00062
  0.00005   -0.00066   -0.00000    0.00062    0.08874

 -0.00000   -0.00000   -0.00000    0.00000    0.00000
  0.00000   -0.00000   -0.00000   -0.00000   -0.00000
  0.00000    0.00000    0.00000   -0.00000    0.00000
 -0.00000    0.00000    0.00000   -0.00000   -0.00000
 -0.00000    0.00000   -0.00000    0.00000   -0.00000
 Symmetrized dmats real harmonics l= 2 ib 1 isp 2
  0.03088    0.00044   -0.00151    0.00044    0.00055
  0.00044    0.03088    0.00028    0.00044   -0.00158
 -0.00151    0.00028    0.08436    0.00123   -0.00000
  0.00044    0.00044    0.00123    0.03088    0.00103
  0.00055   -0.00158   -0.00000    0.00103    0.08436

 -0.00000   -0.00000    0.00000    0.00000    0.00000
  0.00000   -0.00000   -0.00000   -0.00000   -0.00000
 -0.00000    0.00000   -0.00000   -0.00000    0.00000
 -0.00000    0.00000    0.00000   -0.00000   -0.00000
 -0.00000    0.00000   -0.00000    0.00000   -0.00000
 Symmetrized dmats real harmonics l= 3 ib 1 isp 1
  0.34394   -0.00231   -0.00523   -0.25126    0.31986   -0.20972   -0.06945
 -0.00231    0.99412   -0.02896    0.01956    0.00500   -0.02148    0.02862
 -0.00523   -0.02896    0.01166    0.01010   -0.01154    0.00773    0.00306
 -0.25126    0.01956    0.01010    0.21427   -0.24519    0.16217    0.05351
  0.31986    0.00500   -0.01154   -0.24519    0.32571   -0.20547   -0.07586
 -0.20972   -0.02148    0.00773    0.16217   -0.20547    0.14133    0.04557
 -0.06945    0.02862    0.00306    0.05351   -0.07586    0.04557    0.02990

 -0.00000    0.00002   -0.00015    0.00004   -0.00002   -0.00013    0.00011
 -0.00002    0.00000   -0.00025    0.00017    0.00004   -0.00018    0.00025
  0.00015    0.00025    0.00000   -0.00006    0.00011   -0.00009   -0.00007
 -0.00004   -0.00017    0.00006    0.00000   -0.00013    0.00015   -0.00009
  0.00002   -0.00004   -0.00011    0.00013    0.00000   -0.00004    0.00015
  0.00013    0.00018    0.00009   -0.00015    0.00004    0.00000   -0.00006
 -0.00011   -0.00025    0.00007    0.00009   -0.00015    0.00006    0.00000
 Symmetrized dmats real harmonics l= 3 ib 1 isp 2
  0.00954    0.00038    0.00404    0.00105   -0.00116    0.00044   -0.00011
  0.00038    0.00038    0.00039   -0.00054    0.00027    0.00007   -0.00047
  0.00404    0.00039    0.00779   -0.00012   -0.00021   -0.00049    0.00038
  0.00105   -0.00054   -0.00012    0.01279    0.00050   -0.00016   -0.00057
 -0.00116    0.00027   -0.00021    0.00050    0.00748    0.00097   -0.00395
  0.00044    0.00007   -0.00049   -0.00016    0.00097    0.00454   -0.00018
 -0.00011   -0.00047    0.00038   -0.00057   -0.00395   -0.00018    0.00986

  0.00000    0.00000   -0.00001   -0.00000   -0.00000   -0.00000   -0.00000
 -0.00000   -0.00000   -0.00001    0.00001   -0.00000   -0.00000    0.00001
  0.00001    0.00001   -0.00000    0.00000   -0.00000   -0.00000   -0.00000
  0.00000   -0.00001   -0.00000   -0.00000   -0.00000    0.00001   -0.00000
  0.00000    0.00000    0.00000    0.00000   -0.00000    0.00000    0.00001
  0.00000    0.00000    0.00000   -0.00001   -0.00000   -0.00000    0.00000
  0.00000   -0.00001    0.00000    0.00000   -0.00001   -0.00000   -0.00000

 Symmetrized dmats spherical harmonics l= 2 ib 1 isp 1
  0.06202    0.00079   -0.00074    0.00079    0.02673
  0.00079    0.03529    0.00033   -0.00000   -0.00066
 -0.00074    0.00033    0.08874    0.00041   -0.00000
  0.00079   -0.00000    0.00041    0.03529    0.00062
  0.02673   -0.00066   -0.00000    0.00062    0.06202

 -0.00000   -0.00000   -0.00000    0.00000    0.00005
  0.00000    0.00000   -0.00000   -0.00079   -0.00000
  0.00000    0.00000    0.00000   -0.00000    0.00000
 -0.00000    0.00079    0.00000    0.00000   -0.00000
 -0.00005    0.00000   -0.00000    0.00000    0.00000
 Symmetrized dmats spherical harmonics l= 2 ib 1 isp 2
  0.05762    0.00044   -0.00151    0.00044    0.02674
  0.00044    0.03088    0.00028   -0.00000   -0.00158
 -0.00151    0.00028    0.08436    0.00123   -0.00000
  0.00044   -0.00000    0.00123    0.03088    0.00103
  0.02674   -0.00158   -0.00000    0.00103    0.05762

 -0.00000   -0.00000    0.00000    0.00000    0.00055
  0.00000    0.00000   -0.00000   -0.00044   -0.00000
 -0.00000    0.00000   -0.00000   -0.00000    0.00000
 -0.00000    0.00044    0.00000    0.00000   -0.00000
 -0.00055    0.00000   -0.00000    0.00000    0.00000
 Symmetrized dmats spherical harmonics l= 3 ib 1 isp 1
  0.18681   -0.00231   -0.00523   -0.25126    0.31986   -0.20972    0.15702
 -0.00231    0.56791   -0.02896    0.01956    0.00500   -0.42639    0.02862
 -0.00523   -0.02896    0.16857    0.01010   -0.15702    0.00773    0.00306
 -0.25126    0.01956    0.01010    0.21427   -0.24519    0.16217    0.05351
  0.31986    0.00500   -0.15702   -0.24519    0.16880   -0.20547   -0.07586
 -0.20972   -0.42639    0.00773    0.16217   -0.20547    0.56754    0.04557
  0.15702    0.02862    0.00306    0.05351   -0.07586    0.04557    0.18703

 -0.00000    0.00002   -0.00015    0.00004   -0.00002   -0.00013    0.06945
 -0.00002    0.00000   -0.00025    0.00017    0.00004   -0.02148    0.00025
  0.00015    0.00025   -0.00000   -0.00006    0.01154   -0.00009   -0.00007
 -0.00004   -0.00017    0.00006    0.00000   -0.00013    0.00015   -0.00009
  0.00002   -0.00004   -0.01154    0.00013    0.00000   -0.00004    0.00015
  0.00013    0.02148    0.00009   -0.00015    0.00004    0.00000   -0.00006
 -0.06945   -0.00025    0.00007    0.00009   -0.00015    0.00006    0.00000
 Symmetrized dmats spherical harmonics l= 3 ib 1 isp 2
  0.00970    0.00038    0.00404    0.00105   -0.00116    0.00044   -0.00016
  0.00038    0.00246    0.00039   -0.00054    0.00027    0.00208   -0.00047
  0.00404    0.00039    0.00764   -0.00012    0.00016   -0.00049    0.00038
  0.00105   -0.00054   -0.00012    0.01279    0.00050   -0.00016   -0.00057
 -0.00116    0.00027    0.00016    0.00050    0.00764    0.00097   -0.00395
  0.00044    0.00208   -0.00049   -0.00016    0.00097    0.00246   -0.00018
 -0.00016   -0.00047    0.00038   -0.00057   -0.00395   -0.00018    0.00970

  0.00000    0.00000   -0.00001   -0.00000   -0.00000   -0.00000    0.00011
 -0.00000   -0.00000   -0.00001    0.00001   -0.00000    0.00007    0.00001
  0.00001    0.00001   -0.00000    0.00000    0.00021   -0.00000   -0.00000
  0.00000   -0.00001   -0.00000   -0.00000   -0.00000    0.00001   -0.00000
  0.00000    0.00000   -0.00021    0.00000    0.00000    0.00000    0.00001
  0.00000   -0.00007    0.00000   -0.00001   -0.00000    0.00000    0.00000
 -0.00011   -0.00001    0.00000    0.00000   -0.00001   -0.00000    0.00000

Species Pr      mode 0 0 2 2 U 0.00  0.00  0.47  0.54 J 0.00  0.00  0.00  0.07
symdmu (warning):  2 symops rotate z axis

symdmu (warning):  2 symops rotate z axis
 sudmtu:  RMS change in vorb from symmetrization =   0.007176

 Symmetrized vorb real harmonics l= 2 ib 1 isp 1
  0.21841   -0.00012    0.00035   -0.00012   -0.00001
 -0.00012    0.21841   -0.00017   -0.00012    0.00030
  0.00035   -0.00017    0.19329   -0.00018   -0.00000
 -0.00012   -0.00012   -0.00018    0.21841   -0.00030
 -0.00001    0.00030   -0.00000   -0.00030    0.19329

 -0.00000   -0.00000   -0.00000    0.00000    0.00000
  0.00000   -0.00000   -0.00000   -0.00000   -0.00000
  0.00000    0.00000    0.00000   -0.00000    0.00000
 -0.00000    0.00000    0.00000   -0.00000   -0.00000
 -0.00000    0.00000   -0.00000    0.00000   -0.00000
 Symmetrized vorb real harmonics l= 2 ib 1 isp 2
  0.22049   -0.00007    0.00071   -0.00007   -0.00009
 -0.00007    0.22049   -0.00028   -0.00007    0.00066
  0.00071   -0.00028    0.19535   -0.00043   -0.00000
 -0.00007   -0.00007   -0.00043    0.22049   -0.00057
 -0.00009    0.00066   -0.00000   -0.00057    0.19535

 -0.00000    0.00000    0.00000   -0.00000    0.00000
 -0.00000   -0.00000   -0.00000    0.00000   -0.00000
 -0.00000    0.00000    0.00000   -0.00000    0.00000
  0.00000   -0.00000    0.00000   -0.00000   -0.00000
 -0.00000    0.00000   -0.00000    0.00000   -0.00000
 Symmetrized vorb real harmonics l= 3 ib 1 isp 1
  0.05985    0.01359   -0.00538    0.11581   -0.15628    0.10586    0.02026
  0.01359   -0.25378    0.02756   -0.02761    0.00627    0.01346   -0.03008
 -0.00538    0.02756    0.24819   -0.02265    0.00940   -0.00253   -0.01468
  0.11581   -0.02761   -0.02265    0.12526    0.11251   -0.08983   -0.01112
 -0.15628    0.00627    0.00940    0.11251    0.07422    0.10723    0.05030
  0.10586    0.01346   -0.00253   -0.08983    0.10723    0.18277   -0.02930
  0.02026   -0.03008   -0.01468   -0.01112    0.05030   -0.02930    0.23381

 -0.00000   -0.00024    0.00028    0.00028    0.00044    0.00032    0.00003
  0.00024    0.00000    0.00013   -0.00027    0.00020   -0.00004   -0.00019
 -0.00028   -0.00013    0.00000   -0.00037    0.00003    0.00024    0.00042
 -0.00028    0.00027    0.00037    0.00000    0.00031   -0.00028    0.00025
 -0.00044   -0.00020   -0.00003   -0.00031    0.00000   -0.00028   -0.00028
 -0.00032    0.00004   -0.00024    0.00028    0.00028   -0.00000   -0.00036
 -0.00003    0.00019   -0.00042   -0.00025    0.00028    0.00036    0.00000
 Symmetrized vorb real harmonics l= 3 ib 1 isp 2
  0.22821    0.00103   -0.00463   -0.01035    0.01407   -0.00788    0.00246
  0.00103    0.27675    0.00341   -0.00291    0.00015    0.00207   -0.00356
 -0.00463    0.00341    0.21484    0.00410   -0.00012    0.00433   -0.00091
 -0.01035   -0.00291    0.00410    0.21871   -0.00630    0.00763    0.00229
  0.01407    0.00015   -0.00012   -0.00630    0.22961   -0.01240    0.00082
 -0.00788    0.00207    0.00433    0.00763   -0.01240    0.22434    0.00252
  0.00246   -0.00356   -0.00091    0.00229    0.00082    0.00252    0.21344

  0.00000   -0.00022    0.00027    0.00004    0.00007    0.00006    0.00000
  0.00022   -0.00000    0.00018   -0.00028    0.00017    0.00001   -0.00023
 -0.00027   -0.00018   -0.00000   -0.00005   -0.00000    0.00004    0.00007
 -0.00004    0.00028    0.00005    0.00000    0.00005   -0.00027    0.00004
 -0.00007   -0.00017    0.00000   -0.00005    0.00000   -0.00004   -0.00027
 -0.00006   -0.00001   -0.00004    0.00027    0.00004    0.00000   -0.00005
 -0.00000    0.00023   -0.00007   -0.00004    0.00027    0.00005   -0.00000

 Vorb spherical harmonics l= 2 ib 1 isp 1
  0.20585   -0.00012    0.00035   -0.00012   -0.01256
 -0.00012    0.21841   -0.00017   -0.00000    0.00030
  0.00035   -0.00017    0.19329   -0.00018   -0.00000
 -0.00012   -0.00000   -0.00018    0.21841   -0.00030
 -0.01256    0.00030   -0.00000   -0.00030    0.20585

  0.00000   -0.00000   -0.00000    0.00000   -0.00001
  0.00000    0.00000   -0.00000    0.00012   -0.00000
  0.00000    0.00000    0.00000   -0.00000    0.00000
 -0.00000   -0.00012    0.00000    0.00000   -0.00000
  0.00001    0.00000   -0.00000    0.00000   -0.00000
 Vorb spherical harmonics l= 2 ib 1 isp 2
  0.20792   -0.00007    0.00071   -0.00007   -0.01257
 -0.00007    0.22049   -0.00028   -0.00000    0.00066
  0.00071   -0.00028    0.19535   -0.00043   -0.00000
 -0.00007   -0.00000   -0.00043    0.22049   -0.00057
 -0.01257    0.00066   -0.00000   -0.00057    0.20792

 -0.00000    0.00000    0.00000   -0.00000   -0.00009
 -0.00000    0.00000   -0.00000    0.00007   -0.00000
 -0.00000    0.00000    0.00000   -0.00000    0.00000
  0.00000   -0.00007    0.00000    0.00000   -0.00000
  0.00009    0.00000   -0.00000    0.00000    0.00000
 Vorb spherical harmonics l= 3 ib 1 isp 1
  0.14679    0.01359   -0.00538    0.11581   -0.15628    0.10586   -0.08698
  0.01359   -0.03546    0.02756   -0.02761    0.00627    0.21828   -0.03008
 -0.00538    0.02756    0.16118   -0.02265    0.08698   -0.00253   -0.01468
  0.11581   -0.02761   -0.02265    0.12526    0.11251   -0.08983   -0.01112
 -0.15628    0.00627    0.08698    0.11251    0.16123    0.10723    0.05030
  0.10586    0.21828   -0.00253   -0.08983    0.10723   -0.03555   -0.02930
 -0.08698   -0.03008   -0.01468   -0.01112    0.05030   -0.02930    0.14686

 -0.00000   -0.00024    0.00028    0.00028    0.00044    0.00032   -0.02026
  0.00024    0.00000    0.00013   -0.00027    0.00020    0.01346   -0.00019
 -0.00028   -0.00013    0.00000   -0.00037   -0.00940    0.00024    0.00042
 -0.00028    0.00027    0.00037    0.00000    0.00031   -0.00028    0.00025
 -0.00044   -0.00020    0.00940   -0.00031   -0.00000   -0.00028   -0.00028
 -0.00032   -0.01346   -0.00024    0.00028    0.00028   -0.00000   -0.00036
  0.02026    0.00019   -0.00042   -0.00025    0.00028    0.00036    0.00000
 Vorb spherical harmonics l= 3 ib 1 isp 2
  0.22082    0.00103   -0.00463   -0.01035    0.01407   -0.00788    0.00739
  0.00103    0.25054    0.00341   -0.00291    0.00015   -0.02621   -0.00356
 -0.00463    0.00341    0.22223    0.00410   -0.00739    0.00433   -0.00091
 -0.01035   -0.00291    0.00410    0.21871   -0.00630    0.00763    0.00229
  0.01407    0.00015   -0.00739   -0.00630    0.22222   -0.01240    0.00082
 -0.00788   -0.02621    0.00433    0.00763   -0.01240    0.25055    0.00252
  0.00739   -0.00356   -0.00091    0.00229    0.00082    0.00252    0.22082

  0.00000   -0.00022    0.00027    0.00004    0.00007    0.00006   -0.00246
  0.00022    0.00000    0.00018   -0.00028    0.00017    0.00207   -0.00023
 -0.00027   -0.00018    0.00000   -0.00005    0.00012    0.00004    0.00007
 -0.00004    0.00028    0.00005    0.00000    0.00005   -0.00027    0.00004
 -0.00007   -0.00017   -0.00012   -0.00005   -0.00000   -0.00004   -0.00027
 -0.00006   -0.00207   -0.00004    0.00027    0.00004   -0.00000   -0.00005
  0.00246    0.00023   -0.00007   -0.00004    0.00027    0.00005    0.00000
 m_qplistinit:start
lmv7: Read rst version ID=  2.00

 iors  : read rst restart file (binary mesh density)
          use from  restart file:use window, pnu,
          ignore in restart file:

 Basis, after reading restart file
 site spec        pos (Cartesian coordinates)         pos (multiples of plat)
   1        Pr  0.000000   0.000000   0.000000    0.000000   0.000000   0.000000
   2         N  0.500000   0.500000   0.500000    0.500000   0.500000   0.500000

--- BNDFP:  begin iteration 1 of 80
 m_mkpot_init: Making one-particle potential ...
  esmsmves: ESM is not turned on, you need esm_input.dat for ESM mode
  smves: avg es pot at rmt= 0.618615  avg sphere pot= 0.000000  vconst=-0.618615
   smooth rhoves     43.411940   charge    11.578110
  smvxcm: all smrho_w is positive
  smvxc2: smooth isp rhoeps rhomu vxcavg= 1 -4.831057 -6.328224 -0.771524
  smvxc2: smooth isp rhoeps rhomu vxcavg= 2 -4.727071 -6.164775 -0.764935
  locpot:
   site  1  z= 59.0  rmt= 2.83000  nr=777   a=0.015  nlml=25  rg=0.708  Vfloat=T
    sm core charge in MT=  1.043475 =total-spillout=  1.069170 -  0.025695
 ibas l=  1  0 pnu(1:nsp) pnz(1:nsp)=   6.50000   6.50000   0.00000   0.00000
 ibas l=  1  1 pnu(1:nsp) pnz(1:nsp)=   6.50000   6.50000   5.92196   5.92196
 ibas l=  1  2 pnu(1:nsp) pnz(1:nsp)=   5.83225   5.83225   0.00000   0.00000
 ibas l=  1  3 pnu(1:nsp) pnz(1:nsp)=   4.91143   4.91143   5.50000   5.50000
 ibas l=  1  4 pnu(1:nsp) pnz(1:nsp)=   5.11085   5.11085   0.00000   0.00000
     potential shift to crystal energy zero:    0.000225
   site  2  z=  7.0  rmt= 1.90000  nr=451   a=0.015  nlml=25  rg=0.475  Vfloat=T
 ibas l=  2  0 pnu(1:nsp) pnz(1:nsp)=   2.88302   2.88302   0.00000   0.00000
 ibas l=  2  1 pnu(1:nsp) pnz(1:nsp)=   2.85483   2.85483   0.00000   0.00000
 ibas l=  2  2 pnu(1:nsp) pnz(1:nsp)=   3.24004   3.24004   0.00000   0.00000
 ibas l=  2  3 pnu(1:nsp) pnz(1:nsp)=   4.12590   4.12590   0.00000   0.00000
 ibas l=  2  4 pnu(1:nsp) pnz(1:nsp)=   5.08769   5.08769   0.00000   0.00000
     potential shift to crystal energy zero:    0.000235
  mkpot:
   Energy terms:           smooth           local           total
   rhoval*veff            -29.450143      -144.631426      -174.081569
   rhoval*ves            -58.394702       -90.639836      -149.034539
   psnuc*ves             145.218582    -76109.905755    -75964.687173
   utot                   43.411940    -38100.272796    -38056.860856
   rho*exc                -9.558128      -422.737251      -432.295379
   rho*vxc               -12.492999      -560.894509      -573.387508
   valence chg            11.578110         4.421890        16.000000
   valence mag             0.176392         1.823613         2.000005
   core charge            50.000000        -0.000000        50.000000
   Charges:  valence    16.00000   cores    50.00000   nucleii   -66.00000
   hom background     0.00000   deviation from neutrality:     -0.00000

 m_bandcal_init: start
 bndfp: kpt     1 of    90 k=  0.0000  0.0000  0.0000 ndimh = nmto+napw =    70   55   15
 bndfp: kpt     1 of    90 k=  0.0000  0.0000  0.0000 ndimh = nmto+napw =    70   55   15
 bndfp: kpt     2 of    90 k= -0.1250  0.1250  0.1250 ndimh = nmto+napw =    70   55   15
 bndfp: kpt     2 of    90 k= -0.1250  0.1250  0.1250 ndimh = nmto+napw =    70   55   15
 bndfp: kpt     3 of    90 k= -0.2500  0.2500  0.2500 ndimh = nmto+napw =    70   55   15
 bndfp: kpt     3 of    90 k= -0.2500  0.2500  0.2500 ndimh = nmto+napw =    70   55   15
 bndfp: kpt     4 of    90 k= -0.3750  0.3750  0.3750 ndimh = nmto+napw =    70   55   15
 bndfp: kpt     4 of    90 k= -0.3750  0.3750  0.3750 ndimh = nmto+napw =    70   55   15
 bndfp: kpt     5 of    90 k= -0.5000  0.5000  0.5000 ndimh = nmto+napw =    70   55   15
 bndfp: kpt     5 of    90 k= -0.5000  0.5000  0.5000 ndimh = nmto+napw =    70   55   15
 bndfp: kpt     6 of    90 k=  0.0000  0.0000  0.2500 ndimh = nmto+napw =    70   55   15
 bndfp: kpt     6 of    90 k=  0.0000  0.0000  0.2500 ndimh = nmto+napw =    70   55   15
 bndfp: kpt     7 of    90 k= -0.1250  0.1250  0.3750 ndimh = nmto+napw =    70   55   15
 bndfp: kpt     7 of    90 k= -0.1250  0.1250  0.3750 ndimh = nmto+napw =    70   55   15
 bndfp: kpt     8 of    90 k= -0.2500  0.2500  0.5000 ndimh = nmto+napw =    70   55   15
 bndfp: kpt     8 of    90 k= -0.2500  0.2500  0.5000 ndimh = nmto+napw =    70   55   15
 bndfp: kpt     9 of    90 k= -0.3750  0.3750  0.6250 ndimh = nmto+napw =    70   55   15
 bndfp: kpt     9 of    90 k= -0.3750  0.3750  0.6250 ndimh = nmto+napw =    70   55   15
 bndfp: kpt    10 of    90 k= -0.5000  0.5000  0.7500 ndimh = nmto+napw =    70   55   15
 bndfp: kpt    10 of    90 k= -0.5000  0.5000  0.7500 ndimh = nmto+napw =    70   55   15
 bndfp: kpt    11 of    90 k= -0.6250  0.6250  0.8750 ndimh = nmto+napw =    70   55   15
 bndfp: kpt    11 of    90 k= -0.6250  0.6250  0.8750 ndimh = nmto+napw =    70   55   15
 bndfp: kpt    12 of    90 k= -0.7500  0.7500  1.0000 ndimh = nmto+napw =    70   55   15
 bndfp: kpt    12 of    90 k= -0.7500  0.7500  1.0000 ndimh = nmto+napw =    70   55   15
 bndfp: kpt    13 of    90 k=  0.1250 -0.1250  0.3750 ndimh = nmto+napw =    70   55   15
 bndfp: kpt    13 of    90 k=  0.1250 -0.1250  0.3750 ndimh = nmto+napw =    70   55   15
 bndfp: kpt    14 of    90 k=  0.0000  0.0000  0.5000 ndimh = nmto+napw =    70   55   15
 bndfp: kpt    14 of    90 k=  0.0000  0.0000  0.5000 ndimh = nmto+napw =    70   55   15
 bndfp: kpt    15 of    90 k= -0.1250  0.1250  0.6250 ndimh = nmto+napw =    70   55   15
 bndfp: kpt    15 of    90 k= -0.1250  0.1250  0.6250 ndimh = nmto+napw =    70   55   15
 bndfp: kpt    16 of    90 k= -0.2500  0.2500  0.7500 ndimh = nmto+napw =    70   55   15
 bndfp: kpt    16 of    90 k= -0.2500  0.2500  0.7500 ndimh = nmto+napw =    70   55   15
 bndfp: kpt    17 of    90 k= -0.3750  0.3750  0.8750 ndimh = nmto+napw =    70   55   15
 bndfp: kpt    17 of    90 k= -0.3750  0.3750  0.8750 ndimh = nmto+napw =    70   55   15
 bndfp: kpt    18 of    90 k= -0.5000  0.5000  1.0000 ndimh = nmto+napw =    70   55   15
 bndfp: kpt    18 of    90 k= -0.5000  0.5000  1.0000 ndimh = nmto+napw =    70   55   15
 bndfp: kpt    19 of    90 k= -0.6250  0.6250  1.1250 ndimh = nmto+napw =    70   55   15
 bndfp: kpt    19 of    90 k= -0.6250  0.6250  1.1250 ndimh = nmto+napw =    70   55   15
 bndfp: kpt    20 of    90 k=  0.2500 -0.2500  0.5000 ndimh = nmto+napw =    70   55   15
 bndfp: kpt    20 of    90 k=  0.2500 -0.2500  0.5000 ndimh = nmto+napw =    70   55   15
 bndfp: kpt    21 of    90 k=  0.1250 -0.1250  0.6250 ndimh = nmto+napw =    70   55   15
 bndfp: kpt    21 of    90 k=  0.1250 -0.1250  0.6250 ndimh = nmto+napw =    70   55   15
 bndfp: kpt    22 of    90 k=  0.0000  0.0000  0.7500 ndimh = nmto+napw =    70   55   15
 bndfp: kpt    22 of    90 k=  0.0000  0.0000  0.7500 ndimh = nmto+napw =    70   55   15
 bndfp: kpt    23 of    90 k= -0.1250  0.1250  0.8750 ndimh = nmto+napw =    70   55   15
 ... Done MPI k-loop: elapsed time=   2.3268

 bzwts: --- Tetrahedron Integration ---
 ... only filled or empty bands encountered: ev=  0.002483 ec=  0.023563
 VBmax=  0.002483 CBmin=  0.023563 gap =  0.021080 Ry =   0.286812 eV
 BZINTS: Fermi energy:      0.002483;  16.000000 electrons
         Sum occ. bands:  -10.768241, incl. Bloechl correction:  0.000000
         Mag. moment:       2.000000
 bndfp:Generating TDOS: efermi, and dos window=    0.0025  -1.4220   1.5025

 bndfp: kpt 1  of 90  k isp= 0.0000  0.0000  0.0000 1  ndimh nev= 70 17
 -1.3164 -1.2856 -1.2856 -0.8947 -0.2955 -0.2759 -0.0546 -0.0546  0.0025
  0.1834  0.1994  0.2004  0.2248  0.2258  0.2427  0.2500  0.2500
 bndfp: kpt 1  of 90  k isp= 0.0000  0.0000  0.0000 2  ndimh nev= 70 17
 -1.2743 -1.2278 -1.2278 -0.8966 -0.0478 -0.0478 -0.0422  0.1949  0.2646
  0.2647  0.2669  0.2722  0.2723  0.2775  0.2895  0.2895  0.3425
 bndfp: kpt 2  of 90  k isp= -0.1250  0.1250  0.1250 1  ndimh nev= 70 17
 -1.3207 -1.3003 -1.2868 -0.8753 -0.2936 -0.2750 -0.0976 -0.0706 -0.0265
  0.1768  0.1875  0.2055  0.2174  0.2367  0.2589  0.2761  0.2814
 bndfp: kpt 2  of 90  k isp= -0.1250  0.1250  0.1250 2  ndimh nev= 70 17
 -1.2784 -1.2453 -1.2290 -0.8749 -0.0935 -0.0657 -0.0607  0.2201  0.2465
  0.2502  0.2621  0.2669  0.2786  0.3041  0.3087  0.3246  0.3614
 bndfp: kpt 3  of 90  k isp= -0.2500  0.2500  0.2500 1  ndimh nev= 70 17
 -1.3471 -1.3141 -1.2895 -0.8335 -0.2890 -0.2718 -0.1748 -0.1051 -0.0801
  0.1557  0.1715  0.1945  0.2134  0.2555  0.2896  0.3525  0.3634
 bndfp: kpt 3  of 90  k isp= -0.2500  0.2500  0.2500 2  ndimh nev= 70 17
 -1.3019 -1.2666 -1.2318 -0.8303 -0.1728 -0.1029 -0.0979  0.2006  0.2377
  0.2557  0.2624  0.2712  0.3149  0.3471  0.3722  0.3830  0.3951
 bndfp: kpt 4  of 90  k isp= -0.3750  0.3750  0.3750 1  ndimh nev= 70 17
 -1.3781 -1.3182 -1.2922 -0.7965 -0.2839 -0.2663 -0.2366 -0.1348 -0.1249
  0.1488  0.1634  0.1908  0.2121  0.2552  0.3404  0.4401  0.4476
 bndfp: kpt 4  of 90  k isp= -0.3750  0.3750  0.3750 2  ndimh nev= 70 17
 -1.3337 -1.2729 -1.2346 -0.7919 -0.2347 -0.1341 -0.1290  0.2108  0.2342
  0.2515  0.2624  0.2707  0.3367  0.3641  0.3989  0.4672  0.4739
 bndfp: kpt 5  of 90  k isp= -0.5000  0.5000  0.5000 1  ndimh nev= 70 17
 -1.3901 -1.3196 -1.2933 -0.7820 -0.2804 -0.2641 -0.2593 -0.1460 -0.1426
  0.1481  0.1611  0.1901  0.2119  0.2553  0.3806  0.4595  0.4882
 bndfp: kpt 5  of 90  k isp= -0.5000  0.5000  0.5000 2  ndimh nev= 70 17
 -1.3464 -1.2746 -1.2357 -0.7772 -0.2579 -0.1457 -0.1406  0.2187  0.2333
  0.2503  0.2625  0.2716  0.3531  0.3755  0.3925  0.5024  0.5170
 bndfp: kpt 6  of 90  k isp= 0.0000  0.0000  0.2500 1  ndimh nev= 70 17
 -1.3260 -1.2974 -1.2899 -0.8720 -0.2930 -0.2753 -0.1162 -0.0587 -0.0225
  0.1782  0.1949  0.1973  0.2065  0.2171  0.2415  0.2711  0.3182
 bndfp: kpt 6  of 90  k isp= 0.0000  0.0000  0.2500 2  ndimh nev= 70 17
 -1.2844 -1.2418 -1.2325 -0.8715 -0.1199 -0.0522 -0.0496  0.1968  0.2472
  0.2528  0.2536  0.2672  0.2753  0.2913  0.3392  0.3440  0.3682
 bndfp: kpt 7  of 90  k isp= -0.1250  0.1250  0.3750 1  ndimh nev= 70 17
 -1.3428 -1.3114 -1.2926 -0.8450 -0.2892 -0.2737 -0.1622 -0.0855 -0.0503
  0.1517  0.1692  0.1980  0.2122  0.2196  0.2662  0.3206  0.3860
 bndfp: kpt 7  of 90  k isp= -0.1250  0.1250  0.3750 2  ndimh nev= 70 17
 -1.3004 -1.2601 -1.2353 -0.8428 -0.1661 -0.0811 -0.0681  0.1718  0.2429
  0.2486  0.2601  0.2790  0.2827  0.3333  0.3638  0.3770  0.4168
 bndfp: kpt 8  of 90  k isp= -0.2500  0.2500  0.5000 1  ndimh nev= 70 17
 -1.3686 -1.3198 -1.2966 -0.8143 -0.2841 -0.2695 -0.2040 -0.1229 -0.0936
  0.1425  0.1621  0.1931  0.2124  0.2467  0.2746  0.4174  0.4588
 bndfp: kpt 8  of 90  k isp= -0.2500  0.2500  0.5000 2  ndimh nev= 70 17
 -1.3250 -1.2727 -1.2394 -0.8110 -0.2046 -0.1209 -0.1012  0.1878  0.2364
  0.2487  0.2587  0.2747  0.2956  0.3699  0.3903  0.4341  0.4870
 bndfp: kpt 9  of 90  k isp= -0.3750  0.3750  0.6250 1  ndimh nev= 70 17
 -1.3837 -1.3232 -1.3000 -0.7957 -0.2801 -0.2645 -0.2335 -0.1337 -0.1278
  0.1458  0.1587  0.1913  0.2118  0.2524  0.3381  0.4149  0.5069
 bndfp: kpt 9  of 90  k isp= -0.3750  0.3750  0.6250 2  ndimh nev= 70 17
 -1.3398 -1.2779 -1.2431 -0.7920 -0.2308 -0.1334 -0.1270  0.2140  0.2317
  0.2478  0.2609  0.2710  0.3293  0.3744  0.3939  0.4458  0.5364
 bndfp: kpt 10  of 90  k isp= -0.5000  0.5000  0.7500 1  ndimh nev= 70 17
 -1.3786 -1.3240 -1.3000 -0.7968 -0.2806 -0.2622 -0.2363 -0.1379 -0.1162
  0.1488  0.1583  0.1917  0.2113  0.2504  0.3519  0.4100  0.4536
 bndfp: kpt 10  of 90  k isp= -0.5000  0.5000  0.7500 2  ndimh nev= 70 17
 -1.3337 -1.2794 -1.2434 -0.7928 -0.2314 -0.1368 -0.1166  0.2131  0.2318
  0.2474  0.2625  0.2682  0.3463  0.3692  0.3918  0.4398  0.4881
 bndfp: kpt 11  of 90  k isp= -0.6250  0.6250  0.8750 1  ndimh nev= 70 17
 -1.3547 -1.3228 -1.2965 -0.8183 -0.2850 -0.2670 -0.2053 -0.1202 -0.0807
  0.1530  0.1616  0.1960  0.2104  0.2460  0.3042  0.3669  0.3877
 bndfp: kpt 11  of 90  k isp= -0.6250  0.6250  0.8750 2  ndimh nev= 70 17
 -1.3075 -1.2786 -1.2398 -0.8144 -0.2011 -0.1240 -0.0855  0.1955  0.2354
  0.2489  0.2632  0.2689  0.3276  0.3537  0.3871  0.3980  0.4192
 bndfp: kpt 12  of 90  k isp= -0.7500  0.7500  1.0000 1  ndimh nev= 70 17
 -1.3227 -1.3205 -1.2914 -0.8511 -0.2901 -0.2719 -0.1517 -0.0874 -0.0453
  0.1669  0.1706  0.2025  0.2108  0.2472  0.2798  0.2968  0.3077
 bndfp: kpt 12  of 90  k isp= -0.7500  0.7500  1.0000 2  ndimh nev= 70 17
 -1.2783 -1.2704 -1.2341 -0.8487 -0.1475 -0.0945 -0.0590  0.1964  0.2404
  0.2531  0.2642  0.2754  0.3072  0.3099  0.3347  0.3714  0.3756
 bndfp: kpt 13  of 90  k isp= 0.1250 -0.1250  0.3750 1  ndimh nev= 70 17
 -1.3428 -1.3114 -1.2926 -0.8450 -0.2892 -0.2722 -0.1645 -0.0848 -0.0509
  0.1518  0.1681  0.2006  0.2123  0.2154  0.2722  0.3188  0.3838
 bndfp: kpt 13  of 90  k isp= 0.1250 -0.1250  0.3750 2  ndimh nev= 70 17
 -1.3004 -1.2601 -1.2353 -0.8428 -0.1655 -0.0815 -0.0684  0.1708  0.2399
  0.2548  0.2591  0.2712  0.2973  0.3324  0.3495  0.3821  0.4227
 bndfp: kpt 14  of 90  k isp= 0.0000  0.0000  0.5000 1  ndimh nev= 70 17
 -1.3499 -1.3138 -1.3003 -0.8476 -0.2865 -0.2706 -0.1689 -0.0594 -0.0366
  0.1118  0.1635  0.1881  0.1996  0.2139  0.2703  0.3229  0.4537
 bndfp: kpt 14  of 90  k isp= 0.0000  0.0000  0.5000 2  ndimh nev= 70 17
 -1.3085 -1.2615 -1.2438 -0.8465 -0.1692 -0.0537 -0.0531  0.1160  0.2402
  0.2505  0.2540  0.2683  0.2925  0.3392  0.3688  0.3821  0.4809
 bndfp: kpt 15  of 90  k isp= -0.1250  0.1250  0.6250 1  ndimh nev= 70 17
 -1.3633 -1.3217 -1.3066 -0.8414 -0.2821 -0.2682 -0.1621 -0.0825 -0.0547
  0.1000  0.1591  0.1924  0.1965  0.2151  0.2665  0.3984  0.5180
 bndfp: kpt 15  of 90  k isp= -0.1250  0.1250  0.6250 2  ndimh nev= 70 17
 -1.3211 -1.2716 -1.2505 -0.8408 -0.1595 -0.0788 -0.0657  0.1148  0.2377
  0.2477  0.2538  0.2699  0.2866  0.3753  0.3796  0.4185  0.5424
 bndfp: kpt 16  of 90  k isp= -0.2500  0.2500  0.7500 1  ndimh nev= 70 17
 -1.3711 -1.3295 -1.3134 -0.8287 -0.2783 -0.2660 -0.1665 -0.1061 -0.0903
  0.1254  0.1556  0.1933  0.2108  0.2220  0.2701  0.4427  0.5504
 bndfp: kpt 16  of 90  k isp= -0.2500  0.2500  0.7500 2  ndimh nev= 70 17
 -1.3278 -1.2816 -1.2584 -0.8276 -0.1626 -0.1040 -0.0932  0.1634  0.2322
  0.2456  0.2570  0.2708  0.2880  0.3757  0.3843  0.4663  0.5720
 bndfp: kpt 17  of 90  k isp= -0.3750  0.3750  0.8750 1  ndimh nev= 70 17
 -1.3671 -1.3394 -1.3122 -0.8156 -0.2778 -0.2647 -0.1945 -0.1205 -0.0943
  0.1447  0.1524  0.1930  0.2108  0.2447  0.3216  0.3847  0.4993
 bndfp: kpt 17  of 90  k isp= -0.3750  0.3750  0.8750 2  ndimh nev= 70 17
 -1.3217 -1.2936 -1.2582 -0.8132 -0.1926 -0.1197 -0.0906  0.2144  0.2219
  0.2422  0.2615  0.2680  0.3201  0.3793  0.3831  0.4188  0.5342
 bndfp: kpt 18  of 90  k isp= -0.5000  0.5000  1.0000 1  ndimh nev= 70 17
 -1.3591 -1.3379 -1.3054 -0.8104 -0.2805 -0.2658 -0.2106 -0.1312 -0.0818
  0.1500  0.1549  0.1935  0.2098  0.2474  0.3302  0.3903  0.4222
 bndfp: kpt 18  of 90  k isp= -0.5000  0.5000  1.0000 2  ndimh nev= 70 17
 -1.3103 -1.2955 -1.2506 -0.8069 -0.2096 -0.1313 -0.0798  0.2055  0.2333
  0.2399  0.2631  0.2679  0.3326  0.3732  0.3922  0.4115  0.4616
 bndfp: kpt 19  of 90  k isp= -0.6250  0.6250  1.1250 1  ndimh nev= 70 17
 -1.3547 -1.3228 -1.2965 -0.8183 -0.2853 -0.2687 -0.2033 -0.1196 -0.0815
  0.1516  0.1656  0.1917  0.2119  0.2511  0.2959  0.3685  0.3886
 bndfp: kpt 19  of 90  k isp= -0.6250  0.6250  1.1250 2  ndimh nev= 70 17
 -1.3075 -1.2786 -1.2398 -0.8144 -0.2014 -0.1241 -0.0847  0.1965  0.2357
  0.2474  0.2622  0.2709  0.3170  0.3661  0.3871  0.3982  0.4155
 bndfp: kpt 20  of 90  k isp= 0.2500 -0.2500  0.5000 1  ndimh nev= 70 17
 -1.3686 -1.3198 -1.2966 -0.8144 -0.2841 -0.2656 -0.2087 -0.1218 -0.0947
  0.1422  0.1615  0.1944  0.2111  0.2406  0.2847  0.4183  0.4561
 bndfp: kpt 20  of 90  k isp= 0.2500 -0.2500  0.5000 2  ndimh nev= 70 17
 -1.3250 -1.2727 -1.2394 -0.8110 -0.2041 -0.1212 -0.1016  0.1857  0.2358
  0.2498  0.2596  0.2721  0.3106  0.3544  0.3926  0.4309  0.4920
 bndfp: kpt 21  of 90  k isp= 0.1250 -0.1250  0.6250 1  ndimh nev= 70 17
 -1.3633 -1.3217 -1.3066 -0.8414 -0.2821 -0.2660 -0.1642 -0.0822 -0.0565
  0.0993  0.1590  0.1922  0.1973  0.2131  0.2720  0.3982  0.5191
 bndfp: kpt 21  of 90  k isp= 0.1250 -0.1250  0.6250 2  ndimh nev= 70 17
