        0.00000       -0.79484   1   1
        0.00000        0.94696   1   2
        0.00000        0.94696   1   3
        0.00000        0.94696   1   4
        0.00000        1.04997   1   5
        0.00000        1.04997   1   6
        0.00000        1.04997   1   7
        0.00000        1.44300   1   8
        0.00000        1.44300   1   9
        0.01179       -0.79324   1   1
        0.01179        0.92720   1   2
        0.01179        0.92720   1   3
        0.01179        0.93772   1   4
        0.01179        1.04602   1   5
        0.01179        1.07135   1   6
        0.01179        1.07135   1   7
        0.01179        1.42740   1   8
        0.01179        1.44348   1   9
        0.02358       -0.78850   1   1
        0.02358        0.88765   1   2
        0.02358        0.88765   1   3
        0.02358        0.91174   1   4
        0.02358        1.03489   1   5
        0.02358        1.11629   1   6
        0.02358        1.11629   1   7
        0.02358        1.38186   1   8
        0.02358        1.44554   1   9
        0.03537       -0.78077   1   1
        0.03537        0.84335   1   2
        0.03537        0.84335   1   3
        0.03537        0.87348   1   4
        0.03537        1.01825   1   5
        0.03537        1.17094   1   6
        0.03537        1.17094   1   7
        0.03537        1.31047   1   8
        0.03537        1.45076   1   9
        0.04716       -0.77023   1   1
        0.04716        0.79876   1   2
        0.04716        0.79876   1   3
        0.04716        0.82841   1   4
        0.04716        0.99772   1   5
        0.04716        1.22058   1   6
        0.04716        1.23170   1   7
        0.04716        1.23170   1   8
        0.04716        1.46108   1   9
        0.05895       -0.75702   1   1
        0.05895        0.75601   1   2
        0.05895        0.75601   1   3
        0.05895        0.78136   1   4
        0.05895        0.97416   1   5
        0.05895        1.12182   1   6
        0.05895        1.29622   1   7
        0.05895        1.29622   1   8
        0.05895        1.47753   1   9
        0.07074       -0.74112   1   1
        0.07074        0.71628   1   2
        0.07074        0.71628   1   3
        0.07074        0.73569   1   4
        0.07074        0.94783   1   5
        0.07074        1.02320   1   6
        0.07074        1.36194   1   7
        0.07074        1.36194   1   8
        0.07074        1.49923   1   9
        0.08253       -0.72229   1   1
        0.08253        0.67981   1   2
        0.08253        0.67981   1   3
        0.08253        0.69332   1   4
        0.08253        0.91863   1   5
        0.08253        0.93072   1   6
        0.08253        1.42671   1   7
        0.08253        1.42671   1   8
        0.08253        1.52339   1   9
        0.09432       -0.70019   1   1
        0.09432        0.64617   1   2
        0.09432        0.64617   1   3
        0.09432        0.65494   1   4
        0.09432        0.84120   1   5
        0.09432        0.89153   1   6
        0.09432        1.48947   1   7
        0.09432        1.48947   1   8
        0.09432        1.54677   1   9
        0.10611       -0.67460   1   1
        0.10611        0.61462   1   2
        0.10611        0.61462   1   3
        0.10611        0.62040   1   4
        0.10611        0.75568   1   5
        0.10611        0.86444   1   6
        0.10611        1.55047   1   7
        0.10611        1.55047   1   8
        0.10611        1.56779   1   9
        0.11790       -0.64553   1   1
        0.11790        0.58461   1   2
        0.11790        0.58461   1   3
        0.11790        0.58899   1   4
        0.11790        0.67008   1   5
        0.11790        0.83966   1   6
        0.11790        1.58759   1   7
        0.11790        1.61071   1   8
        0.11790        1.61071   1   9
        0.12969       -0.61332   1   1
        0.12969        0.55617   1   2
        0.12969        0.55617   1   3
        0.12969        0.55991   1   4
        0.12969        0.58414   1   5
        0.12969        0.81672   1   6
        0.12969        1.60929   1   7
        0.12969        1.67086   1   8
        0.12969        1.67086   1   9
        0.14148       -0.57843   1   1
        0.14148        0.49917   1   2
        0.14148        0.52993   1   3
        0.14148        0.52993   1   4
        0.14148        0.53277   1   5
        0.14148        0.79497   1   6
        0.14148        1.63586   1   7
        0.14148        1.73029   1   8
        0.14148        1.73029   1   9
        0.15327       -0.54128   1   1
        0.15327        0.41698   1   2
        0.15327        0.50685   1   3
        0.15327        0.50685   1   4
        0.15327        0.50769   1   5
        0.15327        0.77406   1   6
        0.15327        1.66834   1   7
        0.15327        1.78688   1   8
        0.15327        1.78688   1   9
        0.16506       -0.50202   1   1
        0.16506        0.33876   1   2
        0.16506        0.48509   1   3
        0.16506        0.48780   1   4
        0.16506        0.48780   1   5
        0.16506        0.75406   1   6
        0.16506        1.70548   1   7
        0.16506        1.83791   1   8
        0.16506        1.83791   1   9
        0.17685       -0.46050   1   1
        0.17685        0.26458   1   2
        0.17685        0.46535   1   3
        0.17685        0.47301   1   4
        0.17685        0.47301   1   5
        0.17685        0.73552   1   6
        0.17685        1.74478   1   7
        0.17685        1.88179   1   8
        0.17685        1.88179   1   9
        0.18864       -0.41642   1   1
        0.18864        0.19359   1   2
        0.18864        0.44863   1   3
        0.18864        0.46178   1   4
        0.18864        0.46178   1   5
        0.18864        0.71924   1   6
        0.18864        1.78375   1   7
        0.18864        1.91935   1   8
        0.18864        1.91935   1   9
        0.20043       -0.36966   1   1
        0.20043        0.12475   1   2
        0.20043        0.43500   1   3
        0.20043        0.45268   1   4
        0.20043        0.45268   1   5
        0.20043        0.70599   1   6
        0.20043        1.82043   1   7
        0.20043        1.95320   1   8
        0.20043        1.95320   1   9
        0.21222       -0.32042   1   1
        0.21222        0.05761   1   2
        0.21222        0.42453   1   3
        0.21222        0.44441   1   4
        0.21222        0.44441   1   5
        0.21222        0.69621   1   6
        0.21222        1.85294   1   7
        0.21222        1.98537   1   8
        0.21222        1.98537   1   9
        0.22401       -0.26954   1   1
        0.22401       -0.00700   1   2
        0.22401        0.41723   1   3
        0.22401        0.43685   1   4
        0.22401        0.43685   1   5
        0.22401        0.68984   1   6
        0.22401        1.87903   1   7
        0.22401        2.01455   1   8
        0.22401        2.01455   1   9
        0.23580       -0.22006   1   1
        0.23580       -0.06536   1   2
        0.23580        0.41297   1   3
        0.23580        0.43119   1   4
        0.23580        0.43119   1   5
        0.23580        0.68644   1   6
        0.23580        1.89614   1   7
        0.23580        2.03591   1   8
        0.23580        2.03591   1   9
        0.24759       -0.19126   1   1
        0.24759       -0.09726   1   2
        0.24759        0.41159   1   3
        0.24759        0.42906   1   4
        0.24759        0.42906   1   5
        0.24759        0.68539   1   6
        0.24759        1.90213   1   7
        0.24759        2.04384   1   8
        0.24759        2.04384   1   9
        0.24759       -0.19126   1   1
        0.24759       -0.09726   1   2
        0.24759        0.41159   1   3
        0.24759        0.42906   1   4
        0.24759        0.42906   1   5
        0.24759        0.68539   1   6
        0.24759        1.90213   1   7
        0.24759        2.04384   1   8
        0.24759        2.04384   1   9
        0.26218       -0.18879   1   1
        0.26218       -0.09513   1   2
        0.26218        0.34110   1   3
        0.26218        0.43069   1   4
        0.26218        0.48314   1   5
        0.26218        0.70741   1   6
        0.26218        1.88978   1   7
        0.26218        2.02589   1   8
        0.26218        2.02761   1   9
        0.27677       -0.18198   1   1
        0.27677       -0.08871   1   2
        0.27677        0.25622   1   3
        0.27677        0.43576   1   4
        0.27677        0.52431   1   5
        0.27677        0.76806   1   6
        0.27677        1.85559   1   7
        0.27677        1.97579   1   8
        0.27677        1.98409   1   9
        0.29136       -0.17170   1   1
        0.29136       -0.07793   1   2
        0.29136        0.17085   1   3
        0.29136        0.44476   1   4
        0.29136        0.55261   1   5
        0.29136        0.85362   1   6
        0.29136        1.80620   1   7
        0.29136        1.90302   1   8
        0.29136        1.92497   1   9
        0.30595       -0.15783   1   1
        0.30595       -0.06288   1   2
        0.30595        0.08809   1   3
        0.30595        0.45835   1   4
        0.30595        0.57621   1   5
        0.30595        0.95300   1   6
        0.30595        1.74880   1   7
        0.30595        1.81937   1   8
        0.30595        1.86120   1   9
        0.32054       -0.13924   1   1
        0.32054       -0.04584   1   2
        0.32054        0.01102   1   3
        0.32054        0.47687   1   4
        0.32054        0.59930   1   5
        0.32054        1.06075   1   6
        0.32054        1.68835   1   7
        0.32054        1.73489   1   8
        0.32054        1.79796   1   9
        0.33513       -0.11521   1   1
        0.33513       -0.07656   1   2
        0.33513       -0.01084   1   3
        0.33513        0.50009   1   4
        0.33513        0.62440   1   5
        0.33513        1.17357   1   6
        0.33513        1.62721   1   7
        0.33513        1.65515   1   8
        0.33513        1.73529   1   9
        0.33513       -0.11521   1   1
        0.33513       -0.07657   1   2
        0.33513       -0.01084   1   3
        0.33513        0.50009   1   4
        0.33513        0.62440   1   5
        0.33513        1.17358   1   6
        0.33513        1.62720   1   7
        0.33513        1.65515   1   8
        0.33513        1.73528   1   9
        0.34706       -0.13533   1   1
        0.34706       -0.09202   1   2
        0.34706        0.01038   1   3
        0.34706        0.52205   1   4
        0.34706        0.64780   1   5
        0.34706        1.26662   1   6
        0.34706        1.57773   1   7
        0.34706        1.59464   1   8
        0.34706        1.68400   1   9
        0.35900       -0.19380   1   1
        0.35900       -0.06646   1   2
        0.35900        0.03625   1   3
        0.35900        0.54630   1   4
        0.35900        0.67459   1   5
        0.35900        1.35691   1   6
        0.35900        1.52957   1   7
        0.35900        1.53775   1   8
        0.35900        1.63325   1   9
        0.37094       -0.25032   1   1
        0.37094       -0.03895   1   2
        0.37094        0.06527   1   3
        0.37094        0.57272   1   4
        0.37094        0.70493   1   5
        0.37094        1.44035   1   6
        0.37094        1.48340   1   7
        0.37094        1.48356   1   8
        0.37094        1.58434   1   9
        0.38287       -0.30447   1   1
        0.38287       -0.00924   1   2
        0.38287        0.09716   1   3
        0.38287        0.60139   1   4
        0.38287        0.73833   1   5
        0.38287        1.43076   1   6
        0.38287        1.44030   1   7
        0.38287        1.51235   1   8
        0.38287        1.53842   1   9
        0.39481       -0.35615   1   1
        0.39481        0.02341   1   2
        0.39481        0.13171   1   3
        0.39481        0.63242   1   4
        0.39481        0.77393   1   5
        0.39481        1.37954   1   6
        0.39481        1.39990   1   7
        0.39481        1.49570   1   8
        0.39481        1.56853   1   9
        0.40675       -0.40542   1   1
        0.40675        0.05963   1   2
        0.40675        0.16868   1   3
        0.40675        0.66576   1   4
        0.40675        0.81106   1   5
        0.40675        1.33001   1   6
        0.40675        1.36205   1   7
        0.40675        1.45535   1   8
        0.40675        1.60552   1   9
        0.41868       -0.45233   1   1
        0.41868        0.09956   1   2
        0.41868        0.20786   1   3
        0.41868        0.70123   1   4
        0.41868        0.84951   1   5
        0.41868        1.28283   1   6
        0.41868        1.32623   1   7
        0.41868        1.41611   1   8
        0.41868        1.62167   1   9
        0.43062       -0.49678   1   1
        0.43062        0.14279   1   2
        0.43062        0.24929   1   3
        0.43062        0.73873   1   4
        0.43062        0.88974   1   5
        0.43062        1.23873   1   6
        0.43062        1.29214   1   7
        0.43062        1.37712   1   8
        0.43062        1.61744   1   9
        0.44256       -0.53845   1   1
        0.44256        0.18870   1   2
        0.44256        0.29322   1   3
        0.44256        0.77842   1   4
        0.44256        0.93247   1   5
        0.44256        1.19824   1   6
        0.44256        1.25986   1   7
        0.44256        1.33857   1   8
        0.44256        1.59536   1   9
        0.45449       -0.57693   1   1
        0.45449        0.23687   1   2
        0.45449        0.33995   1   3
        0.45449        0.82074   1   4
        0.45449        0.97817   1   5
        0.45449        1.16152   1   6
        0.45449        1.22984   1   7
        0.45449        1.30178   1   8
        0.45449        1.55968   1   9
        0.46643       -0.61192   1   1
        0.46643        0.28726   1   2
        0.46643        0.38948   1   3
        0.46643        0.86614   1   4
        0.46643        1.02662   1   5
        0.46643        1.12828   1   6
        0.46643        1.20278   1   7
        0.46643        1.26865   1   8
        0.46643        1.51557   1   9
        0.47837       -0.64338   1   1
        0.47837        0.34013   1   2
        0.47837        0.44123   1   3
        0.47837        0.91465   1   4
        0.47837        1.07689   1   5
        0.47837        1.09796   1   6
        0.47837        1.17949   1   7
        0.47837        1.24089   1   8
        0.47837        1.46808   1   9
        0.49030       -0.67154   1   1
        0.49030        0.39575   1   2
        0.49030        0.49430   1   3
        0.49030        0.96536   1   4
        0.49030        1.06997   1   5
        0.49030        1.12765   1   6
        0.49030        1.16106   1   7
        0.49030        1.21934   1   8
        0.49030        1.42097   1   9
        0.50224       -0.69674   1   1
        0.50224        0.45436   1   2
        0.50224        0.54789   1   3
        0.50224        1.01563   1   4
        0.50224        1.04394   1   5
        0.50224        1.14973   1   6
        0.50224        1.17744   1   7
        0.50224        1.20358   1   8
        0.50224        1.37626   1   9
        0.51418       -0.71913   1   1
        0.51418        0.51591   1   2
        0.51418        0.60163   1   3
        0.51418        1.02004   1   4
        0.51418        1.05741   1   5
        0.51418        1.15264   1   6
        0.51418        1.19202   1   7
        0.51418        1.22250   1   8
        0.51418        1.33661   1   9
        0.52612       -0.73877   1   1
        0.52612        0.58064   1   2
        0.52612        0.65599   1   3
        0.52612        0.99880   1   4
        0.52612        1.07678   1   5
        0.52612        1.18203   1   6
        0.52612        1.18266   1   7
        0.52612        1.24382   1   8
        0.52612        1.31905   1   9
        0.53805       -0.75557   1   1
        0.53805        0.64862   1   2
        0.53805        0.71167   1   3
        0.53805        0.98095   1   4
        0.53805        1.07802   1   5
        0.53805        1.17055   1   6
        0.53805        1.21828   1   7
        0.53805        1.23393   1   8
        0.53805        1.34454   1   9
        0.54999       -0.76945   1   1
        0.54999        0.71930   1   2
        0.54999        0.76883   1   3
        0.54999        0.96707   1   4
        0.54999        1.07279   1   5
        0.54999        1.15465   1   6
        0.54999        1.17840   1   7
        0.54999        1.29221   1   8
        0.54999        1.37890   1   9
        0.56193       -0.78040   1   1
        0.56193        0.79079   1   2
        0.56193        0.82619   1   3
        0.56193        0.95727   1   4
        0.56193        1.06533   1   5
        0.56193        1.13234   1   6
        0.56193        1.13787   1   7
        0.56193        1.34935   1   8
        0.56193        1.40757   1   9
        0.57386       -0.78835   1   1
        0.57386        0.85935   1   2
        0.57386        0.88058   1   3
        0.57386        0.95114   1   4
        0.57386        1.05775   1   5
        0.57386        1.09966   1   6
        0.57386        1.10313   1   7
        0.57386        1.39812   1   8
        0.57386        1.42771   1   9
        0.58580       -0.79320   1   1
        0.58580        0.91812   1   2
        0.58580        0.92596   1   3
        0.58580        0.94793   1   4
        0.58580        1.05208   1   5
        0.58580        1.06643   1   6
        0.58580        1.06993   1   7
        0.58580        1.43124   1   8
        0.58580        1.43927   1   9
        0.59774       -0.79484   1   1
        0.59774        0.94696   1   2
        0.59774        0.94696   1   3
        0.59774        0.94696   1   4
        0.59774        1.04997   1   5
        0.59774        1.04997   1   6
        0.59774        1.04997   1   7
        0.59774        1.44300   1   8
        0.59774        1.44300   1   9
        0.59774       -0.79484   1   1
        0.59774        0.94696   1   2
        0.59774        0.94696   1   3
        0.59774        0.94696   1   4
        0.59774        1.04997   1   5
        0.59774        1.04997   1   6
        0.59774        1.04997   1   7
        0.59774        1.44300   1   8
        0.59774        1.44300   1   9
        0.60965       -0.79321   1   1
        0.60965        0.91185   1   2
        0.60965        0.94012   1   3
        0.60965        0.94012   1   4
        0.60965        1.05940   1   5
        0.60965        1.05940   1   6
        0.60965        1.06955   1   7
        0.60965        1.43528   1   8
        0.60965        1.43528   1   9
        0.62156       -0.78838   1   1
        0.62156        0.84128   1   2
        0.62156        0.92410   1   3
        0.62156        0.92410   1   4
        0.62156        1.08296   1   5
        0.62156        1.08296   1   6
        0.62156        1.09567   1   7
        0.62156        1.41306   1   8
        0.62156        1.41306   1   9
        0.63347       -0.78056   1   1
        0.63347        0.75931   1   2
        0.63347        0.90477   1   3
        0.63347        0.90477   1   4
        0.63347        1.11017   1   5
        0.63347        1.11408   1   6
        0.63347        1.11408   1   7
        0.63347        1.37931   1   8
        0.63347        1.37931   1   9
        0.64538       -0.76996   1   1
        0.64538        0.67367   1   2
        0.64538        0.88495   1   3
        0.64538        0.88495   1   4
        0.64538        1.11321   1   5
        0.64538        1.14851   1   6
        0.64538        1.14851   1   7
        0.64538        1.33909   1   8
        0.64538        1.33909   1   9
        0.65730       -0.75673   1   1
        0.65730        0.58861   1   2
        0.65730        0.86620   1   3
        0.65730        0.86620   1   4
        0.65730        1.10907   1   5
        0.65730        1.18031   1   6
        0.65730        1.18031   1   7
        0.65730        1.30151   1   8
        0.65730        1.30151   1   9
        0.66921       -0.74067   1   1
        0.66921        0.50613   1   2
        0.66921        0.84961   1   3
        0.66921        0.84961   1   4
        0.66921        1.10275   1   5
        0.66921        1.19156   1   6
        0.66921        1.19156   1   7
        0.66921        1.28814   1   8
        0.66921        1.28814   1   9
        0.68112       -0.72132   1   1
        0.68112        0.42670   1   2
        0.68112        0.83601   1   3
        0.68112        0.83601   1   4
        0.68112        1.09822   1   5
        0.68112        1.16926   1   6
        0.68112        1.16926   1   7
        0.68112        1.31439   1   8
        0.68112        1.31439   1   9
        0.69303       -0.69807   1   1
        0.69303        0.34944   1   2
        0.69303        0.82572   1   3
        0.69303        0.82572   1   4
        0.69303        1.09755   1   5
        0.69303        1.13583   1   6
        0.69303        1.13583   1   7
        0.69303        1.35837   1   8
        0.69303        1.35837   1   9
        0.70495       -0.67078   1   1
        0.70495        0.27369   1   2
        0.70495        0.81853   1   3
        0.70495        0.81853   1   4
        0.70495        1.10079   1   5
        0.70495        1.10150   1   6
        0.70495        1.10150   1   7
        0.70495        1.40866   1   8
        0.70495        1.40866   1   9
        0.71686       -0.63998   1   1
        0.71686        0.19927   1   2
        0.71686        0.81385   1   3
        0.71686        0.81385   1   4
        0.71686        1.06760   1   5
        0.71686        1.06760   1   6
        0.71686        1.10644   1   7
        0.71686        1.46213   1   8
        0.71686        1.46213   1   9
        0.72877       -0.60675   1   1
        0.72877        0.12676   1   2
        0.72877        0.81105   1   3
        0.72877        0.81105   1   4
        0.72877        1.03407   1   5
        0.72877        1.03407   1   6
        0.72877        1.11277   1   7
        0.72877        1.51780   1   8
        0.72877        1.51780   1   9
        0.74068       -0.57207   1   1
        0.74068        0.05677   1   2
        0.74068        0.80984   1   3
        0.74068        0.80984   1   4
        0.74068        1.00114   1   5
        0.74068        1.00114   1   6
        0.74068        1.11892   1   7
        0.74068        1.57597   1   8
        0.74068        1.57597   1   9
        0.75259       -0.53633   1   1
        0.75259       -0.00994   1   2
        0.75259        0.81043   1   3
        0.75259        0.81043   1   4
        0.75259        0.96984   1   5
        0.75259        0.96984   1   6
        0.75259        1.12503   1   7
        0.75259        1.63674   1   8
        0.75259        1.63674   1   9
        0.76451       -0.49878   1   1
        0.76451       -0.07324   1   2
        0.76451        0.81341   1   3
        0.76451        0.81341   1   4
        0.76451        0.94131   1   5
        0.76451        0.94131   1   6
        0.76451        1.13158   1   7
        0.76451        1.69895   1   8
        0.76451        1.69895   1   9
        0.77642       -0.45796   1   1
        0.77642       -0.13363   1   2
        0.77642        0.81943   1   3
        0.77642        0.81943   1   4
        0.77642        0.91623   1   5
        0.77642        0.91623   1   6
        0.77642        1.13854   1   7
        0.77642        1.75876   1   8
        0.77642        1.75876   1   9
        0.78833       -0.41242   1   1
        0.78833       -0.19236   1   2
        0.78833        0.82876   1   3
        0.78833        0.82876   1   4
        0.78833        0.89442   1   5
        0.78833        0.89442   1   6
        0.78833        1.14513   1   7
        0.78833        1.80995   1   8
        0.78833        1.80995   1   9
        0.80024       -0.36198   1   1
        0.80024       -0.25013   1   2
        0.80024        0.84085   1   3
        0.80024        0.84085   1   4
        0.80024        0.87563   1   5
        0.80024        0.87563   1   6
        0.80024        1.14998   1   7
        0.80024        1.84485   1   8
        0.80024        1.84485   1   9
        0.81216       -0.31271   1   1
        0.81216       -0.30171   1   2
        0.81216        0.85089   1   3
        0.81216        0.85089   1   4
        0.81216        0.86353   1   5
        0.81216        0.86353   1   6
        0.81216        1.15177   1   7
        0.81216        1.85727   1   8
        0.81216        1.85727   1   9
        0.81216       -0.31271   1   1
        0.81216       -0.30171   1   2
        0.81216        0.85089   1   3
        0.81216        0.85089   1   4
        0.81216        0.86353   1   5
        0.81216        0.86353   1   6
        0.81216        1.15177   1   7
        0.81216        1.85727   1   8
        0.81216        1.85727   1   9
        0.82466       -0.31079   1   1
        0.82466       -0.30022   1   2
        0.82466        0.80330   1   3
        0.82466        0.80472   1   4
        0.82466        0.89709   1   5
        0.82466        0.89872   1   6
        0.82466        1.16601   1   7
        0.82466        1.84564   1   8
        0.82466        1.85408   1   9
        0.83717       -0.30532   1   1
        0.83717       -0.29552   1   2
        0.83717        0.74118   1   3
        0.83717        0.74196   1   4
        0.83717        0.92510   1   5
        0.83717        0.92702   1   6
        0.83717        1.20526   1   7
        0.83717        1.81317   1   8
        0.83717        1.84430   1   9
        0.84967       -0.29693   1   1
        0.84967       -0.28720   1   2
        0.84967        0.66955   1   3
        0.84967        0.67673   1   4
        0.84967        0.94438   1   5
        0.84967        0.94789   1   6
        0.84967        1.26176   1   7
        0.84967        1.76592   1   8
        0.84967        1.82749   1   9
        0.86218       -0.28599   1   1
        0.86218       -0.27515   1   2
        0.86218        0.59516   1   3
        0.86218        0.61045   1   4
        0.86218        0.95761   1   5
        0.86218        0.96672   1   6
        0.86218        1.32819   1   7
        0.86218        1.71085   1   8
        0.86218        1.80370   1   9
        0.87468       -0.27244   1   1
        0.87468       -0.25981   1   2
        0.87468        0.52242   1   3
        0.87468        0.54468   1   4
        0.87468        0.96819   1   5
        0.87468        0.98648   1   6
        0.87468        1.39855   1   7
        0.87468        1.65335   1   8
        0.87468        1.77472   1   9
        0.88719       -0.25590   1   1
        0.88719       -0.24181   1   2
        0.88719        0.45332   1   3
        0.88719        0.48019   1   4
        0.88719        0.97987   1   5
        0.88719        1.00785   1   6
        0.88719        1.46562   1   7
        0.88719        1.59619   1   8
        0.88719        1.74610   1   9
        0.89969       -0.23613   1   1
        0.89969       -0.22138   1   2
        0.89969        0.38784   1   3
        0.89969        0.41723   1   4
        0.89969        0.99555   1   5
        0.89969        1.03051   1   6
        0.89969        1.51576   1   7
        0.89969        1.54002   1   8
        0.89969        1.73153   1   9
        0.91220       -0.21321   1   1
        0.91220       -0.19811   1   2
        0.91220        0.32530   1   3
        0.91220        0.35598   1   4
        0.91220        1.01633   1   5
        0.91220        1.05420   1   6
        0.91220        1.48483   1   7
        0.91220        1.52948   1   8
        0.91220        1.75167   1   9
        0.92470       -0.18742   1   1
        0.92470       -0.17143   1   2
        0.92470        0.26543   1   3
        0.92470        0.29684   1   4
        0.92470        1.04155   1   5
        0.92470        1.07902   1   6
        0.92470        1.43094   1   7
        0.92470        1.51016   1   8
        0.92470        1.80458   1   9
        0.93721       -0.15885   1   1
        0.93721       -0.14136   1   2
        0.93721        0.20832   1   3
        0.93721        0.24065   1   4
        0.93721        1.06977   1   5
        0.93721        1.10509   1   6
        0.93721        1.37917   1   7
        0.93721        1.47784   1   8
        0.93721        1.87081   1   9
        0.94971       -0.12737   1   1
        0.94971       -0.10909   1   2
        0.94971        0.15431   1   3
        0.94971        0.18880   1   4
        0.94971        1.09974   1   5
        0.94971        1.13174   1   6
        0.94971        1.33043   1   7
        0.94971        1.44355   1   8
        0.94971        1.93772   1   9
        0.96222       -0.09322   1   1
        0.96222       -0.07720   1   2
        0.96222        0.10403   1   3
        0.96222        0.14351   1   4
        0.96222        1.13080   1   5
        0.96222        1.15681   1   6
        0.96222        1.28552   1   7
        0.96222        1.41268   1   8
        0.96222        1.99591   1   9
        0.97472       -0.05887   1   1
        0.97472       -0.05059   1   2
        0.97472        0.06010   1   3
        0.97472        0.10912   1   4
        0.97472        1.16215   1   5
        0.97472        1.17605   1   6
        0.97472        1.24561   1   7
        0.97472        1.39009   1   8
        0.97472        2.03602   1   9
        0.98723       -0.03904   1   1
        0.98723       -0.03902   1   2
        0.98723        0.03712   1   3
        0.98723        0.09503   1   4
        0.98723        1.18352   1   5
        0.98723        1.18359   1   6
        0.98723        1.22130   1   7
        0.98723        1.38151   1   8
        0.98723        2.05038   1   9
        0.98723       -0.03904   1   1
        0.98723       -0.03902   1   2
        0.98723        0.03712   1   3
        0.98723        0.09503   1   4
        0.98723        1.18352   1   5
        0.98723        1.18359   1   6
        0.98723        1.22130   1   7
        0.98723        1.38151   1   8
        0.98723        2.05038   1   9
        0.99961       -0.06864   1   1
        0.99961       -0.00608   1   2
        0.99961        0.02445   1   3
        0.99961        0.11102   1   4
        0.99961        1.09413   1   5
        0.99961        1.18943   1   6
        0.99961        1.27607   1   7
        0.99961        1.41358   1   8
        0.99961        2.05096   1   9
        1.01199       -0.09482   1   1
        1.01199        0.00229   1   2
        1.01199        0.02989   1   3
        1.01199        0.14262   1   4
        1.01199        1.00794   1   5
        1.01199        1.12601   1   6
        1.01199        1.37069   1   7
        1.01199        1.47804   1   8
        1.01199        2.05207   1   9
        1.02437       -0.11763   1   1
        1.02437       -0.01960   1   2
        1.02437        0.06836   1   3
        1.02437        0.17901   1   4
        1.02437        0.92456   1   5
        1.02437        1.05569   1   6
        1.02437        1.46618   1   7
        1.02437        1.55115   1   8
        1.02437        2.05234   1   9
        1.03675       -0.13710   1   1
        1.03675       -0.03960   1   2
        1.03675        0.10900   1   3
        1.03675        0.21789   1   4
        1.03675        0.84364   1   5
        1.03675        0.98536   1   6
        1.03675        1.56241   1   7
        1.03675        1.62623   1   8
        1.03675        2.05066   1   9
        1.04913       -0.15326   1   1
        1.04913       -0.05721   1   2
        1.04913        0.15195   1   3
        1.04913        0.25887   1   4
        1.04913        0.76530   1   5
        1.04913        0.91749   1   6
        1.04913        1.66075   1   7
        1.04913        1.69933   1   8
        1.04913        2.04722   1   9
        1.06151       -0.16629   1   1
        1.06151       -0.07186   1   2
        1.06151        0.19785   1   3
        1.06151        0.30161   1   4
        1.06151        0.69004   1   5
        1.06151        0.85301   1   6
        1.06151        1.76221   1   7
        1.06151        1.76640   1   8
        1.06151        2.04357   1   9
        1.07388       -0.17658   1   1
        1.07388       -0.08317   1   2
        1.07388        0.24750   1   3
        1.07388        0.34474   1   4
        1.07388        0.61824   1   5
        1.07388        0.79294   1   6
        1.07388        1.82330   1   7
        1.07388        1.86371   1   8
        1.07388        2.04152   1   9
        1.08626       -0.18439   1   1
        1.08626       -0.09107   1   2
        1.08626        0.30127   1   3
        1.08626        0.38509   1   4
        1.08626        0.54980   1   5
        1.08626        0.74006   1   6
        1.08626        1.86637   1   7
        1.08626        1.95498   1   8
        1.08626        2.04171   1   9
        1.09864       -0.18947   1   1
        1.09864       -0.09572   1   2
        1.09864        0.35876   1   3
        1.09864        0.41649   1   4
        1.09864        0.48435   1   5
        1.09864        0.70072   1   6
        1.09864        1.89309   1   7
        1.09864        2.02007   1   8
        1.09864        2.04309   1   9
        1.11102       -0.19126   1   1
        1.11102       -0.09726   1   2
        1.11102        0.41159   1   3
        1.11102        0.42906   1   4
        1.11102        0.42906   1   5
        1.11102        0.68539   1   6
        1.11102        1.90213   1   7
        1.11102        2.04384   1   8
        1.11102        2.04384   1   9
