        0.00000       -0.82928   1   1
        0.00000        0.13601   1   2
        0.00000        0.13601   1   3
        0.00000        0.13601   1   4
        0.00000        0.27102   1   5
        0.00000        0.47872   1   6
        0.00000        0.47872   1   7
        0.00000        0.47872   1   8
        0.00000        0.95345   1   9
        0.00000        0.95345   1  10
        0.00000        1.23288   1  11
        0.00000        1.23288   1  12
        0.00000        1.23288   1  13
        0.00000        2.16018   1  14
        0.00000        2.16018   1  15
        0.00000        2.16018   1  16
        0.00000        2.30086   1  17
        0.00000        2.30086   1  18
        0.04762       -0.82851   1   1
        0.04762        0.12866   1   2
        0.04762        0.13393   1   3
        0.04762        0.13396   1   4
        0.04762        0.27830   1   5
        0.04762        0.47723   1   6
        0.04762        0.48141   1   7
        0.04762        0.48152   1   8
        0.04762        0.94685   1   9
        0.04762        0.95420   1  10
        0.04762        1.24119   1  11
        0.04762        1.24125   1  12
        0.04762        1.24350   1  13
        0.04762        2.14681   1  14
        0.04762        2.16460   1  15
        0.04762        2.16517   1  16
        0.04762        2.29643   1  17
        0.04762        2.32011   1  18
        0.09524       -0.82622   1   1
        0.09524        0.10866   1   2
        0.09524        0.12775   1   3
        0.09524        0.12780   1   4
        0.09524        0.29785   1   5
        0.09524        0.47275   1   6
        0.09524        0.48966   1   7
        0.09524        0.48982   1   8
        0.09524        0.92895   1   9
        0.09524        0.95648   1  10
        0.09524        1.26520   1  11
        0.09524        1.26645   1  12
        0.09524        1.27009   1  13
        0.09524        2.11891   1  14
        0.09524        2.17748   1  15
        0.09524        2.17919   1  16
        0.09524        2.28100   1  17
        0.09524        2.36258   1  18
        0.14286       -0.82243   1   1
        0.14286        0.07982   1   2
        0.14286        0.11771   1   3
        0.14286        0.11780   1   4
        0.14286        0.32545   1   5
        0.14286        0.46540   1   6
        0.14286        0.50345   1   7
        0.14286        0.50361   1   8
        0.14286        0.90392   1   9
        0.14286        0.96030   1  10
        0.14286        1.30240   1  11
        0.14286        1.30260   1  12
        0.14286        1.30619   1  13
        0.14286        2.08725   1  14
        0.14286        2.19706   1  15
        0.14286        2.20000   1  16
        0.14286        2.24940   1  17
        0.14286        2.41040   1  18
        0.19048       -0.81720   1   1
        0.19048        0.04588   1   2
        0.19048        0.10453   1   3
        0.19048        0.10460   1   4
        0.19048        0.35685   1   5
        0.19048        0.45575   1   6
        0.19048        0.52233   1   7
        0.19048        0.52245   1   8
        0.19048        0.87598   1   9
        0.19048        0.96571   1  10
        0.19048        1.34212   1  11
        0.19048        1.34444   1  12
        0.19048        1.35026   1  13
        0.19048        2.05352   1  14
        0.19048        2.19660   1  15
        0.19048        2.22058   1  16
        0.19048        2.22350   1  17
        0.19048        2.45554   1  18
        0.23810       -0.81060   1   1
        0.23810        0.01019   1   2
        0.23810        0.08926   1   3
        0.23810        0.08928   1   4
        0.23810        0.38650   1   5
        0.23810        0.44586   1   6
        0.23810        0.54533   1   7
        0.23810        0.54536   1   8
        0.23810        0.84870   1   9
        0.23810        0.97268   1  10
        0.23810        1.37830   1  11
        0.23810        1.37877   1  12
        0.23810        1.40549   1  13
        0.23810        2.01737   1  14
        0.23810        2.12171   1  15
        0.23810        2.24373   1  16
        0.23810        2.24454   1  17
        0.23810        2.49600   1  18
        0.28571       -0.80270   1   1
        0.28571       -0.02495   1   2
        0.28571        0.07295   1   3
        0.28571        0.07301   1   4
        0.28571        0.40305   1   5
        0.28571        0.44382   1   6
        0.28571        0.57110   1   7
        0.28571        0.57118   1   8
        0.28571        0.82509   1   9
        0.28571        0.98105   1  10
        0.28571        1.40538   1  11
        0.28571        1.40663   1  12
        0.28571        1.46388   1  13
        0.28571        1.97904   1  14
        0.28571        2.03074   1  15
        0.28571        2.25826   1  16
        0.28571        2.26100   1  17
        0.28571        2.53298   1  18
        0.33333       -0.79359   1   1
        0.33333       -0.05866   1   2
        0.33333        0.05647   1   3
        0.33333        0.05657   1   4
        0.33333        0.39776   1   5
        0.33333        0.45577   1   6
        0.33333        0.59855   1   7
        0.33333        0.59872   1   8
        0.33333        0.80778   1   9
        0.33333        0.99058   1  10
        0.33333        1.42286   1  11
        0.33333        1.42518   1  12
        0.33333        1.52170   1  13
        0.33333        1.93560   1  14
        0.33333        1.93929   1  15
        0.33333        2.26156   1  16
        0.33333        2.26748   1  17
        0.33333        2.56769   1  18
        0.38095       -0.78333   1   1
        0.38095       -0.09095   1   2
        0.38095        0.04028   1   3
        0.38095        0.04039   1   4
        0.38095        0.38441   1   5
        0.38095        0.46637   1   6
        0.38095        0.62697   1   7
        0.38095        0.62717   1   8
        0.38095        0.79905   1   9
        0.38095        1.00111   1  10
        0.38095        1.43174   1  11
        0.38095        1.43427   1  12
        0.38095        1.57737   1  13
        0.38095        1.84922   1  14
        0.38095        1.89919   1  15
        0.38095        2.25383   1  16
        0.38095        2.26083   1  17
        0.38095        2.59883   1  18
        0.42857       -0.77200   1   1
        0.42857       -0.12217   1   2
        0.42857        0.02455   1   3
        0.42857        0.02462   1   4
        0.42857        0.36984   1   5
        0.42857        0.46868   1   6
        0.42857        0.65601   1   7
        0.42857        0.65617   1   8
        0.42857        0.80033   1   9
        0.42857        1.01270   1  10
        0.42857        1.43378   1  11
        0.42857        1.43572   1  12
        0.42857        1.63103   1  13
        0.42857        1.77909   1  14
        0.42857        1.86054   1  15
        0.42857        2.23658   1  16
        0.42857        2.24195   1  17
        0.42857        2.62263   1  18
        0.47619       -0.75967   1   1
        0.47619       -0.15258   1   2
        0.47619        0.00938   1   3
        0.47619        0.00940   1   4
        0.47619        0.35572   1   5
        0.47619        0.46243   1   6
        0.47619        0.68557   1   7
        0.47619        0.68563   1   8
        0.47619        0.81160   1   9
        0.47619        1.02569   1  10
        0.47619        1.43104   1  11
        0.47619        1.43177   1  12
        0.47619        1.67893   1  13
        0.47619        1.72463   1  14
        0.47619        1.82952   1  15
        0.47619        2.21244   1  16
        0.47619        2.21433   1  17
        0.47619        2.63493   1  18
        0.52381       -0.74643   1   1
        0.52381       -0.18230   1   2
        0.52381       -0.00504   1   3
        0.52381       -0.00503   1   4
        0.52381        0.34261   1   5
        0.52381        0.44965   1   6
        0.52381        0.71557   1   7
        0.52381        0.71563   1   8
        0.52381        0.83133   1   9
        0.52381        1.04045   1  10
        0.52381        1.42418   1  11
        0.52381        1.42494   1  12
        0.52381        1.67990   1  13
        0.52381        1.69927   1  14
        0.52381        1.82809   1  15
        0.52381        2.18276   1  16
        0.52381        2.18445   1  17
        0.52381        2.63398   1  18
        0.57143       -0.73237   1   1
        0.57143       -0.21134   1   2
        0.57143       -0.01841   1   3
        0.57143       -0.01838   1   4
        0.57143        0.33080   1   5
        0.57143        0.43303   1   6
        0.57143        0.74603   1   7
        0.57143        0.74616   1   8
        0.57143        0.85722   1   9
        0.57143        1.05701   1  10
        0.57143        1.41376   1  11
        0.57143        1.41584   1  12
        0.57143        1.63840   1  13
        0.57143        1.67704   1  14
        0.57143        1.86807   1  15
        0.57143        2.15208   1  16
        0.57143        2.15597   1  17
        0.57143        2.62203   1  18
        0.61905       -0.71763   1   1
        0.61905       -0.23961   1   2
        0.61905       -0.03049   1   3
        0.61905       -0.03047   1   4
        0.61905        0.32046   1   5
        0.61905        0.41496   1   6
        0.61905        0.77706   1   7
        0.61905        0.77721   1   8
        0.61905        0.88714   1   9
        0.61905        1.07494   1  10
        0.61905        1.40062   1  11
        0.61905        1.40335   1  12
        0.61905        1.59614   1  13
        0.61905        1.63695   1  14
        0.61905        1.92034   1  15
        0.61905        2.12619   1  16
        0.61905        2.13047   1  17
        0.61905        2.60410   1  18
        0.66667       -0.70241   1   1
        0.66667       -0.26695   1   2
        0.66667       -0.04127   1   3
        0.66667       -0.04125   1   4
        0.66667        0.31180   1   5
        0.66667        0.39707   1   6
        0.66667        0.80871   1   7
        0.66667        0.80882   1   8
        0.66667        0.91966   1   9
        0.66667        1.09354   1  10
        0.66667        1.38469   1  11
        0.66667        1.38709   1  12
        0.66667        1.55229   1  13
        0.66667        1.59170   1  14
        0.66667        1.96998   1  15
        0.66667        2.10753   1  16
        0.66667        2.11090   1  17
        0.66667        2.58447   1  18
        0.71429       -0.68701   1   1
        0.71429       -0.29299   1   2
        0.71429       -0.05078   1   3
        0.71429       -0.05078   1   4
        0.71429        0.30490   1   5
        0.71429        0.38023   1   6
        0.71429        0.84077   1   7
        0.71429        0.84082   1   8
        0.71429        0.95399   1   9
        0.71429        1.11232   1  10
        0.71429        1.36619   1  11
        0.71429        1.36736   1  12
        0.71429        1.50828   1  13
        0.71429        1.54449   1  14
        0.71429        2.01540   1  15
        0.71429        2.09687   1  16
        0.71429        2.09856   1  17
        0.71429        2.56375   1  18
        0.76190       -0.67186   1   1
        0.76190       -0.31720   1   2
        0.76190       -0.05905   1   3
        0.76190       -0.05905   1   4
        0.76190        0.29977   1   5
        0.76190        0.36477   1   6
        0.76190        0.87260   1   7
        0.76190        0.87262   1   8
        0.76190        0.98935   1   9
        0.76190        1.13138   1  10
        0.76190        1.34535   1  11
        0.76190        1.34572   1  12
        0.76190        1.46648   1  13
        0.76190        1.49624   1  14
        0.76190        2.06003   1  15
        0.76190        2.09258   1  16
        0.76190        2.09323   1  17
        0.76190        2.53929   1  18
        0.80952       -0.65753   1   1
        0.80952       -0.33882   1   2
        0.80952       -0.06597   1   3
        0.80952       -0.06596   1   4
        0.80952        0.29633   1   5
        0.80952        0.35079   1   6
        0.80952        0.90290   1   7
        0.80952        0.90300   1   8
        0.80952        1.02427   1   9
        0.80952        1.15129   1  10
        0.80952        1.32280   1  11
        0.80952        1.32432   1  12
        0.80952        1.42895   1  13
        0.80952        1.44787   1  14
        0.80952        2.09063   1  15
        0.80952        2.09408   1  16
        0.80952        2.10749   1  17
        0.80952        2.50836   1  18
        0.85714       -0.64479   1   1
        0.85714       -0.35700   1   2
        0.85714       -0.07135   1   3
        0.85714       -0.07133   1   4
        0.85714        0.29447   1   5
        0.85714        0.33847   1   6
        0.85714        0.92995   1   7
        0.85714        0.93015   1   8
        0.85714        1.05634   1   9
        0.85714        1.17231   1  10
        0.85714        1.30169   1  11
        0.85714        1.30352   1  12
        0.85714        1.39684   1  13
        0.85714        1.40162   1  14
        0.85714        2.09052   1  15
        0.85714        2.09633   1  16
        0.85714        2.15824   1  17
        0.85714        2.47097   1  18
        0.90476       -0.63456   1   1
        0.90476       -0.37085   1   2
        0.90476       -0.07508   1   3
        0.90476       -0.07506   1   4
        0.90476        0.29405   1   5
        0.90476        0.32824   1   6
        0.90476        0.95168   1   7
        0.90476        0.95194   1   8
        0.90476        1.08269   1   9
        0.90476        1.19329   1  10
        0.90476        1.28408   1  11
        0.90476        1.28551   1  12
        0.90476        1.36161   1  13
        0.90476        1.37068   1  14
        0.90476        2.09127   1  15
        0.90476        2.09758   1  16
        0.90476        2.20884   1  17
        0.90476        2.43048   1  18
        0.95238       -0.62787   1   1
        0.95238       -0.37955   1   2
        0.95238       -0.07723   1   3
        0.95238       -0.07721   1   4
        0.95238        0.29463   1   5
        0.95238        0.32099   1   6
        0.95238        0.96598   1   7
        0.95238        0.96618   1   8
        0.95238        1.10042   1   9
        0.95238        1.21054   1  10
        0.95238        1.27222   1  11
        0.95238        1.27293   1  12
        0.95238        1.33357   1  13
        0.95238        1.35195   1  14
        0.95238        2.09282   1  15
        0.95238        2.09697   1  16
        0.95238        2.25241   1  17
        0.95238        2.39330   1  18
        1.00000       -0.62553   1   1
        1.00000       -0.38253   1   2
        1.00000       -0.07791   1   3
        1.00000       -0.07791   1   4
        1.00000        0.29511   1   5
        1.00000        0.31824   1   6
        1.00000        0.97108   1   7
        1.00000        0.97108   1   8
        1.00000        1.10678   1   9
        1.00000        1.21764   1  10
        1.00000        1.26818   1  11
        1.00000        1.26818   1  12
        1.00000        1.32332   1  13
        1.00000        1.34468   1  14
        1.00000        2.09500   1  15
        1.00000        2.09500   1  16
        1.00000        2.27311   1  17
        1.00000        2.37478   1  18
        1.00000       -0.62553   1   1
        1.00000       -0.38253   1   2
        1.00000       -0.07791   1   3
        1.00000       -0.07791   1   4
        1.00000        0.29511   1   5
        1.00000        0.31824   1   6
        1.00000        0.97108   1   7
        1.00000        0.97108   1   8
        1.00000        1.10678   1   9
        1.00000        1.21764   1  10
        1.00000        1.26818   1  11
        1.00000        1.26818   1  12
        1.00000        1.32332   1  13
        1.00000        1.34468   1  14
        1.00000        2.09500   1  15
        1.00000        2.09500   1  16
        1.00000        2.27311   1  17
        1.00000        2.37478   1  18
        1.05893       -0.62537   1   1
        1.05893       -0.38205   1   2
        1.05893       -0.08348   1   3
        1.05893       -0.07696   1   4
        1.05893        0.29960   1   5
        1.05893        0.32450   1   6
        1.05893        0.96259   1   7
        1.05893        0.96302   1   8
        1.05893        1.09609   1   9
        1.05893        1.20428   1  10
        1.05893        1.26172   1  11
        1.05893        1.27365   1  12
        1.05893        1.34990   1  13
        1.05893        1.36148   1  14
        1.05893        2.08851   1  15
        1.05893        2.09739   1  16
        1.05893        2.26480   1  17
        1.05893        2.36398   1  18
        1.11785       -0.62496   1   1
        1.11785       -0.38061   1   2
        1.11785       -0.09822   1   3
        1.11785       -0.07409   1   4
        1.11785        0.30671   1   5
        1.11785        0.34768   1   6
        1.11785        0.94047   1   7
        1.11785        0.94151   1   8
        1.11785        1.06512   1   9
        1.11785        1.17113   1  10
        1.11785        1.26789   1  11
        1.11785        1.29557   1  12
        1.11785        1.39594   1  13
        1.11785        1.39889   1  14
        1.11785        2.06760   1  15
        1.11785        2.10366   1  16
        1.11785        2.23584   1  17
        1.11785        2.33817   1  18
        1.17678       -0.62455   1   1
        1.17678       -0.37829   1   2
        1.17678       -0.11781   1   3
        1.17678       -0.06931   1   4
        1.17678        0.31324   1   5
        1.17678        0.38675   1   6
        1.17678        0.91075   1   7
        1.17678        0.91177   1   8
        1.17678        1.02185   1   9
        1.17678        1.13035   1  10
        1.17678        1.29051   1  11
        1.17678        1.32907   1  12
        1.17678        1.43388   1  13
        1.17678        1.45112   1  14
        1.17678        2.03047   1  15
        1.17678        2.11186   1  16
        1.17678        2.18138   1  17
        1.17678        2.31022   1  18
        1.23570       -0.62459   1   1
        1.23570       -0.37525   1   2
        1.23570       -0.13803   1   3
        1.23570       -0.06266   1   4
        1.23570        0.32075   1   5
        1.23570        0.43605   1   6
        1.23570        0.87807   1   7
        1.23570        0.87815   1   8
        1.23570        0.97434   1   9
        1.23570        1.08672   1  10
        1.23570        1.32137   1  11
        1.23570        1.36786   1  12
        1.23570        1.47196   1  13
        1.23570        1.50121   1  14
        1.23570        1.97898   1  15
        1.23570        2.11073   1  16
        1.23570        2.12040   1  17
        1.23570        2.28416   1  18
        1.29463       -0.62571   1   1
        1.29463       -0.37169   1   2
        1.29463       -0.15573   1   3
        1.29463       -0.05429   1   4
        1.29463        0.32981   1   5
        1.29463        0.49173   1   6
        1.29463        0.84336   1   7
        1.29463        0.84573   1   8
        1.29463        0.92662   1   9
        1.29463        1.04208   1  10
        1.29463        1.35489   1  11
        1.29463        1.40835   1  12
        1.29463        1.51119   1  13
        1.29463        1.54678   1  14
        1.29463        1.91933   1  15
        1.29463        2.04014   1  16
        1.29463        2.12926   1  17
        1.29463        2.25809   1  18
        1.35355       -0.62856   1   1
        1.35355       -0.36751   1   2
        1.35355       -0.16880   1   3
        1.35355       -0.04434   1   4
        1.35355        0.34045   1   5
        1.35355        0.55074   1   6
        1.35355        0.80873   1   7
        1.35355        0.81642   1   8
        1.35355        0.88048   1   9
        1.35355        0.99822   1  10
        1.35355        1.38681   1  11
        1.35355        1.44898   1  12
        1.35355        1.55384   1  13
        1.35355        1.58499   1  14
        1.35355        1.85913   1  15
        1.35355        1.98056   1  16
        1.35355        2.14029   1  17
        1.35355        2.23095   1  18
        1.35355       -0.62856   1   1
        1.35355       -0.36751   1   2
        1.35355       -0.16880   1   3
        1.35355       -0.04434   1   4
        1.35355        0.34045   1   5
        1.35355        0.55074   1   6
        1.35355        0.80873   1   7
        1.35355        0.81642   1   8
        1.35355        0.88048   1   9
        1.35355        0.99822   1  10
        1.35355        1.38681   1  11
        1.35355        1.44898   1  12
        1.35355        1.55384   1  13
        1.35355        1.58499   1  14
        1.35355        1.85913   1  15
        1.35355        1.98056   1  16
        1.35355        2.14029   1  17
        1.35355        2.23095   1  18
        1.40177       -0.63258   1   1
        1.40177       -0.36322   1   2
        1.40177       -0.17519   1   3
        1.40177       -0.03511   1   4
        1.40177        0.35019   1   5
        1.40177        0.59864   1   6
        1.40177        0.78093   1   7
        1.40177        0.79710   1   8
        1.40177        0.84472   1   9
        1.40177        0.96436   1  10
        1.40177        1.40874   1  11
        1.40177        1.48227   1  12
        1.40177        1.59183   1  13
        1.40177        1.60552   1  14
        1.40177        1.81504   1  15
        1.40177        1.94410   1  16
        1.40177        2.15282   1  17
        1.40177        2.20785   1  18
        1.44998       -0.63833   1   1
        1.44998       -0.35754   1   2
        1.44998       -0.17739   1   3
        1.44998       -0.02498   1   4
        1.44998        0.36065   1   5
        1.44998        0.64096   1   6
        1.44998        0.75380   1   7
        1.44998        0.78646   1   8
        1.44998        0.81173   1   9
        1.44998        0.93334   1  10
        1.44998        1.42434   1  11
        1.44998        1.51593   1  12
        1.44998        1.60630   1  13
        1.44998        1.63129   1  14
        1.44998        1.78525   1  15
        1.44998        1.92042   1  16
        1.44998        2.16976   1  17
        1.44998        2.18419   1  18
        1.49819       -0.64591   1   1
        1.49819       -0.34992   1   2
        1.49819       -0.17543   1   3
        1.49819       -0.01401   1   4
        1.49819        0.37160   1   5
        1.49819        0.66685   1   6
        1.49819        0.72747   1   7
        1.49819        0.77652   1   8
        1.49819        0.80096   1   9
        1.49819        0.90563   1  10
        1.49819        1.43032   1  11
        1.49819        1.55015   1  12
        1.49819        1.58123   1  13
        1.49819        1.66942   1  14
        1.49819        1.78001   1  15
        1.49819        1.91010   1  16
        1.49819        2.16068   1  17
        1.49819        2.19129   1  18
        1.54640       -0.65526   1   1
        1.54640       -0.34004   1   2
        1.54640       -0.16959   1   3
        1.54640       -0.00234   1   4
        1.54640        0.38271   1   5
        1.54640        0.67043   1   6
        1.54640        0.70210   1   7
        1.54640        0.74875   1   8
        1.54640        0.83812   1   9
        1.54640        0.88126   1  10
        1.54640        1.42007   1  11
        1.54640        1.54671   1  12
        1.54640        1.58466   1  13
        1.54640        1.70281   1  14
        1.54640        1.79478   1  15
        1.54640        1.91379   1  16
        1.54640        2.13848   1  17
        1.54640        2.21670   1  18
        1.59461       -0.66616   1   1
        1.59461       -0.32787   1   2
        1.59461       -0.16030   1   3
        1.59461        0.00983   1   4
        1.59461        0.39350   1   5
        1.59461        0.66244   1   6
        1.59461        0.67789   1   7
        1.59461        0.72214   1   8
        1.59461        0.86001   1   9
        1.59461        0.89503   1  10
        1.59461        1.38739   1  11
        1.59461        1.52449   1  12
        1.59461        1.61867   1  13
        1.59461        1.72869   1  14
        1.59461        1.82121   1  15
        1.59461        1.93193   1  16
        1.59461        2.11909   1  17
        1.59461        2.24493   1  18
        1.64282       -0.67832   1   1
        1.64282       -0.31354   1   2
        1.64282       -0.14806   1   3
        1.64282        0.02228   1   4
        1.64282        0.40336   1   5
        1.64282        0.65222   1   6
        1.64282        0.65499   1   7
        1.64282        0.69774   1   8
        1.64282        0.84161   1   9
        1.64282        0.96213   1  10
        1.64282        1.33993   1  11
        1.64282        1.51556   1  12
        1.64282        1.65093   1  13
        1.64282        1.74587   1  14
        1.64282        1.85599   1  15
        1.64282        1.96348   1  16
        1.64282        2.10415   1  17
        1.64282        2.27517   1  18
        1.69104       -0.69136   1   1
        1.69104       -0.29716   1   2
        1.69104       -0.13336   1   3
        1.69104        0.03474   1   4
        1.69104        0.41152   1   5
        1.69104        0.63352   1   6
        1.69104        0.64276   1   7
        1.69104        0.67631   1   8
        1.69104        0.82604   1   9
        1.69104        1.03436   1  10
        1.69104        1.28838   1  11
        1.69104        1.51202   1  12
        1.69104        1.67959   1  13
        1.69104        1.75555   1  14
        1.69104        1.89696   1  15
        1.69104        2.00424   1  16
        1.69104        2.09627   1  17
        1.69104        2.30721   1  18
        1.73925       -0.70492   1   1
        1.73925       -0.27856   1   2
        1.73925       -0.11654   1   3
        1.73925        0.04702   1   4
        1.73925        0.41728   1   5
        1.73925        0.61353   1   6
        1.73925        0.63221   1   7
        1.73925        0.66050   1   8
        1.73925        0.81355   1   9
        1.73925        1.10701   1  10
        1.73925        1.23630   1  11
        1.73925        1.50981   1  12
        1.73925        1.70079   1  13
        1.73925        1.76284   1  14
        1.73925        1.94098   1  15
        1.73925        2.04099   1  16
        1.73925        2.10466   1  17
        1.73925        2.34127   1  18
        1.78746       -0.71871   1   1
        1.78746       -0.25743   1   2
        1.78746       -0.09788   1   3
        1.78746        0.05898   1   4
        1.78746        0.42012   1   5
        1.78746        0.59501   1   6
        1.78746        0.61704   1   7
        1.78746        0.65308   1   8
        1.78746        0.80467   1   9
        1.78746        1.17422   1  10
        1.78746        1.18476   1  11
        1.78746        1.50731   1  12
        1.78746        1.70807   1  13
        1.78746        1.77684   1  14
        1.78746        1.98445   1  15
        1.78746        2.05461   1  16
        1.78746        2.14247   1  17
        1.78746        2.37739   1  18
        1.83567       -0.73243   1   1
        1.83567       -0.23351   1   2
        1.83567       -0.07755   1   3
        1.83567        0.07049   1   4
        1.83567        0.41987   1   5
        1.83567        0.57791   1   6
        1.83567        0.59914   1   7
        1.83567        0.65061   1   8
        1.83567        0.79993   1   9
        1.83567        1.13147   1  10
        1.83567        1.23484   1  11
        1.83567        1.50354   1  12
        1.83567        1.70160   1  13
        1.83567        1.80039   1  14
        1.83567        2.02420   1  15
        1.83567        2.05723   1  16
        1.83567        2.19200   1  17
        1.83567        2.41464   1  18
        1.88388       -0.74584   1   1
        1.88388       -0.20687   1   2
        1.88388       -0.05576   1   3
        1.88388        0.08143   1   4
        1.88388        0.41673   1   5
        1.88388        0.56216   1   6
        1.88388        0.58113   1   7
        1.88388        0.64880   1   8
        1.88388        0.79974   1   9
        1.88388        1.08183   1  10
        1.88388        1.28386   1  11
        1.88388        1.49755   1  12
        1.88388        1.68727   1  13
        1.88388        1.82988   1  14
        1.88388        2.05420   1  15
        1.88388        2.06433   1  16
        1.88388        2.23898   1  17
        1.88388        2.45088   1  18
        1.93210       -0.75875   1   1
        1.93210       -0.17797   1   2
        1.93210       -0.03277   1   3
        1.93210        0.09164   1   4
        1.93210        0.41122   1   5
        1.93210        0.54771   1   6
        1.93210        0.56399   1   7
        1.93210        0.64519   1   8
        1.93210        0.80415   1   9
        1.93210        1.03795   1  10
        1.93210        1.32247   1  11
        1.93210        1.48824   1  12
        1.93210        1.66762   1  13
        1.93210        1.86325   1  14
        1.93210        2.06213   1  15
        1.93210        2.09279   1  16
        1.93210        2.27843   1  17
        1.93210        2.48288   1  18
        1.98031       -0.77096   1   1
        1.98031       -0.14751   1   2
        1.98031       -0.00899   1   3
        1.98031        0.10096   1   4
        1.98031        0.40402   1   5
        1.98031        0.53452   1   6
        1.98031        0.54809   1   7
        1.98031        0.63815   1   8
        1.98031        0.81284   1   9
        1.98031        1.00254   1  10
        1.98031        1.35139   1  11
        1.98031        1.47444   1  12
        1.98031        1.64219   1  13
        1.98031        1.89924   1  14
        1.98031        2.07288   1  15
        1.98031        2.12301   1  16
        1.98031        2.30710   1  17
        1.98031        2.50700   1  18
        2.02852       -0.78233   1   1
        2.02852       -0.11591   1   2
        2.02852        0.01513   1   3
        2.02852        0.10925   1   4
        2.02852        0.39566   1   5
        2.02852        0.52263   1   6
        2.02852        0.53359   1   7
        2.02852        0.62638   1   8
        2.02852        0.82523   1   9
        2.02852        0.97652   1  10
        2.02852        1.37076   1  11
        2.02852        1.45506   1  12
        2.02852        1.60918   1  13
        2.02852        1.93630   1  14
        2.02852        2.08985   1  15
        2.02852        2.15598   1  16
        2.02852        2.32193   1  17
        2.02852        2.51981   1  18
        2.07673       -0.79272   1   1
        2.07673       -0.08311   1   2
        2.07673        0.03901   1   3
        2.07673        0.11639   1   4
        2.07673        0.38615   1   5
        2.07673        0.51208   1   6
        2.07673        0.52057   1   7
        2.07673        0.60885   1   8
        2.07673        0.84065   1   9
        2.07673        0.95917   1  10
        2.07673        1.37963   1  11
        2.07673        1.42945   1  12
        2.07673        1.56687   1  13
        2.07673        1.97267   1  14
        2.07673        2.11091   1  15
        2.07673        2.19351   1  16
        2.07673        2.32077   1  17
        2.07673        2.51883   1  18
        2.12494       -0.80202   1   1
        2.12494       -0.04847   1   2
        2.12494        0.06197   1   3
        2.12494        0.12232   1   4
        2.12494        0.37483   1   5
        2.12494        0.50296   1   6
        2.12494        0.50910   1   7
        2.12494        0.58535   1   8
        2.12494        0.85839   1   9
        2.12494        0.94900   1  10
        2.12494        1.37626   1  11
        2.12494        1.39808   1  12
        2.12494        1.51484   1  13
        2.12494        2.00694   1  14
        2.12494        2.13162   1  15
        2.12494        2.23320   1  16
        2.12494        2.30384   1  17
        2.12494        2.50318   1  18
        2.17315       -0.81011   1   1
        2.17315       -0.01128   1   2
        2.17315        0.08319   1   3
        2.17315        0.12704   1   4
        2.17315        0.36048   1   5
        2.17315        0.49532   1   6
        2.17315        0.49929   1   7
        2.17315        0.55764   1   8
        2.17315        0.87777   1   9
        2.17315        0.94444   1  10
        2.17315        1.35633   1  11
        2.17315        1.36604   1  12
        2.17315        1.45484   1  13
        2.17315        2.03869   1  14
        2.17315        2.14801   1  15
        2.17315        2.26607   1  16
        2.17315        2.27714   1  17
        2.17315        2.47419   1  18
        2.22137       -0.81688   1   1
        2.22137        0.02811   1   2
        2.22137        0.10171   1   3
        2.22137        0.13061   1   4
        2.22137        0.34199   1   5
        2.22137        0.48917   1   6
        2.22137        0.49134   1   7
        2.22137        0.52985   1   8
        2.22137        0.89797   1   9
        2.22137        0.94400   1  10
        2.22137        1.32046   1  11
        2.22137        1.33706   1  12
        2.22137        1.39122   1  13
        2.22137        2.06853   1  14
        2.22137        2.15813   1  15
        2.22137        2.23854   1  16
        2.22137        2.29437   1  17
        2.22137        2.43538   1  18
        2.26958       -0.82225   1   1
        2.26958        0.06736   1   2
        2.26958        0.11666   1   3
        2.26958        0.13315   1   4
        2.26958        0.31972   1   5
        2.26958        0.48451   1   6
        2.26958        0.48542   1   7
        2.26958        0.50665   1   8
        2.26958        0.91786   1   9
        2.26958        0.94620   1  10
        2.26958        1.28521   1  11
        2.26958        1.30294   1  12
        2.26958        1.33032   1  13
        2.26958        2.09744   1  14
        2.26958        2.16234   1  15
        2.26958        2.20567   1  16
        2.26958        2.30565   1  17
        2.26958        2.39181   1  18
        2.31779       -0.82614   1   1
        2.31779        0.10203   1   2
        2.31779        0.12745   1   3
        2.31779        0.13480   1   4
        2.31779        0.29672   1   5
        2.31779        0.48126   1   6
        2.31779        0.48151   1   7
        2.31779        0.49057   1   8
        2.31779        0.93565   1   9
        2.31779        0.94950   1  10
        2.31779        1.25683   1  11
        2.31779        1.26871   1  12
        2.31779        1.27933   1  13
        2.31779        2.12546   1  14
        2.31779        2.16249   1  15
        2.31779        2.18034   1  16
        2.31779        2.30649   1  17
        2.31779        2.34929   1  18
        2.36600       -0.82849   1   1
        2.36600        0.12675   1   2
        2.36600        0.13388   1   3
        2.36600        0.13572   1   4
        2.36600        0.27834   1   5
        2.36600        0.47935   1   6
        2.36600        0.47938   1   7
        2.36600        0.48157   1   8
        2.36600        0.94859   1   9
        2.36600        0.95234   1  10
        2.36600        1.23870   1  11
        2.36600        1.24291   1  12
        2.36600        1.24505   1  13
        2.36600        2.14949   1  14
        2.36600        2.16101   1  15
        2.36600        2.16514   1  16
        2.36600        2.30288   1  17
        2.36600        2.31513   1  18
        2.41421       -0.82928   1   1
        2.41421        0.13601   1   2
        2.41421        0.13601   1   3
        2.41421        0.13601   1   4
        2.41421        0.27102   1   5
        2.41421        0.47872   1   6
        2.41421        0.47872   1   7
        2.41421        0.47872   1   8
        2.41421        0.95345   1   9
        2.41421        0.95345   1  10
        2.41421        1.23288   1  11
        2.41421        1.23288   1  12
        2.41421        1.23288   1  13
        2.41421        2.16018   1  14
        2.41421        2.16018   1  15
        2.41421        2.16018   1  16
        2.41421        2.30086   1  17
        2.41421        2.30086   1  18
        2.41421       -0.82928   1   1
        2.41421        0.13601   1   2
        2.41421        0.13601   1   3
        2.41421        0.13601   1   4
        2.41421        0.27102   1   5
        2.41421        0.47872   1   6
        2.41421        0.47872   1   7
        2.41421        0.47872   1   8
        2.41421        0.95345   1   9
        2.41421        0.95345   1  10
        2.41421        1.23288   1  11
        2.41421        1.23288   1  12
        2.41421        1.23288   1  13
        2.41421        2.16018   1  14
        2.41421        2.16018   1  15
        2.41421        2.16018   1  16
        2.41421        2.30086   1  17
        2.41421        2.30086   1  18
        2.46233       -0.82850   1   1
        2.46233        0.12622   1   2
        2.46233        0.13511   1   3
        2.46233        0.13511   1   4
        2.46233        0.27827   1   5
        2.46233        0.48004   1   6
        2.46233        0.48004   1   7
        2.46233        0.48022   1   8
        2.46233        0.95050   1   9
        2.46233        0.95050   1  10
        2.46233        1.23966   1  11
        2.46233        1.24345   1  12
        2.46233        1.24345   1  13
        2.46233        2.15421   1  14
        2.46233        2.15421   1  15
        2.46233        2.16711   1  16
        2.46233        2.31004   1  17
        2.46233        2.31004   1  18
        2.51044       -0.82615   1   1
        2.51044        0.10001   1   2
        2.51044        0.13237   1   3
        2.51044        0.13237   1   4
        2.51044        0.29602   1   5
        2.51044        0.48409   1   6
        2.51044        0.48409   1   7
        2.51044        0.48540   1   8
        2.51044        0.94276   1   9
        2.51044        0.94276   1  10
        2.51044        1.25650   1  11
        2.51044        1.27411   1  12
        2.51044        1.27411   1  13
        2.51044        2.14096   1  14
        2.51044        2.14096   1  15
        2.51044        2.18638   1  16
        2.51044        2.33515   1  17
        2.51044        2.33515   1  18
        2.55855       -0.82228   1   1
        2.55855        0.06307   1   2
        2.55855        0.12779   1   3
        2.55855        0.12779   1   4
        2.55855        0.31673   1   5
        2.55855        0.49083   1   6
        2.55855        0.49083   1   7
        2.55855        0.49666   1   8
        2.55855        0.93240   1   9
        2.55855        0.93240   1  10
        2.55855        1.28137   1  11
        2.55855        1.31865   1  12
        2.55855        1.31865   1  13
        2.55855        2.12789   1  14
        2.55855        2.12789   1  15
        2.55855        2.21265   1  16
        2.55855        2.36838   1  17
        2.55855        2.36838   1  18
        2.60666       -0.81693   1   1
        2.60666        0.02069   1   2
        2.60666        0.12155   1   3
        2.60666        0.12155   1   4
        2.60666        0.33328   1   5
        2.60666        0.49985   1   6
        2.60666        0.49985   1   7
        2.60666        0.51699   1   8
        2.60666        0.92132   1   9
        2.60666        0.92132   1  10
        2.60666        1.31028   1  11
        2.60666        1.36919   1  12
        2.60666        1.36919   1  13
        2.60666        2.11805   1  14
        2.60666        2.11805   1  15
        2.60666        2.23700   1  16
        2.60666        2.40077   1  17
        2.60666        2.40077   1  18
        2.65478       -0.81017   1   1
        2.65478       -0.02259   1   2
        2.65478        0.11406   1   3
        2.65478        0.11406   1   4
        2.65478        0.34154   1   5
        2.65478        0.51030   1   6
        2.65478        0.51030   1   7
        2.65478        0.54667   1   8
        2.65478        0.91097   1   9
        2.65478        0.91097   1  10
        2.65478        1.33798   1  11
        2.65478        1.41758   1  12
        2.65478        1.41758   1  13
        2.65478        2.11022   1  14
        2.65478        2.11022   1  15
        2.65478        2.24954   1  16
        2.65478        2.42411   1  17
        2.65478        2.42411   1  18
        2.70289       -0.80209   1   1
        2.70289       -0.06413   1   2
        2.70289        0.10596   1   3
        2.70289        0.10596   1   4
        2.70289        0.34210   1   5
        2.70289        0.52100   1   6
        2.70289        0.52100   1   7
        2.70289        0.58180   1   8
        2.70289        0.90244   1   9
        2.70289        0.90244   1  10
        2.70289        1.35976   1  11
        2.70289        1.45714   1  12
        2.70289        1.45714   1  13
        2.70289        2.10183   1  14
        2.70289        2.10183   1  15
        2.70289        2.24244   1  16
        2.70289        2.43322   1  17
        2.70289        2.43322   1  18
        2.75100       -0.79283   1   1
        2.75100       -0.10331   1   2
        2.75100        0.09780   1   3
        2.75100        0.09780   1   4
        2.75100        0.33786   1   5
        2.75100        0.53082   1   6
        2.75100        0.53082   1   7
        2.75100        0.61777   1   8
        2.75100        0.89665   1   9
        2.75100        0.89665   1  10
        2.75100        1.37276   1  11
        2.75100        1.48400   1  12
        2.75100        1.48400   1  13
        2.75100        2.09222   1  14
        2.75100        2.09222   1  15
        2.75100        2.21203   1  16
        2.75100        2.42811   1  17
        2.75100        2.42811   1  18
        2.79911       -0.78253   1   1
        2.79911       -0.14061   1   2
        2.79911        0.08995   1   3
        2.79911        0.08995   1   4
        2.79911        0.33138   1   5
        2.79911        0.53898   1   6
        2.79911        0.53898   1   7
        2.79911        0.65254   1   8
        2.79911        0.89454   1   9
        2.79911        0.89454   1  10
        2.79911        1.37638   1  11
        2.79911        1.49720   1  12
        2.79911        1.49720   1  13
        2.79911        2.08385   1  14
        2.79911        2.08385   1  15
        2.79911        2.15960   1  16
        2.79911        2.41335   1  17
        2.79911        2.41335   1  18
        2.84723       -0.77134   1   1
        2.84723       -0.17650   1   2
        2.84723        0.08251   1   3
        2.84723        0.08251   1   4
        2.84723        0.32420   1   5
        2.84723        0.54513   1   6
        2.84723        0.54513   1   7
        2.84723        0.68648   1   8
        2.84723        0.89717   1   9
        2.84723        0.89717   1  10
        2.84723        1.37190   1  11
        2.84723        1.49782   1  12
        2.84723        1.49782   1  13
        2.84723        2.08078   1  14
        2.84723        2.08078   1  15
        2.84723        2.09103   1  16
        2.84723        2.39545   1  17
        2.84723        2.39545   1  18
        2.89534       -0.75946   1   1
        2.89534       -0.21108   1   2
        2.89534        0.07546   1   3
        2.89534        0.07546   1   4
        2.89534        0.31699   1   5
        2.89534        0.54921   1   6
        2.89534        0.54921   1   7
        2.89534        0.72089   1   8
        2.89534        0.90551   1   9
        2.89534        0.90551   1  10
        2.89534        1.36169   1  11
        2.89534        1.48770   1  12
        2.89534        1.48770   1  13
        2.89534        2.01503   1  14
        2.89534        2.08579   1  15
        2.89534        2.08579   1  16
        2.89534        2.38005   1  17
        2.89534        2.38005   1  18
        2.94345       -0.74710   1   1
        2.94345       -0.24391   1   2
        2.94345        0.06879   1   3
        2.94345        0.06879   1   4
        2.94345        0.31003   1   5
        2.94345        0.55134   1   6
        2.94345        0.55134   1   7
        2.94345        0.75652   1   8
        2.94345        0.92005   1   9
        2.94345        0.92005   1  10
        2.94345        1.34803   1  11
        2.94345        1.46836   1  12
        2.94345        1.46836   1  13
        2.94345        1.94047   1  14
        2.94345        2.09898   1  15
        2.94345        2.09898   1  16
        2.94345        2.36993   1  17
        2.94345        2.36993   1  18
        2.99156       -0.73457   1   1
        2.99156       -0.27430   1   2
        2.99156        0.06263   1   3
        2.99156        0.06263   1   4
        2.99156        0.30346   1   5
        2.99156        0.55182   1   6
        2.99156        0.55182   1   7
        2.99156        0.79293   1   8
        2.99156        0.94053   1   9
        2.99156        0.94053   1  10
        2.99156        1.33238   1  11
        2.99156        1.44068   1  12
        2.99156        1.44068   1  13
        2.99156        1.87353   1  14
        2.99156        2.11801   1  15
        2.99156        2.11801   1  16
        2.99156        2.36433   1  17
        2.99156        2.36433   1  18
        3.03968       -0.72226   1   1
        3.03968       -0.30160   1   2
        3.03968        0.05719   1   3
        3.03968        0.05719   1   4
        3.03968        0.29754   1   5
        3.03968        0.55107   1   6
        3.03968        0.55107   1   7
        3.03968        0.82893   1   8
        3.03968        0.96600   1   9
        3.03968        0.96600   1  10
        3.03968        1.31518   1  11
        3.03968        1.40507   1  12
        3.03968        1.40507   1  13
        3.03968        1.81601   1  14
        3.03968        2.13967   1  15
        3.03968        2.13967   1  16
        3.03968        2.36003   1  17
        3.03968        2.36003   1  18
        3.08779       -0.71071   1   1
        3.08779       -0.32527   1   2
        3.08779        0.05271   1   3
        3.08779        0.05271   1   4
        3.08779        0.29258   1   5
        3.08779        0.54959   1   6
        3.08779        0.54959   1   7
        3.08779        0.86314   1   8
        3.08779        0.99527   1   9
        3.08779        0.99527   1  10
        3.08779        1.29650   1  11
        3.08779        1.36229   1  12
        3.08779        1.36229   1  13
        3.08779        1.76633   1  14
        3.08779        2.16133   1  15
        3.08779        2.16133   1  16
        3.08779        2.35351   1  17
        3.08779        2.35351   1  18
        3.13590       -0.70052   1   1
        3.13590       -0.34484   1   2
        3.13590        0.04929   1   3
        3.13590        0.04929   1   4
        3.13590        0.28879   1   5
        3.13590        0.54789   1   6
        3.13590        0.54789   1   7
        3.13590        0.89426   1   8
        3.13590        1.02746   1   9
        3.13590        1.02746   1  10
        3.13590        1.27691   1  11
        3.13590        1.31413   1  12
        3.13590        1.31413   1  13
        3.13590        1.72233   1  14
        3.13590        2.18163   1  15
        3.13590        2.18163   1  16
        3.13590        2.34283   1  17
        3.13590        2.34283   1  18
        3.18401       -0.69242   1   1
        3.18401       -0.35971   1   2
        3.18401        0.04692   1   3
        3.18401        0.04692   1   4
        3.18401        0.28623   1   5
        3.18401        0.54639   1   6
        3.18401        0.54639   1   7
        3.18401        0.92049   1   8
        3.18401        1.06194   1   9
        3.18401        1.06194   1  10
        3.18401        1.25821   1  11
        3.18401        1.26381   1  12
        3.18401        1.26381   1  13
        3.18401        1.68436   1  14
        3.18401        2.19966   1  15
        3.18401        2.19966   1  16
        3.18401        2.32878   1  17
        3.18401        2.32878   1  18
        3.23213       -0.68715   1   1
        3.23213       -0.36914   1   2
        3.23213        0.04552   1   3
        3.23213        0.04552   1   4
        3.23213        0.28476   1   5
        3.23213        0.54537   1   6
        3.23213        0.54537   1   7
        3.23213        0.93878   1   8
        3.23213        1.09674   1   9
        3.23213        1.09674   1  10
        3.23213        1.21682   1  11
        3.23213        1.21682   1  12
        3.23213        1.24361   1  13
        3.23213        1.65652   1  14
        3.23213        2.21279   1  15
        3.23213        2.21279   1  16
        3.23213        2.31574   1  17
        3.23213        2.31574   1  18
        3.28024       -0.68531   1   1
        3.28024       -0.37242   1   2
        3.28024        0.04499   1   3
        3.28024        0.04499   1   4
        3.28024        0.28424   1   5
        3.28024        0.54500   1   6
        3.28024        0.54500   1   7
        3.28024        0.94526   1   8
        3.28024        1.11718   1   9
        3.28024        1.11718   1  10
        3.28024        1.19108   1  11
        3.28024        1.19108   1  12
        3.28024        1.23694   1  13
        3.28024        1.64482   1  14
        3.28024        2.21500   1  15
        3.28024        2.21500   1  16
        3.28024        2.31182   1  17
        3.28024        2.31182   1  18
        3.28024       -0.68531   1   1
        3.28024       -0.37242   1   2
        3.28024        0.04499   1   3
        3.28024        0.04499   1   4
        3.28024        0.28424   1   5
        3.28024        0.54500   1   6
        3.28024        0.54500   1   7
        3.28024        0.94526   1   8
        3.28024        1.11718   1   9
        3.28024        1.11718   1  10
        3.28024        1.19108   1  11
        3.28024        1.19108   1  12
        3.28024        1.23694   1  13
        3.28024        1.64482   1  14
        3.28024        2.21500   1  15
        3.28024        2.21500   1  16
        3.28024        2.31182   1  17
        3.28024        2.31182   1  18
        3.33075       -0.68470   1   1
        3.33075       -0.37198   1   2
        3.33075        0.03796   1   3
        3.33075        0.04369   1   4
        3.33075        0.29126   1   5
        3.33075        0.54361   1   6
        3.33075        0.54786   1   7
        3.33075        0.93752   1   8
        3.33075        1.10570   1   9
        3.33075        1.11592   1  10
        3.33075        1.17514   1  11
        3.33075        1.20306   1  12
        3.33075        1.26610   1  13
        3.33075        1.64829   1  14
        3.33075        2.19244   1  15
        3.33075        2.20870   1  16
        3.33075        2.31323   1  17
        3.33075        2.32012   1  18
        3.38125       -0.68287   1   1
        3.38125       -0.37070   1   2
        3.38125        0.01901   1   3
        3.38125        0.03977   1   4
        3.38125        0.31008   1   5
        3.38125        0.53968   1   6
        3.38125        0.55671   1   7
        3.38125        0.91762   1   8
        3.38125        1.07225   1   9
        3.38125        1.11529   1  10
        3.38125        1.16635   1  11
        3.38125        1.23274   1  12
        3.38125        1.31256   1  13
        3.38125        1.65812   1  14
        3.38125        2.14670   1  15
        3.38125        2.18410   1  16
        3.38125        2.31869   1  17
        3.38125        2.32975   1  18
        3.43176       -0.67984   1   1
        3.43176       -0.36871   1   2
        3.43176       -0.00727   1   3
        3.43176        0.03324   1   4
        3.43176        0.33578   1   5
        3.43176        0.53382   1   6
        3.43176        0.57210   1   7
        3.43176        0.89153   1   8
        3.43176        1.02958   1   9
        3.43176        1.11741   1  10
        3.43176        1.16725   1  11
        3.43176        1.27093   1  12
        3.43176        1.35992   1  13
        3.43176        1.67266   1  14
        3.43176        2.08885   1  15
        3.43176        2.15382   1  16
        3.43176        2.31322   1  17
        3.43176        2.33848   1  18
        3.48227       -0.67569   1   1
        3.48227       -0.36620   1   2
        3.48227       -0.03653   1   3
        3.48227        0.02409   1   4
        3.48227        0.36359   1   5
        3.48227        0.52710   1   6
        3.48227        0.59439   1   7
        3.48227        0.86342   1   8
        3.48227        0.98553   1   9
        3.48227        1.12155   1  10
        3.48227        1.17170   1  11
        3.48227        1.31248   1  12
        3.48227        1.40566   1  13
        3.48227        1.68976   1  14
        3.48227        2.02948   1  15
        3.48227        2.12264   1  16
        3.48227        2.29342   1  17
        3.48227        2.34261   1  18
        3.53278       -0.67052   1   1
        3.53278       -0.36343   1   2
        3.53278       -0.06554   1   3
        3.53278        0.01241   1   4
        3.53278        0.39012   1   5
        3.53278        0.52089   1   6
        3.53278        0.62278   1   7
        3.53278        0.83552   1   8
        3.53278        0.94197   1   9
        3.53278        1.12677   1  10
        3.53278        1.17751   1  11
        3.53278        1.35514   1  12
        3.53278        1.44920   1  13
        3.53278        1.70729   1  14
        3.53278        1.97482   1  15
        3.53278        2.09197   1  16
        3.53278        2.26127   1  17
        3.53278        2.33902   1  18
        3.58328       -0.66451   1   1
        3.58328       -0.36075   1   2
        3.58328       -0.09225   1   3
        3.58328       -0.00155   1   4
        3.58328        0.41390   1   5
        3.58328        0.51657   1   6
        3.58328        0.65460   1   7
        3.58328        0.80982   1   8
        3.58328        0.89947   1   9
        3.58328        1.13240   1  10
        3.58328        1.18365   1  11
        3.58328        1.39798   1  12
        3.58328        1.49033   1  13
        3.58328        1.72344   1  14
        3.58328        1.92537   1  15
        3.58328        2.06174   1  16
        3.58328        2.22144   1  17
        3.58328        2.32541   1  18
        3.63379       -0.65784   1   1
        3.63379       -0.35856   1   2
        3.63379       -0.11541   1   3
        3.63379       -0.01734   1   4
        3.63379        0.43499   1   5
        3.63379        0.51523   1   6
        3.63379        0.68333   1   7
        3.63379        0.79128   1   8
        3.63379        0.85932   1   9
        3.63379        1.13803   1  10
        3.63379        1.18963   1  11
        3.63379        1.43970   1  12
        3.63379        1.52806   1  13
        3.63379        1.73630   1  14
        3.63379        1.88065   1  15
        3.63379        2.03127   1  16
        3.63379        2.17929   1  17
        3.63379        2.30010   1  18
        3.68430       -0.65074   1   1
        3.68430       -0.35731   1   2
        3.68430       -0.13421   1   3
        3.68430       -0.03439   1   4
        3.68430        0.45407   1   5
        3.68430        0.51755   1   6
        3.68430        0.69438   1   7
        3.68430        0.78868   1   8
        3.68430        0.82812   1   9
        3.68430        1.14338   1  10
        3.68430        1.19543   1  11
        3.68430        1.47637   1  12
        3.68430        1.55962   1  13
        3.68430        1.74341   1  14
        3.68430        1.84644   1  15
        3.68430        1.99989   1  16
        3.68430        2.13816   1  17
        3.68430        2.26256   1  18
        3.73481       -0.64350   1   1
        3.73481       -0.35741   1   2
        3.73481       -0.14794   1   3
        3.73481       -0.05212   1   4
        3.73481        0.47175   1   5
        3.73481        0.52388   1   6
        3.73481        0.68257   1   7
        3.73481        0.77220   1   8
        3.73481        0.84225   1   9
        3.73481        1.14819   1  10
        3.73481        1.20142   1  11
        3.73481        1.49553   1  12
        3.73481        1.58366   1  13
        3.73481        1.74705   1  14
        3.73481        1.83344   1  15
        3.73481        1.96740   1  16
        3.73481        2.09880   1  17
        3.73481        2.21403   1  18
        3.78532       -0.63651   1   1
        3.78532       -0.35897   1   2
        3.78532       -0.15608   1   3
        3.78532       -0.07003   1   4
        3.78532        0.48843   1   5
        3.78532        0.53421   1   6
        3.78532        0.66171   1   7
        3.78532        0.74161   1   8
        3.78532        0.88853   1   9
        3.78532        1.15211   1  10
        3.78532        1.20811   1  11
        3.78532        1.47751   1  12
        3.78532        1.61016   1  13
        3.78532        1.76035   1  14
        3.78532        1.83984   1  15
        3.78532        1.93433   1  16
        3.78532        2.06094   1  17
        3.78532        2.15789   1  18
        3.83582       -0.63026   1   1
        3.83582       -0.36162   1   2
        3.83582       -0.15854   1   3
        3.83582       -0.08765   1   4
        3.83582        0.50460   1   5
        3.83582        0.54772   1   6
        3.83582        0.63961   1   7
        3.83582        0.71190   1   8
        3.83582        0.94242   1   9
        3.83582        1.15448   1  10
        3.83582        1.21608   1  11
        3.83582        1.42965   1  12
        3.83582        1.64227   1  13
        3.83582        1.78496   1  14
        3.83582        1.85651   1  15
        3.83582        1.90218   1  16
        3.83582        2.02473   1  17
        3.83582        2.09902   1  18
        3.88633       -0.62529   1   1
        3.88633       -0.36453   1   2
        3.88633       -0.15583   1   3
        3.88633       -0.10442   1   4
        3.88633        0.52090   1   5
        3.88633        0.56178   1   6
        3.88633        0.62006   1   7
        3.88633        0.68478   1   8
        3.88633        0.99528   1   9
        3.88633        1.15405   1  10
        3.88633        1.22613   1  11
        3.88633        1.37423   1  12
        3.88633        1.67373   1  13
        3.88633        1.81228   1  14
        3.88633        1.86867   1  15
        3.88633        1.88401   1  16
        3.88633        1.99153   1  17
        3.88633        2.04277   1  18
        3.93684       -0.62208   1   1
        3.93684       -0.36676   1   2
        3.93684       -0.14921   1   3
        3.93684       -0.11930   1   4
        3.93684        0.53737   1   5
        3.93684        0.56821   1   6
        3.93684        0.61014   1   7
        3.93684        0.66194   1   8
        3.93684        1.03805   1   9
        3.93684        1.14992   1  10
        3.93684        1.23887   1  11
        3.93684        1.32674   1  12
        3.93684        1.69869   1  13
        3.93684        1.83157   1  14
        3.93684        1.85238   1  15
        3.93684        1.90962   1  16
        3.93684        1.96423   1  17
        3.93684        1.99417   1  18
        3.98735       -0.62097   1   1
        3.98735       -0.36758   1   2
        3.98735       -0.14359   1   3
        3.98735       -0.12764   1   4
        3.98735        0.54858   1   5
        3.98735        0.56328   1   6
        3.98735        0.61169   1   7
        3.98735        0.65083   1   8
        3.98735        1.05619   1   9
        3.98735        1.14634   1  10
        3.98735        1.24798   1  11
        3.98735        1.30448   1  12
        3.98735        1.70896   1  13
        3.98735        1.83089   1  14
        3.98735        1.85417   1  15
        3.98735        1.93571   1  16
        3.98735        1.94557   1  17
        3.98735        1.96778   1  18
        3.98735       -0.62097   1   1
        3.98735       -0.36758   1   2
        3.98735       -0.14359   1   3
        3.98735       -0.12764   1   4
        3.98735        0.54858   1   5
        3.98735        0.56328   1   6
        3.98735        0.61169   1   7
        3.98735        0.65083   1   8
        3.98735        1.05619   1   9
        3.98735        1.14634   1  10
        3.98735        1.24798   1  11
        3.98735        1.30448   1  12
        3.98735        1.70896   1  13
        3.98735        1.83089   1  14
        3.98735        1.85417   1  15
        3.98735        1.93571   1  16
        3.98735        1.94557   1  17
        3.98735        1.96778   1  18
        4.03735       -0.62107   1   1
        4.03735       -0.36801   1   2
        4.03735       -0.14216   1   3
        4.03735       -0.12663   1   4
        4.03735        0.52578   1   5
        4.03735        0.54555   1   6
        4.03735        0.63635   1   7
        4.03735        0.67027   1   8
        4.03735        1.05643   1   9
        4.03735        1.14666   1  10
        4.03735        1.24809   1  11
        4.03735        1.30266   1  12
        4.03735        1.69667   1  13
        4.03735        1.78009   1  14
        4.03735        1.90044   1  15
        4.03735        1.94462   1  16
        4.03735        1.94981   1  17
        4.03735        1.98298   1  18
        4.08735       -0.62137   1   1
        4.08735       -0.36921   1   2
        4.08735       -0.13799   1   3
        4.08735       -0.12366   1   4
        4.08735        0.48807   1   5
        4.08735        0.51163   1   6
        4.08735        0.67958   1   7
        4.08735        0.70901   1   8
        4.08735        1.05711   1   9
        4.08735        1.14764   1  10
        4.08735        1.24843   1  11
        4.08735        1.29804   1  12
        4.08735        1.66561   1  13
        4.08735        1.71645   1  14
        4.08735        1.95424   1  15
        4.08735        1.96362   1  16
        4.08735        1.96744   1  17
        4.08735        2.02084   1  18
        4.13735       -0.62185   1   1
        4.13735       -0.37100   1   2
        4.13735       -0.13144   1   3
        4.13735       -0.11887   1   4
        4.13735        0.45009   1   5
        4.13735        0.47524   1   6
        4.13735        0.72660   1   7
        4.13735        0.75274   1   8
        4.13735        1.05820   1   9
        4.13735        1.14942   1  10
        4.13735        1.24902   1  11
        4.13735        1.29255   1  12
        4.13735        1.62476   1  13
        4.13735        1.65283   1  14
        4.13735        1.98517   1  15
        4.13735        1.99539   1  16
        4.13735        2.01044   1  17
        4.13735        2.07181   1  18
        4.18735       -0.62245   1   1
        4.18735       -0.37314   1   2
        4.18735       -0.12300   1   3
        4.18735       -0.11257   1   4
        4.18735        0.41421   1   5
        4.18735        0.43975   1   6
        4.18735        0.77480   1   7
        4.18735        0.79762   1   8
        4.18735        1.05980   1   9
        4.18735        1.15235   1  10
        4.18735        1.24987   1  11
        4.18735        1.28771   1  12
        4.18735        1.57924   1  13
        4.18735        1.59225   1  14
        4.18735        2.01094   1  15
        4.18735        2.02251   1  16
        4.18735        2.06906   1  17
        4.18735        2.13019   1  18
        4.23735       -0.62315   1   1
        4.23735       -0.37541   1   2
        4.23735       -0.11332   1   3
        4.23735       -0.10521   1   4
        4.23735        0.38141   1   5
        4.23735        0.40664   1   6
        4.23735        0.82276   1   7
        4.23735        0.84191   1   8
        4.23735        1.06229   1   9
        4.23735        1.15706   1  10
        4.23735        1.25102   1  11
        4.23735        1.28380   1  12
        4.23735        1.53128   1  13
        4.23735        1.53593   1  14
        4.23735        2.03718   1  15
        4.23735        2.04607   1  16
        4.23735        2.12657   1  17
        4.23735        2.19156   1  18
        4.28735       -0.62387   1   1
        4.28735       -0.37763   1   2
        4.28735       -0.10315   1   3
        4.28735       -0.09739   1   4
        4.28735        0.35253   1   5
        4.28735        0.37715   1   6
        4.28735        0.86871   1   7
        4.28735        0.88392   1   8
        4.28735        1.06650   1   9
        4.28735        1.16442   1  10
        4.28735        1.25253   1  11
        4.28735        1.28010   1  12
        4.28735        1.48204   1  13
        4.28735        1.48368   1  14
        4.28735        2.06029   1  15
        4.28735        2.06520   1  16
        4.28735        2.17815   1  17
        4.28735        2.25091   1  18
        4.33735       -0.62453   1   1
        4.33735       -0.37962   1   2
        4.33735       -0.09344   1   3
        4.33735       -0.08990   1   4
        4.33735        0.32850   1   5
        4.33735        0.35250   1   6
        4.33735        0.90993   1   7
        4.33735        0.92095   1   8
        4.33735        1.07394   1   9
        4.33735        1.17555   1  10
        4.33735        1.25457   1  11
        4.33735        1.27605   1  12
        4.33735        1.43270   1  13
        4.33735        1.43509   1  14
        4.33735        2.07764   1  15
        4.33735        2.07940   1  16
        4.33735        2.21993   1  17
        4.33735        2.30270   1  18
        4.38735       -0.62507   1   1
        4.38735       -0.38119   1   2
        4.38735       -0.08530   1   3
        4.38735       -0.08361   1   4
        4.38735        0.31033   1   5
        4.38735        0.33386   1   6
        4.38735        0.94283   1   7
        4.38735        0.94920   1   8
        4.38735        1.08594   1   9
        4.38735        1.19125   1  10
        4.38735        1.25756   1  11
        4.38735        1.27203   1  12
        4.38735        1.38515   1  13
        4.38735        1.39144   1  14
        4.38735        2.08838   1  15
        4.38735        2.08863   1  16
        4.38735        2.24981   1  17
        4.38735        2.34221   1  18
        4.43735       -0.62541   1   1
        4.43735       -0.38219   1   2
        4.43735       -0.07984   1   3
        4.43735       -0.07940   1   4
        4.43735        0.29897   1   5
        4.43735        0.32220   1   6
        4.43735        0.96389   1   7
        4.43735        0.96583   1   8
        4.43735        1.09996   1   9
        4.43735        1.20889   1  10
        4.43735        1.26277   1  11
        4.43735        1.26914   1  12
        4.43735        1.34381   1  13
        4.43735        1.35800   1  14
        4.43735        2.09352   1  15
        4.43735        2.09357   1  16
        4.43735        2.26737   1  17
        4.43735        2.36659   1  18
        4.48735       -0.62553   1   1
        4.48735       -0.38253   1   2
        4.48735       -0.07791   1   3
        4.48735       -0.07791   1   4
        4.48735        0.29511   1   5
        4.48735        0.31824   1   6
        4.48735        0.97108   1   7
        4.48735        0.97108   1   8
        4.48735        1.10678   1   9
        4.48735        1.21764   1  10
        4.48735        1.26818   1  11
        4.48735        1.26818   1  12
        4.48735        1.32332   1  13
        4.48735        1.34468   1  14
        4.48735        2.09500   1  15
        4.48735        2.09500   1  16
        4.48735        2.27311   1  17
        4.48735        2.37478   1  18
