 ===============================================================
  quasiparticle energies isp=           1
 ===============================================================


           q               state   SEx    SExcore   SEc     vxc     ---    dSEnoZ   eQP(starting by lmf)    eHF   Z=1  FWHM=2Z*Simg ReS(elda)
  0.00000  0.00000  0.00000   1  -17.516  -1.737   6.930 -12.361   0.000   0.037 -12.211   0.000   0.000 -19.104 1.00  -0.00000    -12.32358
  0.00000  0.00000  0.00000   2  -11.782  -1.887   0.511 -13.545   0.000   0.387  -0.236   0.000   0.000  -0.361 1.00  -0.00000    -13.15828
  0.00000  0.00000  0.00000   3  -11.782  -1.887   0.511 -13.545   0.000   0.387  -0.236   0.000   0.000  -0.361 1.00  -0.00000    -13.15826
  0.00000  0.00000  0.00000   4  -11.782  -1.887   0.511 -13.545   0.000   0.387  -0.236   0.000   0.000  -0.361 1.00  -0.00000    -13.15828
  0.00000  0.00000  0.00000   5   -5.421  -1.367  -4.029 -11.743   0.000   0.925   2.283   0.000   0.000   7.238 1.00  -0.00000    -10.81746
  0.00000  0.00000  0.00000   6   -5.421  -1.367  -4.029 -11.743   0.000   0.925   2.283   0.000   0.000   7.238 1.00  -0.00000    -10.81746
  0.00000  0.00000  0.00000   7   -5.421  -1.367  -4.029 -11.743   0.000   0.925   2.283   0.000   0.000   7.238 1.00  -0.00000    -10.81744
  0.00000  0.00000  0.00000   8   -5.940  -3.759  -4.625 -15.131   0.000   0.807   2.965   0.000   0.000   8.396 1.00  -0.00000    -14.32460
  0.00000  0.00000  0.00000   9   -2.543  -1.143  -5.311  -9.330   0.000   0.334   7.427   0.000   0.000  13.072 1.00  -0.00000     -8.99628
  0.00000  0.00000  0.00000  10   -3.607  -0.196  -5.187 -10.542   0.000   1.552   7.490   0.000   0.000  14.229 1.00  -0.00000     -8.99000
  0.00000  0.00000  0.00000  11   -3.607  -0.196  -5.187 -10.542   0.000   1.552   7.490   0.000   0.000  14.229 1.00  -0.00000     -8.99001
  0.00000  0.00000  0.00000  12   -2.018  -0.439  -5.936  -9.106   0.000   0.712  10.885   0.000   0.000  17.533 1.00  -0.00000     -8.39358
  0.00000  0.00000  0.00000  13   -2.018  -0.439  -5.936  -9.106   0.000   0.712  10.885   0.000   0.000  17.533 1.00  -0.00000     -8.39358
  0.00000  0.00000  0.00000  14   -2.018  -0.439  -5.936  -9.106   0.000   0.712  10.885   0.000   0.000  17.533 1.00  -0.00000     -8.39358
  0.00000  0.00000  0.00000  15   -1.158  -0.488  -5.632  -7.458   0.000   0.181  14.908   0.000   0.000  20.721 1.00  -0.00000     -7.27758
  0.00000  0.00000  0.00000  16   -1.453  -0.496  -7.412 -11.366   0.000   2.005  22.844   0.000   0.000  32.262 1.00  -0.00000     -9.36106
  0.00000  0.00000  0.00000  17   -1.453  -0.496  -7.412 -11.366   0.000   2.005  22.844   0.000   0.000  32.262 1.00  -0.00000     -9.36106
  0.00000  0.00000  0.00000  18   -1.453  -0.496  -7.412 -11.366   0.000   2.005  22.844   0.000   0.000  32.262 1.00  -0.00000     -9.36105
  0.00000  0.00000  0.00000  19   -1.480  -0.521  -8.091 -12.300   0.000   2.208  24.628   0.000   0.000  34.928 1.00  -0.00000    -10.09188
  0.00000  0.00000  0.00000  20   -1.480  -0.521  -8.091 -12.300   0.000   2.208  24.628   0.000   0.000  34.928 1.00  -0.00000    -10.09191
  0.00000  0.00000  0.00000  21   -2.010  -2.568  -8.060 -14.043   0.000   1.405  25.705   0.000   0.000  35.170 1.00  -0.00000    -12.63859
  0.00000  0.00000  0.00000  22   -2.010  -2.568  -8.060 -14.043   0.000   1.405  25.705   0.000   0.000  35.170 1.00  -0.00000    -12.63859
  0.00000  0.00000  0.00000  23   -2.010  -2.568  -8.060 -14.043   0.000   1.405  25.705   0.000   0.000  35.170 1.00  -0.00000    -12.63856
  0.00000  0.00000  0.00000  24    0.000   0.000   0.000 -11.316   0.000   0.000  34.891   0.000   0.000   0.000 1.00   0.00000      0.00000
  0.00000  0.00000  0.00000  25    0.000   0.000   0.000 -11.316   0.000   0.000  34.891   0.000   0.000   0.000 1.00   0.00000      0.00000

 -0.25000  0.25000  0.25000   1  -17.247  -1.801   6.579 -12.508   0.000   0.038 -11.410   0.000   0.000 -17.951 1.00  -0.00000    -12.46975
 -0.25000  0.25000  0.25000   2  -13.660  -1.887   2.801 -12.814   0.000   0.068  -4.189   0.000   0.000  -6.922 1.00  -0.00000    -12.74588
 -0.25000  0.25000  0.25000   3  -12.657  -1.837   1.526 -13.242   0.000   0.275  -0.997   0.000   0.000  -2.249 1.00  -0.00000    -12.96685
 -0.25000  0.25000  0.25000   4  -12.657  -1.837   1.526 -13.242   0.000   0.275  -0.997   0.000   0.000  -2.249 1.00  -0.00000    -12.96687
 -0.25000  0.25000  0.25000   5   -5.609  -2.063  -4.027 -12.523   0.000   0.825   1.680   0.000   0.000   6.531 1.00  -0.00000    -11.69839
 -0.25000  0.25000  0.25000   6   -5.113  -1.288  -4.303 -11.715   0.000   1.012   3.222   0.000   0.000   8.536 1.00  -0.00000    -10.70318
 -0.25000  0.25000  0.25000   7   -5.113  -1.288  -4.303 -11.715   0.000   1.012   3.222   0.000   0.000   8.536 1.00  -0.00000    -10.70317
 -0.25000  0.25000  0.25000   8   -4.692  -2.605  -5.355 -13.549   0.000   0.897   6.534   0.000   0.000  12.787 1.00  -0.00000    -12.65186
 -0.25000  0.25000  0.25000   9   -3.507  -0.307  -5.118 -10.246   0.000   1.314   6.923   0.000   0.000  13.355 1.00  -0.00000     -8.93217
 -0.25000  0.25000  0.25000  10   -3.507  -0.307  -5.118 -10.246   0.000   1.314   6.923   0.000   0.000  13.355 1.00  -0.00000     -8.93217
 -0.25000  0.25000  0.25000  11   -2.311  -0.806  -5.510  -9.102   0.000   0.474   8.538   0.000   0.000  14.523 1.00  -0.00000     -8.62747
 -0.25000  0.25000  0.25000  12   -2.420  -1.203  -6.007 -10.340   0.000   0.710  11.419   0.000   0.000  18.136 1.00  -0.00000     -9.62977
 -0.25000  0.25000  0.25000  13   -2.022  -0.518  -6.600 -10.381   0.000   1.240  14.359   0.000   0.000  22.200 1.00  -0.00000     -9.14083
 -0.25000  0.25000  0.25000  14   -2.022  -0.518  -6.600 -10.381   0.000   1.240  14.359   0.000   0.000  22.200 1.00  -0.00000     -9.14083
 -0.25000  0.25000  0.25000  15   -1.965  -1.354  -7.164 -11.614   0.000   1.132  17.684   0.000   0.000  25.980 1.00  -0.00000    -10.48179
 -0.25000  0.25000  0.25000  16   -2.029  -0.729  -6.899 -11.051   0.000   1.395  17.937   0.000   0.000  26.230 1.00  -0.00000     -9.65642
 -0.25000  0.25000  0.25000  17   -2.029  -0.729  -6.899 -11.051   0.000   1.395  17.937   0.000   0.000  26.230 1.00  -0.00000     -9.65644
 -0.25000  0.25000  0.25000  18   -1.370  -0.831  -6.210  -9.023   0.000   0.613  19.706   0.000   0.000  26.529 1.00  -0.00000     -8.41015
 -0.25000  0.25000  0.25000  19   -1.461  -0.546  -7.858 -11.998   0.000   2.132  24.069   0.000   0.000  34.059 1.00  -0.00000     -9.86564
 -0.25000  0.25000  0.25000  20   -1.461  -0.546  -7.858 -11.998   0.000   2.132  24.069   0.000   0.000  34.059 1.00  -0.00000     -9.86562
 -0.25000  0.25000  0.25000  21   -1.831  -1.950  -8.089 -13.570   0.000   1.701  26.850   0.000   0.000  36.640 1.00  -0.00000    -11.86986
 -0.25000  0.25000  0.25000  22   -1.831  -1.950  -8.089 -13.570   0.000   1.700  26.850   0.000   0.000  36.640 1.00  -0.00000    -11.86984
 -0.25000  0.25000  0.25000  23    0.000   0.000   0.000 -12.389   0.000   0.000  27.858   0.000   0.000   0.000 1.00   0.00000      0.00000
 -0.25000  0.25000  0.25000  24    0.000   0.000   0.000 -11.080   0.000   0.000  29.673   0.000   0.000   0.000 1.00   0.00000      0.00000
 -0.25000  0.25000  0.25000  25    0.000   0.000   0.000 -10.747   0.000   0.000  33.724   0.000   0.000   0.000 1.00   0.00000      0.00000

 -0.50000  0.50000  0.50000   1  -16.869  -2.026   5.899 -13.057   0.000   0.060  -9.870   0.000   0.000 -15.709 1.00  -0.00000    -12.99615
 -0.50000  0.50000  0.50000   2  -14.877  -1.613   4.453 -12.038   0.000   0.001  -7.242   0.000   0.000 -11.694 1.00  -0.00000    -12.03708
 -0.50000  0.50000  0.50000   3  -13.038  -1.860   1.857 -13.232   0.000   0.191  -1.434   0.000   0.000  -3.100 1.00  -0.00000    -13.04107
 -0.50000  0.50000  0.50000   4  -13.038  -1.860   1.857 -13.232   0.000   0.191  -1.434   0.000   0.000  -3.100 1.00  -0.00000    -13.04109
 -0.50000  0.50000  0.50000   5   -5.750  -2.115  -3.894 -12.562   0.000   0.802   1.179   0.000   0.000   5.876 1.00  -0.00000    -11.75992
 -0.50000  0.50000  0.50000   6   -4.667  -0.906  -4.295 -10.884   0.000   1.016   3.046   0.000   0.000   8.357 1.00  -0.00000     -9.86741
 -0.50000  0.50000  0.50000   7   -4.667  -0.906  -4.295 -10.884   0.000   1.016   3.046   0.000   0.000   8.357 1.00  -0.00000     -9.86741
 -0.50000  0.50000  0.50000   8   -2.259  -0.568  -5.417  -8.697   0.000   0.452   7.276   0.000   0.000  13.146 1.00  -0.00000     -8.24537
 -0.50000  0.50000  0.50000   9   -2.996  -0.243  -5.945 -10.836   0.000   1.651  10.292   0.000   0.000  17.889 1.00  -0.00000     -9.18434
 -0.50000  0.50000  0.50000  10   -2.996  -0.243  -5.945 -10.836   0.000   1.651  10.292   0.000   0.000  17.889 1.00  -0.00000     -9.18435
 -0.50000  0.50000  0.50000  11   -3.290  -1.953  -6.049 -12.272   0.000   0.980  10.925   0.000   0.000  17.955 1.00  -0.00000    -11.29170
 -0.50000  0.50000  0.50000  12   -3.013  -1.209  -6.221 -11.638   0.000   1.195  11.046   0.000   0.000  18.462 1.00  -0.00000    -10.44294
 -0.50000  0.50000  0.50000  13   -3.013  -1.209  -6.221 -11.638   0.000   1.195  11.046   0.000   0.000  18.462 1.00  -0.00000    -10.44293
 -0.50000  0.50000  0.50000  14   -3.294  -3.062  -6.945 -14.052   0.000   0.751  12.624   0.000   0.000  20.320 1.00  -0.00000    -13.30145
 -0.50000  0.50000  0.50000  15   -1.881  -1.049  -7.276 -11.690   0.000   1.483  19.158   0.000   0.000  27.917 1.00  -0.00000    -10.20690
 -0.50000  0.50000  0.50000  16   -1.810  -0.961  -6.870 -10.671   0.000   1.030  19.694   0.000   0.000  27.594 1.00  -0.00000     -9.64091
 -0.50000  0.50000  0.50000  17   -1.294  -0.249  -6.823  -9.662   0.000   1.296  21.578   0.000   0.000  29.697 1.00  -0.00000     -8.36618
 -0.50000  0.50000  0.50000  18   -1.294  -0.249  -6.823  -9.662   0.000   1.296  21.578   0.000   0.000  29.697 1.00  -0.00000     -8.36620
 -0.50000  0.50000  0.50000  19   -1.601  -0.744  -7.747 -11.786   0.000   1.694  21.987   0.000   0.000  31.429 1.00  -0.00000    -10.09186
 -0.50000  0.50000  0.50000  20   -1.601  -0.744  -7.747 -11.786   0.000   1.694  21.987   0.000   0.000  31.429 1.00  -0.00000    -10.09188
 -0.50000  0.50000  0.50000  21   -0.960  -0.470  -6.559  -9.461   0.000   1.472  25.766   0.000   0.000  33.798 1.00  -0.00000     -7.98871
 -0.50000  0.50000  0.50000  22   -1.296  -0.217  -6.623 -10.239   0.000   2.103  26.718   0.000   0.000  35.443 1.00  -0.00000     -8.13587
 -0.50000  0.50000  0.50000  23   -1.296  -0.217  -6.623 -10.239   0.000   2.103  26.718   0.000   0.000  35.443 1.00  -0.00000     -8.13588
 -0.50000  0.50000  0.50000  24    0.000   0.000   0.000 -13.641   0.000   0.000  27.519   0.000   0.000   0.000 1.00   0.00000      0.00000
 -0.50000  0.50000  0.50000  25    0.000   0.000   0.000 -13.641   0.000   0.000  27.519   0.000   0.000   0.000 1.00   0.00000      0.00000

  0.00000  0.00000  0.50000   1  -17.139  -1.818   6.442 -12.543   0.000   0.029 -11.128   0.000   0.000 -17.541 1.00  -0.00000    -12.51485
  0.00000  0.00000  0.50000   2  -14.002  -2.326   2.664 -13.792   0.000   0.128  -3.766   0.000   0.000  -6.302 1.00  -0.00000    -13.66356
  0.00000  0.00000  0.50000   3  -12.858  -1.675   1.977 -12.689   0.000   0.134  -2.133   0.000   0.000  -3.977 1.00  -0.00000    -12.55560
  0.00000  0.00000  0.50000   4  -12.858  -1.675   1.977 -12.689   0.000   0.134  -2.133   0.000   0.000  -3.977 1.00  -0.00000    -12.55561
  0.00000  0.00000  0.50000   5   -5.356  -1.139  -3.589 -10.827   0.000   0.743   0.790   0.000   0.000   5.121 1.00  -0.00000    -10.08455
  0.00000  0.00000  0.50000   6   -4.307  -0.916  -4.292 -10.382   0.000   0.866   2.784   0.000   0.000   7.943 1.00  -0.00000     -9.51562
  0.00000  0.00000  0.50000   7   -4.874  -1.597  -4.977 -12.617   0.000   1.169   5.468   0.000   0.000  11.614 1.00  -0.00000    -11.44777
  0.00000  0.00000  0.50000   8   -4.874  -1.597  -4.977 -12.617   0.000   1.169   5.468   0.000   0.000  11.614 1.00  -0.00000    -11.44777
  0.00000  0.00000  0.50000   9   -4.609  -2.664  -5.535 -13.877   0.000   1.070   7.709   0.000   0.000  14.313 1.00  -0.00000    -12.80704
  0.00000  0.00000  0.50000  10   -3.328  -0.201  -5.467 -10.579   0.000   1.582   8.697   0.000   0.000  15.747 1.00  -0.00000     -8.99621
  0.00000  0.00000  0.50000  11   -2.467  -1.404  -5.965 -10.393   0.000   0.557  10.964   0.000   0.000  17.487 1.00  -0.00000     -9.83618
  0.00000  0.00000  0.50000  12   -1.962  -0.406  -6.290  -9.649   0.000   0.991  12.688   0.000   0.000  19.969 1.00  -0.00000     -8.65783
  0.00000  0.00000  0.50000  13   -1.962  -0.406  -6.290  -9.649   0.000   0.991  12.688   0.000   0.000  19.969 1.00  -0.00000     -8.65783
  0.00000  0.00000  0.50000  14   -1.800  -0.289  -5.953  -8.940   0.000   0.899  13.369   0.000   0.000  20.221 1.00  -0.00000     -8.04121
  0.00000  0.00000  0.50000  15   -2.150  -1.139  -6.897 -11.408   0.000   1.221  17.211   0.000   0.000  25.330 1.00  -0.00000    -10.18658
  0.00000  0.00000  0.50000  16   -2.150  -1.139  -6.897 -11.408   0.000   1.221  17.211   0.000   0.000  25.330 1.00  -0.00000    -10.18656
  0.00000  0.00000  0.50000  17   -1.986  -0.293  -7.242 -11.360   0.000   1.839  18.867   0.000   0.000  27.948 1.00  -0.00000     -9.52041
  0.00000  0.00000  0.50000  18   -2.253  -2.009  -7.719 -13.235   0.000   1.254  20.404   0.000   0.000  29.377 1.00  -0.00000    -11.98116
  0.00000  0.00000  0.50000  19   -1.331  -0.655  -7.033 -10.204   0.000   1.186  20.754   0.000   0.000  28.974 1.00  -0.00000     -9.01884
  0.00000  0.00000  0.50000  20   -1.218  -0.355  -6.890 -10.110   0.000   1.647  24.657   0.000   0.000  33.193 1.00  -0.00000     -8.46302
  0.00000  0.00000  0.50000  21   -1.425  -0.920  -8.041 -12.351   0.000   1.965  26.445   0.000   0.000  36.451 1.00  -0.00000    -10.38622
  0.00000  0.00000  0.50000  22    0.000   0.000   0.000 -13.363   0.000   0.000  28.067   0.000   0.000   0.000 1.00   0.00000      0.00000
  0.00000  0.00000  0.50000  23    0.000   0.000   0.000 -13.363   0.000   0.000  28.067   0.000   0.000   0.000 1.00   0.00000      0.00000
  0.00000  0.00000  0.50000  24    0.000   0.000   0.000 -10.831   0.000   0.000  30.307   0.000   0.000   0.000 1.00   0.00000      0.00000
  0.00000  0.00000  0.50000  25    0.000   0.000   0.000 -10.331   0.000   0.000  30.521   0.000   0.000   0.000 1.00   0.00000      0.00000

 -0.25000  0.25000  0.75000   1  -16.625  -1.995   5.715 -12.968   0.000   0.064  -9.487   0.000   0.000 -15.139 1.00  -0.00000    -12.90487
 -0.25000  0.25000  0.75000   2  -15.160  -2.004   4.219 -12.989   0.000   0.044  -6.637   0.000   0.000 -10.811 1.00  -0.00000    -12.94479
 -0.25000  0.25000  0.75000   3  -12.922  -1.502   2.477 -11.981   0.000   0.034  -3.806   0.000   0.000  -6.248 1.00  -0.00000    -11.94704
 -0.25000  0.25000  0.75000   4  -13.100  -1.691   2.179 -12.695   0.000   0.083  -2.447   0.000   0.000  -4.542 1.00  -0.00000    -12.61241
 -0.25000  0.25000  0.75000   5   -4.939  -1.003  -3.812 -10.531   0.000   0.777   1.171   0.000   0.000   5.761 1.00  -0.00000     -9.75424
 -0.25000  0.25000  0.75000   6   -4.499  -1.022  -4.502 -10.994   0.000   0.972   4.116   0.000   0.000   9.590 1.00  -0.00000    -10.02265
 -0.25000  0.25000  0.75000   7   -4.799  -1.939  -5.016 -12.796   0.000   1.042   5.420   0.000   0.000  11.477 1.00  -0.00000    -11.75390
 -0.25000  0.25000  0.75000   8   -4.292  -1.141  -5.025 -11.617   0.000   1.158   5.627   0.000   0.000  11.810 1.00  -0.00000    -10.45942
 -0.25000  0.25000  0.75000   9   -3.117  -1.498  -6.166 -11.778   0.000   0.997   9.849   0.000   0.000  17.013 1.00  -0.00000    -10.78108
 -0.25000  0.25000  0.75000  10   -3.086  -0.633  -6.006 -11.204   0.000   1.478  10.259   0.000   0.000  17.743 1.00  -0.00000     -9.72591
 -0.25000  0.25000  0.75000  11   -2.905  -0.761  -6.327 -11.532   0.000   1.540  11.931   0.000   0.000  19.797 1.00  -0.00000     -9.99288
 -0.25000  0.25000  0.75000  12   -3.001  -1.656  -6.383 -12.189   0.000   1.149  12.351   0.000   0.000  19.883 1.00  -0.00000    -11.03965
 -0.25000  0.25000  0.75000  13   -2.553  -1.552  -6.277 -11.176   0.000   0.794  12.679   0.000   0.000  19.749 1.00  -0.00000    -10.38182
 -0.25000  0.25000  0.75000  14   -2.019  -0.972  -6.783 -10.903   0.000   1.130  16.517   0.000   0.000  24.430 1.00  -0.00000     -9.77341
 -0.25000  0.25000  0.75000  15   -1.848  -0.504  -7.029 -10.840   0.000   1.459  17.642   0.000   0.000  26.131 1.00  -0.00000     -9.38133
 -0.25000  0.25000  0.75000  16   -2.303  -1.656  -7.534 -12.992   0.000   1.499  18.441   0.000   0.000  27.473 1.00  -0.00000    -11.49346
 -0.25000  0.25000  0.75000  17   -1.783  -0.633  -6.760 -10.528   0.000   1.353  19.215   0.000   0.000  27.327 1.00  -0.00000     -9.17572
 -0.25000  0.25000  0.75000  18   -1.587  -0.679  -6.897 -10.353   0.000   1.190  19.504   0.000   0.000  27.591 1.00  -0.00000     -9.16317
 -0.25000  0.25000  0.75000  19   -1.820  -0.949  -7.163 -11.345   0.000   1.414  19.845   0.000   0.000  28.421 1.00  -0.00000     -9.93160
 -0.25000  0.25000  0.75000  20   -1.449  -0.600  -6.808 -10.173   0.000   1.317  23.327   0.000   0.000  31.452 1.00  -0.00000     -8.85596
 -0.25000  0.25000  0.75000  21   -1.530  -0.914  -7.633 -11.938   0.000   1.861  23.680   0.000   0.000  33.173 1.00  -0.00000    -10.07713
 -0.25000  0.25000  0.75000  22   -1.244  -0.777  -6.912 -10.379   0.000   1.447  25.970   0.000   0.000  34.329 1.00  -0.00000     -8.93215
 -0.25000  0.25000  0.75000  23   -1.361  -0.893  -7.301 -11.326   0.000   1.771  26.289   0.000   0.000  35.362 1.00  -0.00000     -9.55537
 -0.25000  0.25000  0.75000  24    0.000   0.000   0.000  -9.663   0.000   0.000  28.273   0.000   0.000   0.000 1.00   0.00000      0.00000
 -0.25000  0.25000  0.75000  25    0.000   0.000   0.000 -11.017   0.000   0.000  29.967   0.000   0.000   0.000 1.00   0.00000      0.00000

 -0.50000  0.50000  1.00000   1  -16.841  -1.920   6.007 -12.789   0.000   0.035 -10.163   0.000   0.000 -16.135 1.00  -0.00000    -12.75420
 -0.50000  0.50000  1.00000   2  -14.817  -2.108   3.733 -13.239   0.000   0.046  -5.725   0.000   0.000  -9.412 1.00  -0.00000    -13.19309
 -0.50000  0.50000  1.00000   3  -12.853  -1.390   2.558 -11.700   0.000   0.015  -4.029   0.000   0.000  -6.572 1.00  -0.00000    -11.68444
 -0.50000  0.50000  1.00000   4  -12.892  -1.801   1.811 -13.069   0.000   0.187  -1.566   0.000   0.000  -3.189 1.00  -0.00000    -12.88210
 -0.50000  0.50000  1.00000   5   -4.907  -1.282  -4.122 -11.182   0.000   0.871   2.118   0.000   0.000   7.111 1.00  -0.00000    -10.31145
 -0.50000  0.50000  1.00000   6   -4.597  -1.395  -4.860 -11.886   0.000   1.034   4.502   0.000   0.000  10.396 1.00  -0.00000    -10.85189
 -0.50000  0.50000  1.00000   7   -5.002  -1.374  -4.526 -11.997   0.000   1.095   4.805   0.000   0.000  10.425 1.00  -0.00000    -10.90186
 -0.50000  0.50000  1.00000   8   -4.233  -1.934  -5.234 -12.262   0.000   0.861   5.787   0.000   0.000  11.883 1.00  -0.00000    -11.40113
 -0.50000  0.50000  1.00000   9   -3.720  -0.227  -4.838 -10.073   0.000   1.289   6.163   0.000   0.000  12.289 1.00  -0.00000     -8.78430
 -0.50000  0.50000  1.00000  10   -3.262  -1.498  -6.128 -11.911   0.000   1.023   9.289   0.000   0.000  16.440 1.00  -0.00000    -10.88859
 -0.50000  0.50000  1.00000  11   -2.233  -0.700  -5.983  -9.855   0.000   0.939  12.333   0.000   0.000  19.254 1.00  -0.00000     -8.91630
 -0.50000  0.50000  1.00000  12   -3.138  -1.634  -6.724 -12.961   0.000   1.465  12.970   0.000   0.000  21.159 1.00  -0.00000    -11.49640
 -0.50000  0.50000  1.00000  13   -2.056  -0.612  -5.932  -9.399   0.000   0.799  13.082   0.000   0.000  19.813 1.00  -0.00000     -8.60014
 -0.50000  0.50000  1.00000  14   -1.789  -0.808  -6.671 -10.165   0.000   0.897  16.434   0.000   0.000  24.001 1.00  -0.00000     -9.26783
 -0.50000  0.50000  1.00000  15   -2.109  -0.483  -7.340 -11.758   0.000   1.827  16.980   0.000   0.000  26.147 1.00  -0.00000     -9.93112
 -0.50000  0.50000  1.00000  16   -2.436  -1.806  -7.445 -13.052   0.000   1.366  17.187   0.000   0.000  25.997 1.00  -0.00000    -11.68665
 -0.50000  0.50000  1.00000  17   -2.220  -1.337  -7.513 -12.640   0.000   1.570  18.802   0.000   0.000  27.886 1.00  -0.00000    -11.07000
 -0.50000  0.50000  1.00000  18   -2.040  -1.315  -7.777 -12.886   0.000   1.754  21.228   0.000   0.000  30.759 1.00  -0.00000    -11.13182
 -0.50000  0.50000  1.00000  19   -1.336  -0.168  -6.552  -9.269   0.000   1.211  21.768   0.000   0.000  29.532 1.00  -0.00000     -8.05729
 -0.50000  0.50000  1.00000  20   -1.409  -0.607  -7.177 -10.913   0.000   1.720  23.810   0.000   0.000  32.707 1.00  -0.00000     -9.19321
 -0.50000  0.50000  1.00000  21   -1.612  -1.189  -7.941 -12.706   0.000   1.965  26.353   0.000   0.000  36.258 1.00  -0.00000    -10.74161
 -0.50000  0.50000  1.00000  22   -1.046  -0.944  -6.599  -9.517   0.000   0.928  26.497   0.000   0.000  34.023 1.00  -0.00000     -8.58913
 -0.50000  0.50000  1.00000  23    0.000   0.000   0.000 -11.509   0.000   0.000  27.821   0.000   0.000   0.000 1.00   0.00000      0.00000
 -0.50000  0.50000  1.00000  24    0.000   0.000   0.000 -11.367   0.000   0.000  28.145   0.000   0.000   0.000 1.00   0.00000      0.00000
 -0.50000  0.50000  1.00000  25    0.000   0.000   0.000 -10.211   0.000   0.000  28.384   0.000   0.000   0.000 1.00   0.00000      0.00000

  0.00000  0.00000  1.00000   1  -15.994  -2.061   5.002 -13.116   0.000   0.063  -8.064   0.000   0.000 -13.003 1.00  -0.00000    -13.05286
  0.00000  0.00000  1.00000   2  -15.994  -2.061   5.002 -13.116   0.000   0.063  -8.064   0.000   0.000 -13.003 1.00  -0.00000    -13.05286
  0.00000  0.00000  1.00000   3  -13.332  -1.638   2.479 -12.506   0.000   0.015  -3.096   0.000   0.000  -5.560 1.00  -0.00000    -12.49027
  0.00000  0.00000  1.00000   4  -13.332  -1.638   2.479 -12.506   0.000   0.015  -3.096   0.000   0.000  -5.560 1.00  -0.00000    -12.49027
  0.00000  0.00000  1.00000   5   -5.405  -0.875  -3.173 -10.163   0.000   0.711   0.348   0.000   0.000   4.231 1.00  -0.00000     -9.45205
  0.00000  0.00000  1.00000   6   -5.405  -0.875  -3.173 -10.163   0.000   0.711   0.348   0.000   0.000   4.231 1.00  -0.00000     -9.45205
  0.00000  0.00000  1.00000   7   -3.538  -2.301  -6.649 -13.461   0.000   0.973   9.786   0.000   0.000  17.408 1.00  -0.00000    -12.48712
  0.00000  0.00000  1.00000   8   -3.538  -2.301  -6.649 -13.461   0.000   0.973   9.786   0.000   0.000  17.408 1.00  -0.00000    -12.48713
  0.00000  0.00000  1.00000   9   -3.252  -0.372  -5.935 -11.341   0.000   1.782  10.708   0.000   0.000  18.425 1.00  -0.00000     -9.55922
  0.00000  0.00000  1.00000  10   -3.252  -0.372  -5.935 -11.341   0.000   1.782  10.708   0.000   0.000  18.425 1.00  -0.00000     -9.55922
  0.00000  0.00000  1.00000  11   -2.668  -0.217  -6.128 -10.702   0.000   1.689  12.290   0.000   0.000  20.107 1.00  -0.00000     -9.01375
  0.00000  0.00000  1.00000  12   -2.668  -0.217  -6.128 -10.702   0.000   1.689  12.290   0.000   0.000  20.107 1.00  -0.00000     -9.01375
  0.00000  0.00000  1.00000  13   -3.329  -2.726  -6.698 -13.660   0.000   0.907  12.700   0.000   0.000  20.305 1.00  -0.00000    -12.75320
  0.00000  0.00000  1.00000  14   -3.329  -2.726  -6.698 -13.660   0.000   0.907  12.700   0.000   0.000  20.305 1.00  -0.00000    -12.75320
  0.00000  0.00000  1.00000  15   -1.577  -0.373  -6.690 -10.034   0.000   1.394  18.547   0.000   0.000  26.631 1.00  -0.00000     -8.63976
  0.00000  0.00000  1.00000  16   -1.577  -0.373  -6.690 -10.034   0.000   1.394  18.547   0.000   0.000  26.631 1.00  -0.00000     -8.63976
  0.00000  0.00000  1.00000  17   -1.284  -0.636  -6.527  -9.158   0.000   0.711  19.584   0.000   0.000  26.822 1.00  -0.00000     -8.44673
  0.00000  0.00000  1.00000  18   -1.284  -0.636  -6.527  -9.158   0.000   0.711  19.584   0.000   0.000  26.822 1.00  -0.00000     -8.44674
  0.00000  0.00000  1.00000  19   -1.678  -0.655  -6.830 -10.384   0.000   1.221  20.579   0.000   0.000  28.630 1.00  -0.00000     -9.16298
  0.00000  0.00000  1.00000  20   -1.678  -0.655  -6.830 -10.384   0.000   1.221  20.579   0.000   0.000  28.630 1.00  -0.00000     -9.16298
  0.00000  0.00000  1.00000  21   -1.533  -1.099  -6.730 -10.072   0.000   0.710  21.396   0.000   0.000  28.836 1.00  -0.00000     -9.36165
  0.00000  0.00000  1.00000  22   -1.533  -1.099  -6.730 -10.072   0.000   0.710  21.396   0.000   0.000  28.836 1.00  -0.00000     -9.36166
  0.00000  0.00000  1.00000  23   -1.413  -0.577  -7.942 -12.260   0.000   2.327  25.330   0.000   0.000  35.600 1.00  -0.00000     -9.93242
  0.00000  0.00000  1.00000  24   -1.413  -0.577  -7.942 -12.260   0.000   2.327  25.330   0.000   0.000  35.600 1.00  -0.00000     -9.93242
  0.00000  0.00000  1.00000  25    0.000   0.000   0.000 -12.596   0.000   0.000  31.539   0.000   0.000   0.000 1.00   0.00000      0.00000

  0.00000  0.50000  1.00000   1  -16.051  -2.147   4.938 -13.327   0.000   0.068  -7.896   0.000   0.000 -12.766 1.00  -0.00000    -13.25948
  0.00000  0.50000  1.00000   2  -16.051  -2.147   4.938 -13.327   0.000   0.068  -7.896   0.000   0.000 -12.766 1.00  -0.00000    -13.25948
  0.00000  0.50000  1.00000   3  -12.840  -1.314   2.604 -11.542   0.000  -0.008  -4.128   0.000   0.000  -6.740 1.00  -0.00000    -11.54979
  0.00000  0.50000  1.00000   4  -12.840  -1.314   2.604 -11.542   0.000  -0.008  -4.128   0.000   0.000  -6.740 1.00  -0.00000    -11.54979
  0.00000  0.50000  1.00000   5   -4.625  -0.869  -4.330 -10.806   0.000   0.982   3.935   0.000   0.000   9.247 1.00  -0.00000     -9.82441
  0.00000  0.50000  1.00000   6   -4.625  -0.869  -4.330 -10.806   0.000   0.982   3.935   0.000   0.000   9.247 1.00  -0.00000     -9.82441
  0.00000  0.50000  1.00000   7   -4.520  -1.653  -4.937 -12.085   0.000   0.975   4.684   0.000   0.000  10.596 1.00  -0.00000    -11.11037
  0.00000  0.50000  1.00000   8   -4.520  -1.653  -4.937 -12.085   0.000   0.975   4.684   0.000   0.000  10.596 1.00  -0.00000    -11.11037
  0.00000  0.50000  1.00000   9   -3.441  -1.437  -6.312 -12.565   0.000   1.375  10.266   0.000   0.000  17.953 1.00  -0.00000    -11.19025
  0.00000  0.50000  1.00000  10   -3.441  -1.437  -6.312 -12.565   0.000   1.375  10.266   0.000   0.000  17.953 1.00  -0.00000    -11.19025
  0.00000  0.50000  1.00000  11   -2.990  -1.450  -6.473 -12.256   0.000   1.343  12.736   0.000   0.000  20.552 1.00  -0.00000    -10.91334
  0.00000  0.50000  1.00000  12   -2.990  -1.450  -6.473 -12.256   0.000   1.343  12.736   0.000   0.000  20.552 1.00  -0.00000    -10.91334
  0.00000  0.50000  1.00000  13   -1.691  -0.419  -6.366  -9.519   0.000   1.043  16.119   0.000   0.000  23.528 1.00  -0.00000     -8.47593
  0.00000  0.50000  1.00000  14   -1.691  -0.419  -6.366  -9.519   0.000   1.043  16.119   0.000   0.000  23.528 1.00  -0.00000     -8.47593
  0.00000  0.50000  1.00000  15   -1.520  -0.636  -6.356  -9.222   0.000   0.710  18.256   0.000   0.000  25.322 1.00  -0.00000     -8.51194
  0.00000  0.50000  1.00000  16   -1.520  -0.636  -6.356  -9.222   0.000   0.710  18.256   0.000   0.000  25.322 1.00  -0.00000     -8.51194
  0.00000  0.50000  1.00000  17   -2.285  -1.652  -7.663 -13.230   0.000   1.630  18.667   0.000   0.000  27.960 1.00  -0.00000    -11.60075
  0.00000  0.50000  1.00000  18   -2.285  -1.652  -7.663 -13.230   0.000   1.630  18.667   0.000   0.000  27.960 1.00  -0.00000    -11.60075
  0.00000  0.50000  1.00000  19   -2.135  -0.880  -7.459 -12.487   0.000   2.013  19.701   0.000   0.000  29.173 1.00  -0.00000    -10.47446
  0.00000  0.50000  1.00000  20   -2.135  -0.880  -7.459 -12.487   0.000   2.013  19.701   0.000   0.000  29.173 1.00  -0.00000    -10.47446
  0.00000  0.50000  1.00000  21   -1.360  -0.937  -7.085 -10.757   0.000   1.374  23.755   0.000   0.000  32.215 1.00  -0.00000     -9.38232
  0.00000  0.50000  1.00000  22   -1.360  -0.937  -7.085 -10.757   0.000   1.374  23.755   0.000   0.000  32.215 1.00  -0.00000     -9.38232
  0.00000  0.50000  1.00000  23    0.000   0.000   0.000  -9.479   0.000   0.000  28.631   0.000   0.000   0.000 1.00   0.00000      0.00000
  0.00000  0.50000  1.00000  24    0.000   0.000   0.000  -9.479   0.000   0.000  28.631   0.000   0.000   0.000 1.00   0.00000      0.00000
  0.00000  0.50000  1.00000  25    0.000   0.000   0.000 -10.049   0.000   0.000  29.174   0.000   0.000   0.000 1.00   0.00000      0.00000

