        0.00000       -1.06913   1   1
        0.00000       -1.06913   1   2
        0.00000       -1.06913   1   3
        0.00000       -1.06406   1   4
        0.00000       -1.06406   1   5
        0.00000       -0.82914   1   6
        0.00000        0.13601   1   7
        0.00000        0.13601   1   8
        0.00000        0.13601   1   9
        0.00000        0.26936   1  10
        0.00000        0.47871   1  11
        0.00000        0.47871   1  12
        0.00000        0.47871   1  13
        0.00000        0.95345   1  14
        0.00000        0.95345   1  15
        0.00000        1.19070   1  16
        0.00000        1.19070   1  17
        0.00000        1.19070   1  18
        0.00000        2.15393   1  19
        0.00000        2.15393   1  20
        0.00000        2.15393   1  21
        0.00000        2.29959   1  22
        0.00000        2.29959   1  23
        0.04762       -1.06917   1   1
        0.04762       -1.06912   1   2
        0.04762       -1.06912   1   3
        0.04762       -1.06406   1   4
        0.04762       -1.06405   1   5
        0.04762       -0.82838   1   6
        0.04762        0.12659   1   7
        0.04762        0.13368   1   8
        0.04762        0.13369   1   9
        0.04762        0.27880   1  10
        0.04762        0.47695   1  11
        0.04762        0.48166   1  12
        0.04762        0.48173   1  13
        0.04762        0.94665   1  14
        0.04762        0.95411   1  15
        0.04762        1.20042   1  16
        0.04762        1.20495   1  17
        0.04762        1.20914   1  18
        0.04762        2.13963   1  19
        0.04762        2.16089   1  20
        0.04762        2.16410   1  21
        0.04762        2.29826   1  22
        0.04762        2.32128   1  23
        0.09524       -1.06928   1   1
        0.09524       -1.06906   1   2
        0.09524       -1.06906   1   3
        0.09524       -1.06407   1   4
        0.09524       -1.06402   1   5
        0.09524       -0.82609   1   6
        0.09524        0.10361   1   7
        0.09524        0.12698   1   8
        0.09524        0.12702   1   9
        0.09524        0.30176   1  10
        0.09524        0.47171   1  11
        0.09524        0.49042   1  12
        0.09524        0.49054   1  13
        0.09524        0.92863   1  14
        0.09524        0.95616   1  15
        0.09524        1.22777   1  16
        0.09524        1.24760   1  17
        0.09524        1.25392   1  18
        0.09524        2.11225   1  19
        0.09524        2.18422   1  20
        0.09524        2.18809   1  21
        0.09524        2.29117   1  22
        0.09524        2.36762   1  23
        0.14286       -1.06946   1   1
        0.14286       -1.06898   1   2
        0.14286       -1.06898   1   3
        0.14286       -1.06410   1   4
        0.14286       -1.06398   1   5
        0.14286       -0.82230   1   6
        0.14286        0.07431   1   7
        0.14286        0.11668   1   8
        0.14286        0.11675   1   9
        0.14286        0.33053   1  10
        0.14286        0.46325   1  11
        0.14286        0.50450   1  12
        0.14286        0.50461   1  13
        0.14286        0.90410   1  14
        0.14286        0.95982   1  15
        0.14286        1.26948   1  16
        0.14286        1.30561   1  17
        0.14286        1.31151   1  18
        0.14286        2.08481   1  19
        0.14286        2.21853   1  20
        0.14286        2.22057   1  21
        0.14286        2.27066   1  22
        0.14286        2.41832   1  23
        0.19048       -1.06970   1   1
        0.19048       -1.06886   1   2
        0.19048       -1.06886   1   3
        0.19048       -1.06415   1   4
        0.19048       -1.06393   1   5
        0.19048       -0.81706   1   6
        0.19048        0.04244   1   7
        0.19048        0.10374   1   8
        0.19048        0.10381   1   9
        0.19048        0.36030   1  10
        0.19048        0.45221   1  11
        0.19048        0.52314   1  12
        0.19048        0.52322   1  13
        0.19048        0.87734   1  14
        0.19048        0.96529   1  15
        0.19048        1.32264   1  16
        0.19048        1.36385   1  17
        0.19048        1.36748   1  18
        0.19048        2.05835   1  19
        0.19048        2.22830   1  20
        0.19048        2.25557   1  21
        0.19048        2.25559   1  22
        0.19048        2.46569   1  23
        0.23810       -1.06999   1   1
        0.23810       -1.06872   1   2
        0.23810       -1.06872   1   3
        0.23810       -1.06422   1   4
        0.23810       -1.06389   1   5
        0.23810       -0.81046   1   6
        0.23810        0.00964   1   7
        0.23810        0.08909   1   8
        0.23810        0.08911   1   9
        0.23810        0.38698   1  10
        0.23810        0.44048   1  11
        0.23810        0.54547   1  12
        0.23810        0.54549   1  13
        0.23810        0.85173   1  14
        0.23810        0.97256   1  15
        0.23810        1.38380   1  16
        0.23810        1.41131   1  17
        0.23810        1.41201   1  18
        0.23810        2.03083   1  19
        0.23810        2.15910   1  20
        0.23810        2.28665   1  21
        0.23810        2.28693   1  22
        0.23810        2.50876   1  23
        0.28571       -1.07032   1   1
        0.28571       -1.06855   1   2
        0.28571       -1.06855   1   3
        0.28571       -1.06431   1   4
        0.28571       -1.06383   1   5
        0.28571       -0.80258   1   6
        0.28571       -0.02334   1   7
        0.28571        0.07339   1   8
        0.28571        0.07344   1   9
        0.28571        0.40161   1  10
        0.28571        0.43567   1  11
        0.28571        0.57052   1  12
        0.28571        0.57058   1  13
        0.28571        0.82998   1  14
        0.28571        0.98140   1  15
        0.28571        1.44134   1  16
        0.28571        1.44314   1  17
        0.28571        1.44830   1  18
        0.28571        2.00065   1  19
        0.28571        2.06531   1  20
        0.28571        2.30608   1  21
        0.28571        2.30758   1  22
        0.28571        2.54904   1  23
        0.33333       -1.07068   1   1
        0.33333       -1.06835   1   2
        0.33333       -1.06835   1   3
        0.33333       -1.06441   1   4
        0.33333       -1.06376   1   5
        0.33333       -0.79349   1   6
        0.33333       -0.05616   1   7
        0.33333        0.05719   1   8
        0.33333        0.05731   1   9
        0.33333        0.39476   1  10
        0.33333        0.44630   1  11
        0.33333        0.59750   1  12
        0.33333        0.59764   1  13
        0.33333        0.81437   1  14
        0.33333        0.99135   1  15
        0.33333        1.45613   1  16
        0.33333        1.45939   1  17
        0.33333        1.51171   1  18
        0.33333        1.95862   1  19
        0.33333        1.96742   1  20
        0.33333        2.30959   1  21
        0.33333        2.31376   1  22
        0.33333        2.58709   1  23
        0.38095       -1.07107   1   1
        0.38095       -1.06813   1   2
        0.38095       -1.06813   1   3
        0.38095       -1.06452   1   4
        0.38095       -1.06368   1   5
        0.38095       -0.78326   1   6
        0.38095       -0.08866   1   7
        0.38095        0.04093   1   8
        0.38095        0.04105   1   9
        0.38095        0.38040   1  10
        0.38095        0.45753   1  11
        0.38095        0.62581   1  12
        0.38095        0.62598   1  13
        0.38095        0.80696   1  14
        0.38095        1.00205   1  15
        0.38095        1.45931   1  16
        0.38095        1.46283   1  17
        0.38095        1.57153   1  18
        0.38095        1.85741   1  19
        0.38095        1.93230   1  20
        0.38095        2.29748   1  21
        0.38095        2.30350   1  22
        0.38095        2.62077   1  23
        0.42857       -1.07146   1   1
        0.42857       -1.06789   1   2
        0.42857       -1.06789   1   3
        0.42857       -1.06462   1   4
        0.42857       -1.06358   1   5
        0.42857       -0.77195   1   6
        0.42857       -0.12069   1   7
        0.42857        0.02493   1   8
        0.42857        0.02501   1   9
        0.42857        0.36531   1  10
        0.42857        0.46202   1  11
        0.42857        0.65504   1  12
        0.42857        0.65518   1  13
        0.42857        0.80931   1  14
        0.42857        1.01346   1  15
        0.42857        1.45468   1  16
        0.42857        1.45733   1  17
        0.42857        1.62621   1  18
        0.42857        1.77681   1  19
        0.42857        1.89912   1  20
        0.42857        2.27305   1  21
        0.42857        2.27866   1  22
        0.42857        2.64625   1  23
        0.47619       -1.07185   1   1
        0.47619       -1.06764   1   2
        0.47619       -1.06764   1   3
        0.47619       -1.06473   1   4
        0.47619       -1.06348   1   5
        0.47619       -0.75964   1   6
        0.47619       -0.15210   1   7
        0.47619        0.00948   1   8
        0.47619        0.00951   1   9
        0.47619        0.35106   1  10
        0.47619        0.45855   1  11
        0.47619        0.68498   1  12
        0.47619        0.68503   1  13
        0.47619        0.82182   1  14
        0.47619        1.02598   1  15
        0.47619        1.44571   1  16
        0.47619        1.44669   1  17
        0.47619        1.66928   1  18
        0.47619        1.71962   1  19
        0.47619        1.87753   1  20
        0.47619        2.24202   1  21
        0.47619        2.24442   1  22
        0.47619        2.66023   1  23
        0.52381       -1.07224   1   1
        0.52381       -1.06738   1   2
        0.52381       -1.06738   1   3
        0.52381       -1.06483   1   4
        0.52381       -1.06337   1   5
        0.52381       -0.74642   1   6
        0.52381       -0.18269   1   7
        0.52381       -0.00514   1   8
        0.52381       -0.00512   1   9
        0.52381        0.33818   1  10
        0.52381        0.44815   1  11
        0.52381        0.71547   1  12
        0.52381        0.71552   1  13
        0.52381        0.84329   1  14
        0.52381        1.04015   1  15
        0.52381        1.43358   1  16
        0.52381        1.43455   1  17
        0.52381        1.67765   1  18
        0.52381        1.68443   1  19
        0.52381        1.88447   1  20
        0.52381        2.20792   1  21
        0.52381        2.21054   1  22
        0.52381        2.66174   1  23
        0.57143       -1.07261   1   1
        0.57143       -1.06712   1   2
        0.57143       -1.06712   1   3
        0.57143       -1.06494   1   4
        0.57143       -1.06326   1   5
        0.57143       -0.73239   1   6
        0.57143       -0.21230   1   7
        0.57143       -0.01865   1   8
        0.57143       -0.01860   1   9
        0.57143        0.32688   1  10
        0.57143        0.43303   1  11
        0.57143        0.74641   1  12
        0.57143        0.74653   1  13
        0.57143        0.87122   1  14
        0.57143        1.05625   1  15
        0.57143        1.41904   1  16
        0.57143        1.42165   1  17
        0.57143        1.64026   1  18
        0.57143        1.66710   1  19
        0.57143        1.92126   1  20
        0.57143        2.17567   1  21
        0.57143        2.18297   1  22
        0.57143        2.65278   1  23
        0.61905       -1.07297   1   1
        0.61905       -1.06687   1   2
        0.61905       -1.06687   1   3
        0.61905       -1.06505   1   4
        0.61905       -1.06316   1   5
        0.61905       -0.71766   1   6
        0.61905       -0.24075   1   7
        0.61905       -0.03082   1   8
        0.61905       -0.03078   1   9
        0.61905        0.31721   1  10
        0.61905        0.41552   1  11
        0.61905        0.77773   1  12
        0.61905        0.77786   1  13
        0.61905        0.90262   1  14
        0.61905        1.07401   1  15
        0.61905        1.40291   1  16
        0.61905        1.40627   1  17
        0.61905        1.60063   1  18
        0.61905        1.63256   1  19
        0.61905        1.96801   1  20
        0.61905        2.15117   1  21
        0.61905        2.16080   1  22
        0.61905        2.63725   1  23
        0.66667       -1.07330   1   1
        0.66667       -1.06662   1   2
        0.66667       -1.06662   1   3
        0.66667       -1.06518   1   4
        0.66667       -1.06308   1   5
        0.66667       -0.70245   1   6
        0.66667       -0.26788   1   7
        0.66667       -0.04159   1   8
        0.66667       -0.04157   1   9
        0.66667        0.30920   1  10
        0.66667        0.39733   1  11
        0.66667        0.80917   1  12
        0.66667        0.80926   1  13
        0.66667        0.93488   1  14
        0.66667        1.09273   1  15
        0.66667        1.38476   1  16
        0.66667        1.38766   1  17
        0.66667        1.55684   1  18
        0.66667        1.59084   1  19
        0.66667        2.01245   1  20
        0.66667        2.13477   1  21
        0.66667        2.14345   1  22
        0.66667        2.61852   1  23
        0.71429       -1.07361   1   1
        0.71429       -1.06640   1   2
        0.71429       -1.06640   1   3
        0.71429       -1.06531   1   4
        0.71429       -1.06300   1   5
        0.71429       -0.68703   1   6
        0.71429       -0.29343   1   7
        0.71429       -0.05097   1   8
        0.71429       -0.05095   1   9
        0.71429        0.30291   1  10
        0.71429        0.37954   1  11
        0.71429        0.84038   1  12
        0.71429        0.84042   1  13
        0.71429        0.96628   1  14
        0.71429        1.11189   1  15
        0.71429        1.36450   1  16
        0.71429        1.36590   1  17
        0.71429        1.51062   1  18
        0.71429        1.54550   1  19
        0.71429        2.05328   1  20
        0.71429        2.12544   1  21
        0.71429        2.13002   1  22
        0.71429        2.59736   1  23
        0.76190       -1.07388   1   1
        0.76190       -1.06621   1   2
        0.76190       -1.06621   1   3
        0.76190       -1.06543   1   4
        0.76190       -1.06294   1   5
        0.76190       -0.67186   1   6
        0.76190       -0.31705   1   7
        0.76190       -0.05899   1   8
        0.76190       -0.05898   1   9
        0.76190        0.29835   1  10
        0.76190        0.36287   1  11
        0.76190        0.87089   1  12
        0.76190        0.87090   1  13
        0.76190        0.99596   1  14
        0.76190        1.13155   1  15
        0.76190        1.34225   1  16
        0.76190        1.34270   1  17
        0.76190        1.46545   1  18
        0.76190        1.49838   1  19
        0.76190        2.09434   1  20
        0.76190        2.12039   1  21
        0.76190        2.12207   1  22
        0.76190        2.57233   1  23
        0.80952       -1.07411   1   1
        0.80952       -1.06605   1   2
        0.80952       -1.06605   1   3
        0.80952       -1.06554   1   4
        0.80952       -1.06289   1   5
        0.80952       -0.65752   1   6
        0.80952       -0.33825   1   7
        0.80952       -0.06568   1   8
        0.80952       -0.06566   1   9
        0.80952        0.29544   1  10
        0.80952        0.34795   1  11
        0.80952        0.90000   1  12
        0.80952        0.90008   1  13
        0.80952        1.02364   1  14
        0.80952        1.15223   1  15
        0.80952        1.31870   1  16
        0.80952        1.32053   1  17
        0.80952        1.42497   1  18
        0.80952        1.45150   1  19
        0.80952        2.11511   1  20
        0.80952        2.12333   1  21
        0.80952        2.13920   1  22
        0.80952        2.54199   1  23
        0.85714       -1.07428   1   1
        0.85714       -1.06592   1   2
        0.85714       -1.06591   1   3
        0.85714       -1.06561   1   4
        0.85714       -1.06284   1   5
        0.85714       -0.64479   1   6
        0.85714       -0.35633   1   7
        0.85714       -0.07099   1   8
        0.85714       -0.07095   1   9
        0.85714        0.29397   1  10
        0.85714        0.33542   1  11
        0.85714        0.92666   1  12
        0.85714        0.92683   1  13
        0.85714        1.04893   1  14
        0.85714        1.17392   1  15
        0.85714        1.29735   1  16
        0.85714        1.29958   1  17
        0.85714        1.39170   1  18
        0.85714        1.40773   1  19
        0.85714        2.11450   1  20
        0.85714        2.12707   1  21
        0.85714        2.18739   1  22
        0.85714        2.50715   1  23
        0.90476       -1.07441   1   1
        0.90476       -1.06582   1   2
        0.90476       -1.06581   1   3
        0.90476       -1.06566   1   4
        0.90476       -1.06281   1   5
        0.90476       -0.63457   1   6
        0.90476       -0.37039   1   7
        0.90476       -0.07483   1   8
        0.90476       -0.07479   1   9
        0.90476        0.29364   1  10
        0.90476        0.32583   1  11
        0.90476        0.94908   1  12
        0.90476        0.94931   1  13
        0.90476        1.07059   1  14
        0.90476        1.19492   1  15
        0.90476        1.28001   1  16
        0.90476        1.28176   1  17
        0.90476        1.36667   1  18
        0.90476        1.37078   1  19
        0.90476        2.11789   1  20
        0.90476        2.13051   1  21
        0.90476        2.23386   1  22
        0.90476        2.47163   1  23
        0.95238       -1.07448   1   1
        0.95238       -1.06575   1   2
        0.95238       -1.06575   1   3
        0.95238       -1.06569   1   4
        0.95238       -1.06279   1   5
        0.95238       -0.62787   1   6
        0.95238       -0.37941   1   7
        0.95238       -0.07714   1   8
        0.95238       -0.07712   1   9
        0.95238        0.29392   1  10
        0.95238        0.31968   1  11
        0.95238        0.96458   1  12
        0.95238        0.96477   1  13
        0.95238        1.08606   1  14
        0.95238        1.21125   1  15
        0.95238        1.26846   1  16
        0.95238        1.26935   1  17
        0.95238        1.34526   1  18
        0.95238        1.35048   1  19
        0.95238        2.12343   1  20
        0.95238        2.13131   1  21
        0.95238        2.27034   1  22
        0.95238        2.44224   1  23
        1.00000       -1.07450   1   1
        1.00000       -1.06573   1   2
        1.00000       -1.06573   1   3
        1.00000       -1.06570   1   4
        1.00000       -1.06278   1   5
        1.00000       -0.62553   1   6
        1.00000       -0.38253   1   7
        1.00000       -0.07791   1   8
        1.00000       -0.07791   1   9
        1.00000        0.29415   1  10
        1.00000        0.31751   1  11
        1.00000        0.97029   1  12
        1.00000        0.97029   1  13
        1.00000        1.09183   1  14
        1.00000        1.21764   1  15
        1.00000        1.26459   1  16
        1.00000        1.26459   1  17
        1.00000        1.33599   1  18
        1.00000        1.34466   1  19
        1.00000        2.12863   1  20
        1.00000        2.12863   1  21
        1.00000        2.28523   1  22
        1.00000        2.42979   1  23
        1.00000       -1.07450   1   1
        1.00000       -1.06573   1   2
        1.00000       -1.06573   1   3
        1.00000       -1.06570   1   4
        1.00000       -1.06278   1   5
        1.00000       -0.62553   1   6
        1.00000       -0.38253   1   7
        1.00000       -0.07791   1   8
        1.00000       -0.07791   1   9
        1.00000        0.29415   1  10
        1.00000        0.31751   1  11
        1.00000        0.97029   1  12
        1.00000        0.97029   1  13
        1.00000        1.09183   1  14
        1.00000        1.21764   1  15
        1.00000        1.26459   1  16
        1.00000        1.26459   1  17
        1.00000        1.33599   1  18
        1.00000        1.34466   1  19
        1.00000        2.12863   1  20
        1.00000        2.12863   1  21
        1.00000        2.28523   1  22
        1.00000        2.42979   1  23
        1.05893       -1.07447   1   1
        1.05893       -1.06581   1   2
        1.05893       -1.06575   1   3
        1.05893       -1.06563   1   4
        1.05893       -1.06280   1   5
        1.05893       -0.62536   1   6
        1.05893       -0.38208   1   7
        1.05893       -0.08351   1   8
        1.05893       -0.07694   1   9
        1.05893        0.29878   1  10
        1.05893        0.32373   1  11
        1.05893        0.96095   1  12
        1.05893        0.96258   1  13
        1.05893        1.08349   1  14
        1.05893        1.20345   1  15
        1.05893        1.26219   1  16
        1.05893        1.27141   1  17
        1.05893        1.35892   1  18
        1.05893        1.36125   1  19
        1.05893        2.12564   1  20
        1.05893        2.13182   1  21
        1.05893        2.27931   1  22
        1.05893        2.42011   1  23
        1.11785       -1.07437   1   1
        1.11785       -1.06594   1   2
        1.11785       -1.06578   1   3
        1.11785       -1.06554   1   4
        1.11785       -1.06284   1   5
        1.11785       -0.62497   1   6
        1.11785       -0.38073   1   7
        1.11785       -0.09830   1   8
        1.11785       -0.07406   1   9
        1.11785        0.30627   1  10
        1.11785        0.34673   1  11
        1.11785        0.93769   1  12
        1.11785        0.94167   1  13
        1.11785        1.05626   1  14
        1.11785        1.16971   1  15
        1.11785        1.27288   1  16
        1.11785        1.29479   1  17
        1.11785        1.39561   1  18
        1.11785        1.40505   1  19
        1.11785        2.11112   1  20
        1.11785        2.13985   1  21
        1.11785        2.26159   1  22
        1.11785        2.39435   1  23
        1.17678       -1.07421   1   1
        1.17678       -1.06611   1   2
        1.17678       -1.06585   1   3
        1.17678       -1.06542   1   4
        1.17678       -1.06292   1   5
        1.17678       -0.62460   1   6
        1.17678       -0.37857   1   7
        1.17678       -0.11791   1   8
        1.17678       -0.06929   1   9
        1.17678        0.31304   1  10
        1.17678        0.38568   1  11
        1.17678        0.90760   1  12
        1.17678        0.91214   1  13
        1.17678        1.01485   1  14
        1.17678        1.12853   1  15
        1.17678        1.29872   1  16
        1.17678        1.32955   1  17
        1.17678        1.43343   1  18
        1.17678        1.45564   1  19
        1.17678        2.07626   1  20
        1.17678        2.14919   1  21
        1.17678        2.23026   1  22
        1.17678        2.36122   1  23
        1.23570       -1.07401   1   1
        1.23570       -1.06632   1   2
        1.23570       -1.06594   1   3
        1.23570       -1.06527   1   4
        1.23570       -1.06301   1   5
        1.23570       -0.62468   1   6
        1.23570       -0.37567   1   7
        1.23570       -0.13813   1   8
        1.23570       -0.06268   1   9
        1.23570        0.32045   1  10
        1.23570        0.43502   1  11
        1.23570        0.87480   1  12
        1.23570        0.87833   1  13
        1.23570        0.96760   1  14
        1.23570        1.08414   1  15
        1.23570        1.32981   1  16
        1.23570        1.36954   1  17
        1.23570        1.47137   1  18
        1.23570        1.50418   1  19
        1.23570        2.02224   1  20
        1.23570        2.15653   1  21
        1.23570        2.17975   1  22
        1.23570        2.33052   1  23
        1.29463       -1.07379   1   1
        1.29463       -1.06655   1   2
        1.29463       -1.06605   1   3
        1.29463       -1.06510   1   4
        1.29463       -1.06312   1   5
        1.29463       -0.62578   1   6
        1.29463       -0.37205   1   7
        1.29463       -0.15578   1   8
        1.29463       -0.05433   1   9
        1.29463        0.32909   1  10
        1.29463        0.49082   1  11
        1.29463        0.84194   1  12
        1.29463        0.84326   1  13
        1.29463        0.91938   1  14
        1.29463        1.03838   1  15
        1.29463        1.36031   1  16
        1.29463        1.41088   1  17
        1.29463        1.51112   1  18
        1.29463        1.54778   1  19
        1.29463        1.95753   1  20
        1.29463        2.11017   1  21
        1.29463        2.16084   1  22
        1.29463        2.30564   1  23
        1.35355       -1.07356   1   1
        1.35355       -1.06679   1   2
        1.35355       -1.06619   1   3
        1.35355       -1.06491   1   4
        1.35355       -1.06325   1   5
        1.35355       -0.62856   1   6
        1.35355       -0.36751   1   7
        1.35355       -0.16877   1   8
        1.35355       -0.04434   1   9
        1.35355        0.33911   1  10
        1.35355        0.54978   1  11
        1.35355        0.80851   1  12
        1.35355        0.81163   1  13
        1.35355        0.87250   1  14
        1.35355        0.99340   1  15
        1.35355        1.38806   1  16
        1.35355        1.45180   1  17
        1.35355        1.55576   1  18
        1.35355        1.58386   1  19
        1.35355        1.88776   1  20
        1.35355        2.03428   1  21
        1.35355        2.16444   1  22
        1.35355        2.28339   1  23
        1.35355       -1.07356   1   1
        1.35355       -1.06679   1   2
        1.35355       -1.06619   1   3
        1.35355       -1.06491   1   4
        1.35355       -1.06325   1   5
        1.35355       -0.62856   1   6
        1.35355       -0.36751   1   7
        1.35355       -0.16877   1   8
        1.35355       -0.04434   1   9
        1.35355        0.33911   1  10
        1.35355        0.54978   1  11
        1.35355        0.80851   1  12
        1.35355        0.81163   1  13
        1.35355        0.87250   1  14
        1.35355        0.99340   1  15
        1.35355        1.38806   1  16
        1.35355        1.45180   1  17
        1.35355        1.55576   1  18
        1.35355        1.58386   1  19
        1.35355        1.88776   1  20
        1.35355        2.03428   1  21
        1.35355        2.16444   1  22
        1.35355        2.28339   1  23
        1.40177       -1.07337   1   1
        1.40177       -1.06697   1   2
        1.40177       -1.06631   1   3
        1.40177       -1.06474   1   4
        1.40177       -1.06336   1   5
        1.40177       -0.63253   1   6
        1.40177       -0.36284   1   7
        1.40177       -0.17507   1   8
        1.40177       -0.03506   1   9
        1.40177        0.34832   1  10
        1.40177        0.59738   1  11
        1.40177        0.78072   1  12
        1.40177        0.79142   1  13
        1.40177        0.83617   1  14
        1.40177        0.95894   1  15
        1.40177        1.40778   1  16
        1.40177        1.48493   1  17
        1.40177        1.59646   1  18
        1.40177        1.60313   1  19
        1.40177        1.83374   1  20
        1.40177        1.97892   1  21
        1.40177        2.17022   1  22
        1.40177        2.26451   1  23
        1.44998       -1.07318   1   1
        1.44998       -1.06713   1   2
        1.44998       -1.06645   1   3
        1.44998       -1.06456   1   4
        1.44998       -1.06347   1   5
        1.44998       -0.63827   1   6
        1.44998       -0.35696   1   7
        1.44998       -0.17719   1   8
        1.44998       -0.02490   1   9
        1.44998        0.35836   1  10
        1.44998        0.63917   1  11
        1.44998        0.75361   1  12
        1.44998        0.78070   1  13
        1.44998        0.80254   1  14
        1.44998        0.92775   1  15
        1.44998        1.42294   1  16
        1.44998        1.51832   1  17
        1.44998        1.60403   1  18
        1.44998        1.63886   1  19
        1.44998        1.79736   1  20
        1.44998        1.93685   1  21
        1.44998        2.18138   1  22
        1.44998        2.24393   1  23
        1.49819       -1.07300   1   1
        1.49819       -1.06727   1   2
        1.49819       -1.06660   1   3
        1.49819       -1.06439   1   4
        1.49819       -1.06358   1   5
        1.49819       -0.64588   1   6
        1.49819       -0.34949   1   7
        1.49819       -0.17520   1   8
        1.49819       -0.01396   1   9
        1.49819        0.36903   1  10
        1.49819        0.66414   1  11
        1.49819        0.72727   1  12
        1.49819        0.77014   1  13
        1.49819        0.79338   1  14
        1.49819        0.90034   1  15
        1.49819        1.42940   1  16
        1.49819        1.55234   1  17
        1.49819        1.58173   1  18
        1.49819        1.67929   1  19
        1.49819        1.79067   1  20
        1.49819        1.91405   1  21
        1.49819        2.19906   1  22
        1.49819        2.22199   1  23
        1.54640       -1.07282   1   1
        1.54640       -1.06739   1   2
        1.54640       -1.06676   1   3
        1.54640       -1.06423   1   4
        1.54640       -1.06368   1   5
        1.54640       -0.65526   1   6
        1.54640       -0.34005   1   7
        1.54640       -0.16941   1   8
        1.54640       -0.00239   1   9
        1.54640        0.38005   1  10
        1.54640        0.66681   1  11
        1.54640        0.70190   1  12
        1.54640        0.74223   1  13
        1.54640        0.83345   1  14
        1.54640        0.87668   1  15
        1.54640        1.41953   1  16
        1.54640        1.55182   1  17
        1.54640        1.58669   1  18
        1.54640        1.71387   1  19
        1.54640        1.80768   1  20
        1.54640        1.91496   1  21
        1.54640        2.20041   1  22
        1.54640        2.22251   1  23
        1.59461       -1.07264   1   1
        1.59461       -1.06749   1   2
        1.59461       -1.06693   1   3
        1.59461       -1.06409   1   4
        1.59461       -1.06378   1   5
        1.59461       -0.66618   1   6
        1.59461       -0.32831   1   7
        1.59461       -0.16021   1   8
        1.59461        0.00968   1   9
        1.59461        0.39099   1  10
        1.59461        0.65842   1  11
        1.59461        0.67772   1  12
        1.59461        0.71638   1  13
        1.59461        0.85632   1  14
        1.59461        0.89335   1  15
        1.59461        1.38793   1  16
        1.59461        1.53301   1  17
        1.59461        1.62037   1  18
        1.59461        1.73979   1  19
        1.59461        1.83835   1  20
        1.59461        1.93903   1  21
        1.59461        2.18189   1  22
        1.59461        2.24979   1  23
        1.64282       -1.07246   1   1
        1.64282       -1.06758   1   2
        1.64282       -1.06710   1   3
        1.64282       -1.06397   1   4
        1.64282       -1.06387   1   5
        1.64282       -0.67833   1   6
        1.64282       -0.31408   1   7
        1.64282       -0.14803   1   8
        1.64282        0.02209   1   9
        1.64282        0.40122   1  10
        1.64282        0.64771   1  11
        1.64282        0.65487   1  12
        1.64282        0.69238   1  13
        1.64282        0.83872   1  14
        1.64282        0.96414   1  15
        1.64282        1.34221   1  16
        1.64282        1.52578   1  17
        1.64282        1.65190   1  18
        1.64282        1.75608   1  19
        1.64282        1.87783   1  20
        1.64282        1.98121   1  21
        1.64282        2.16943   1  22
        1.64282        2.27915   1  23
        1.69104       -1.07228   1   1
        1.69104       -1.06765   1   2
        1.69104       -1.06729   1   3
        1.69104       -1.06394   1   4
        1.69104       -1.06387   1   5
        1.69104       -0.69134   1   6
        1.69104       -0.29732   1   7
        1.69104       -0.13328   1   8
        1.69104        0.03467   1   9
        1.69104        0.40991   1  10
        1.69104        0.63347   1  11
        1.69104        0.63748   1  12
        1.69104        0.67039   1  13
        1.69104        0.82353   1  14
        1.69104        1.04013   1  15
        1.69104        1.29189   1  16
        1.69104        1.52378   1  17
        1.69104        1.67948   1  18
        1.69104        1.76410   1  19
        1.69104        1.92308   1  20
        1.69104        2.03325   1  21
        1.69104        2.16658   1  22
        1.69104        2.30997   1  23
        1.73925       -1.07209   1   1
        1.73925       -1.06772   1   2
        1.73925       -1.06747   1   3
        1.73925       -1.06400   1   4
        1.73925       -1.06380   1   5
        1.73925       -0.70488   1   6
        1.73925       -0.27811   1   7
        1.73925       -0.11629   1   8
        1.73925        0.04720   1   9
        1.73925        0.41615   1  10
        1.73925        0.61351   1  11
        1.73925        0.62614   1  12
        1.73925        0.65309   1  13
        1.73925        0.81084   1  14
        1.73925        1.11533   1  15
        1.73925        1.24033   1  16
        1.73925        1.52400   1  17
        1.73925        1.70025   1  18
        1.73925        1.76839   1  19
        1.73925        1.97019   1  20
        1.73925        2.08118   1  21
        1.73925        2.18081   1  22
        1.73925        2.34293   1  23
        1.78746       -1.07188   1   1
        1.78746       -1.06779   1   2
        1.78746       -1.06765   1   3
        1.78746       -1.06404   1   4
        1.78746       -1.06375   1   5
        1.78746       -0.71864   1   6
        1.78746       -0.25658   1   7
        1.78746       -0.09736   1   8
        1.78746        0.05946   1   9
        1.78746        0.41925   1  10
        1.78746        0.59495   1  11
        1.78746        0.60979   1  12
        1.78746        0.64474   1  13
        1.78746        0.80128   1  14
        1.78746        1.18228   1  15
        1.78746        1.18977   1  16
        1.78746        1.52523   1  17
        1.78746        1.70917   1  18
        1.78746        1.77744   1  19
        1.78746        2.01366   1  20
        1.78746        2.10900   1  21
        1.78746        2.22095   1  22
        1.78746        2.37911   1  23
        1.83567       -1.07165   1   1
        1.83567       -1.06787   1   2
        1.83567       -1.06783   1   3
        1.83567       -1.06406   1   4
        1.83567       -1.06372   1   5
        1.83567       -0.73235   1   6
        1.83567       -0.23283   1   7
        1.83567       -0.07677   1   8
        1.83567        0.07123   1   9
        1.83567        0.41905   1  10
        1.83567        0.57778   1  11
        1.83567        0.59060   1  12
        1.83567        0.64281   1  13
        1.83567        0.79585   1  14
        1.83567        1.13648   1  15
        1.83567        1.24190   1  16
        1.83567        1.52631   1  17
        1.83567        1.70516   1  18
        1.83567        1.79660   1  19
        1.83567        2.04738   1  20
        1.83567        2.12371   1  21
        1.83567        2.27427   1  22
        1.83567        2.41849   1  23
        1.88388       -1.07141   1   1
        1.88388       -1.06800   1   2
        1.88388       -1.06795   1   3
        1.88388       -1.06406   1   4
        1.88388       -1.06371   1   5
        1.88388       -0.74577   1   6
        1.88388       -0.20691   1   7
        1.88388       -0.05481   1   8
        1.88388        0.08228   1   9
        1.88388        0.41596   1  10
        1.88388        0.56197   1  11
        1.88388        0.57186   1  12
        1.88388        0.64269   1  13
        1.88388        0.79549   1  14
        1.88388        1.08774   1  15
        1.88388        1.28854   1  16
        1.88388        1.52558   1  17
        1.88388        1.69375   1  18
        1.88388        1.82375   1  19
        1.88388        2.06791   1  20
        1.88388        2.13899   1  21
        1.88388        2.32381   1  22
        1.88388        2.45896   1  23
        1.93210       -1.07115   1   1
        1.93210       -1.06816   1   2
        1.93210       -1.06805   1   3
        1.93210       -1.06406   1   4
        1.93210       -1.06372   1   5
        1.93210       -0.75868   1   6
        1.93210       -0.17884   1   7
        1.93210       -0.03182   1   8
        1.93210        0.09242   1   9
        1.93210        0.41064   1  10
        1.93210        0.54751   1  11
        1.93210        0.55470   1  12
        1.93210        0.64112   1  13
        1.93210        0.80064   1  14
        1.93210        1.04459   1  15
        1.93210        1.32596   1  16
        1.93210        1.52108   1  17
        1.93210        1.67808   1  18
        1.93210        1.85676   1  19
        1.93210        2.08070   1  20
        1.93210        2.15800   1  21
        1.93210        2.36174   1  22
        1.93210        2.49651   1  23
        1.98031       -1.07088   1   1
        1.98031       -1.06831   1   2
        1.98031       -1.06817   1   3
        1.98031       -1.06405   1   4
        1.98031       -1.06375   1   5
        1.98031       -0.77088   1   6
        1.98031       -0.14867   1   7
        1.98031       -0.00820   1   8
        1.98031        0.10152   1   9
        1.98031        0.40367   1  10
        1.98031        0.53438   1  11
        1.98031        0.53936   1  12
        1.98031        0.63554   1  13
        1.98031        0.81094   1  14
        1.98031        1.00938   1  15
        1.98031        1.35659   1  16
        1.98031        1.51088   1  17
        1.98031        1.65729   1  18
        1.98031        1.89393   1  19
        1.98031        2.09702   1  20
        1.98031        2.17916   1  21
        1.98031        2.38493   1  22
        1.98031        2.52630   1  23
        2.02852       -1.07060   1   1
        2.02852       -1.06846   1   2
        2.02852       -1.06830   1   3
        2.02852       -1.06405   1   4
        2.02852       -1.06379   1   5
        2.02852       -0.78224   1   6
        2.02852       -0.11654   1   7
        2.02852        0.01558   1   8
        2.02852        0.10948   1   9
        2.02852        0.39535   1  10
        2.02852        0.52258   1  11
        2.02852        0.52582   1  12
        2.02852        0.62413   1  13
        2.02852        0.82537   1  14
        2.02852        0.98311   1  15
        2.02852        1.38101   1  16
        2.02852        1.49328   1  17
        2.02852        1.62845   1  18
        2.02852        1.93276   1  19
        2.02852        2.12382   1  20
        2.02852        2.20278   1  21
        2.02852        2.39234   1  22
        2.02852        2.54375   1  23
        2.07673       -1.07032   1   1
        2.07673       -1.06860   1   2
        2.07673       -1.06844   1   3
        2.07673       -1.06405   1   4
        2.07673       -1.06383   1   5
        2.07673       -0.79261   1   6
        2.07673       -0.08265   1   7
        2.07673        0.03896   1   8
        2.07673        0.11628   1   9
        2.07673        0.38564   1  10
        2.07673        0.51211   1  11
        2.07673        0.51405   1  12
        2.07673        0.60633   1  13
        2.07673        0.84262   1  14
        2.07673        0.96520   1  15
        2.07673        1.39684   1  16
        2.07673        1.46690   1  17
        2.07673        1.58836   1  18
        2.07673        1.97015   1  19
        2.07673        2.15685   1  20
        2.07673        2.23152   1  21
        2.07673        2.38395   1  22
        2.07673        2.54548   1  23
        2.12494       -1.07006   1   1
        2.12494       -1.06873   1   2
        2.12494       -1.06858   1   3
        2.12494       -1.06405   1   4
        2.12494       -1.06388   1   5
        2.12494       -0.80188   1   6
        2.12494       -0.04726   1   7
        2.12494        0.06131   1   8
        2.12494        0.12195   1   9
        2.12494        0.37419   1  10
        2.12494        0.50302   1  11
        2.12494        0.50408   1  12
        2.12494        0.58303   1  13
        2.12494        0.86146   1  14
        2.12494        0.95412   1  15
        2.12494        1.39925   1  16
        2.12494        1.43108   1  17
        2.12494        1.53505   1  18
        2.12494        2.00378   1  19
        2.12494        2.18233   1  20
        2.12494        2.26671   1  21
        2.12494        2.36077   1  22
        2.12494        2.53007   1  23
        2.17315       -1.06981   1   1
        2.17315       -1.06885   1   2
        2.17315       -1.06872   1   3
        2.17315       -1.06405   1   4
        2.17315       -1.06392   1   5
        2.17315       -0.80996   1   6
        2.17315       -0.01075   1   7
        2.17315        0.08194   1   8
        2.17315        0.12653   1   9
        2.17315        0.36038   1  10
        2.17315        0.49536   1  11
        2.17315        0.49591   1  12
        2.17315        0.55655   1  13
        2.17315        0.88096   1  14
        2.17315        0.94820   1  15
        2.17315        1.37870   1  16
        2.17315        1.39109   1  17
        2.17315        1.46912   1  18
        2.17315        2.03329   1  19
        2.17315        2.19340   1  20
        2.17315        2.29653   1  21
        2.17315        2.32799   1  22
        2.17315        2.49870   1  23
        2.22137       -1.06959   1   1
        2.22137       -1.06895   1   2
        2.22137       -1.06886   1   3
        2.22137       -1.06405   1   4
        2.22137       -1.06396   1   5
        2.22137       -0.81674   1   6
        2.22137        0.02631   1   7
        2.22137        0.10014   1   8
        2.22137        0.13010   1   9
        2.22137        0.34342   1  10
        2.22137        0.48918   1  11
        2.22137        0.48948   1  12
        2.22137        0.53029   1  13
        2.22137        0.90038   1  14
        2.22137        0.94612   1  15
        2.22137        1.32881   1  16
        2.22137        1.35442   1  17
        2.22137        1.39469   1  18
        2.22137        2.06037   1  19
        2.22137        2.19252   1  20
        2.22137        2.27371   1  21
        2.22137        2.32539   1  22
        2.22137        2.45529   1  23
        2.26958       -1.06940   1   1
        2.26958       -1.06903   1   2
        2.26958       -1.06897   1   3
        2.26958       -1.06406   1   4
        2.26958       -1.06400   1   5
        2.26958       -0.82212   1   6
        2.26958        0.06292   1   7
        2.26958        0.11523   1   8
        2.26958        0.13276   1   9
        2.26958        0.32285   1  10
        2.26958        0.48449   1  11
        2.26958        0.48467   1  12
        2.26958        0.50777   1  13
        2.26958        0.91902   1  14
        2.26958        0.94689   1  15
        2.26958        1.27533   1  16
        2.26958        1.30526   1  17
        2.26958        1.31944   1  18
        2.26958        2.08752   1  19
        2.26958        2.18380   1  20
        2.26958        2.22818   1  21
        2.26958        2.32666   1  22
        2.26958        2.40567   1  23
        2.31779       -1.06926   1   1
        2.31779       -1.06909   1   2
        2.31779       -1.06906   1   3
        2.31779       -1.06406   1   4
        2.31779       -1.06403   1   5
        2.31779       -0.82601   1   6
        2.31779        0.09714   1   7
        2.31779        0.12656   1   8
        2.31779        0.13459   1   9
        2.31779        0.29980   1  10
        2.31779        0.48123   1  11
        2.31779        0.48133   1  12
        2.31779        0.49139   1  13
        2.31779        0.93577   1  14
        2.31779        0.94944   1  15
        2.31779        1.22986   1  16
        2.31779        1.25122   1  17
        2.31779        1.25346   1  18
        2.31779        2.11574   1  19
        2.31779        2.17110   1  20
        2.31779        2.18857   1  21
        2.31779        2.31681   1  22
        2.31779        2.35664   1  23
        2.36600       -1.06916   1   1
        2.36600       -1.06912   1   2
        2.36600       -1.06911   1   3
        2.36600       -1.06406   1   4
        2.36600       -1.06405   1   5
        2.36600       -0.82836   1   6
        2.36600        0.12454   1   7
        2.36600        0.13361   1   8
        2.36600        0.13566   1   9
        2.36600        0.27878   1  10
        2.36600        0.47933   1  11
        2.36600        0.47936   1  12
        2.36600        0.48181   1  13
        2.36600        0.94846   1  14
        2.36600        0.95223   1  15
        2.36600        1.20019   1  16
        2.36600        1.20744   1  17
        2.36600        1.20802   1  18
        2.36600        2.14174   1  19
        2.36600        2.15864   1  20
        2.36600        2.16318   1  21
        2.36600        2.30477   1  22
        2.36600        2.31664   1  23
        2.41421       -1.06913   1   1
        2.41421       -1.06913   1   2
        2.41421       -1.06913   1   3
        2.41421       -1.06406   1   4
        2.41421       -1.06406   1   5
        2.41421       -0.82914   1   6
        2.41421        0.13601   1   7
        2.41421        0.13601   1   8
        2.41421        0.13601   1   9
        2.41421        0.26936   1  10
        2.41421        0.47871   1  11
        2.41421        0.47871   1  12
        2.41421        0.47871   1  13
        2.41421        0.95345   1  14
        2.41421        0.95345   1  15
        2.41421        1.19070   1  16
        2.41421        1.19070   1  17
        2.41421        1.19070   1  18
        2.41421        2.15393   1  19
        2.41421        2.15393   1  20
        2.41421        2.15393   1  21
        2.41421        2.29959   1  22
        2.41421        2.29959   1  23
        2.41421       -1.06913   1   1
        2.41421       -1.06913   1   2
        2.41421       -1.06913   1   3
        2.41421       -1.06406   1   4
        2.41421       -1.06406   1   5
        2.41421       -0.82914   1   6
        2.41421        0.13601   1   7
        2.41421        0.13601   1   8
        2.41421        0.13601   1   9
        2.41421        0.26936   1  10
        2.41421        0.47871   1  11
        2.41421        0.47871   1  12
        2.41421        0.47871   1  13
        2.41421        0.95345   1  14
        2.41421        0.95345   1  15
        2.41421        1.19070   1  16
        2.41421        1.19070   1  17
        2.41421        1.19070   1  18
        2.41421        2.15393   1  19
        2.41421        2.15393   1  20
        2.41421        2.15393   1  21
        2.41421        2.29959   1  22
        2.41421        2.29959   1  23
        2.46233       -1.06916   1   1
        2.46233       -1.06912   1   2
        2.46233       -1.06912   1   3
        2.46233       -1.06405   1   4
        2.46233       -1.06405   1   5
        2.46233       -0.82836   1   6
        2.46233        0.12395   1   7
        2.46233        0.13498   1   8
        2.46233        0.13498   1   9
        2.46233        0.27867   1  10
        2.46233        0.48011   1  11
        2.46233        0.48011   1  12
        2.46233        0.48028   1  13
        2.46233        0.95039   1  14
        2.46233        0.95039   1  15
        2.46233        1.20359   1  16
        2.46233        1.20597   1  17
        2.46233        1.20597   1  18
        2.46233        2.14903   1  19
        2.46233        2.14903   1  20
        2.46233        2.16503   1  21
        2.46233        2.31234   1  22
        2.46233        2.31234   1  23
        2.51044       -1.06924   1   1
        2.51044       -1.06907   1   2
        2.51044       -1.06907   1   3
        2.51044       -1.06403   1   4
        2.51044       -1.06403   1   5
        2.51044       -0.82603   1   6
        2.51044        0.09507   1   7
        2.51044        0.13200   1   8
        2.51044        0.13200   1   9
        2.51044        0.29872   1  10
        2.51044        0.48432   1  11
        2.51044        0.48432   1  12
        2.51044        0.48559   1  13
        2.51044        0.94285   1  14
        2.51044        0.94285   1  15
        2.51044        1.23624   1  16
        2.51044        1.24916   1  17
        2.51044        1.24916   1  18
        2.51044        2.13735   1  19
        2.51044        2.13735   1  20
        2.51044        2.20008   1  21
        2.51044        2.34718   1  22
        2.51044        2.34718   1  23
        2.55855       -1.06937   1   1
        2.55855       -1.06900   1   2
        2.55855       -1.06900   1   3
        2.55855       -1.06400   1   4
        2.55855       -1.06400   1   5
        2.55855       -0.82215   1   6
        2.55855        0.05871   1   7
        2.55855        0.12734   1   8
        2.55855        0.12734   1   9
        2.55855        0.31871   1  10
        2.55855        0.49111   1  11
        2.55855        0.49111   1  12
        2.55855        0.49650   1  13
        2.55855        0.93338   1  14
        2.55855        0.93338   1  15
        2.55855        1.28333   1  16
        2.55855        1.30847   1  17
        2.55855        1.30847   1  18
        2.55855        2.12816   1  19
        2.55855        2.12816   1  20
        2.55855        2.24735   1  21
        2.55855        2.39210   1  22
        2.55855        2.39210   1  23
        2.60666       -1.06954   1   1
        2.60666       -1.06889   1   2
        2.60666       -1.06889   1   3
        2.60666       -1.06396   1   4
        2.60666       -1.06396   1   5
        2.60666       -0.81679   1   6
        2.60666        0.01927   1   7
        2.60666        0.12132   1   8
        2.60666        0.12132   1   9
        2.60666        0.33277   1  10
        2.60666        0.49998   1  11
        2.60666        0.49998   1  12
        2.60666        0.51491   1  13
        2.60666        0.92359   1  14
        2.60666        0.92359   1  15
        2.60666        1.33339   1  16
        2.60666        1.37140   1  17
        2.60666        1.37140   1  18
        2.60666        2.12451   1  19
        2.60666        2.12451   1  20
        2.60666        2.29078   1  21
        2.60666        2.43408   1  22
        2.60666        2.43408   1  23
        2.65478       -1.06974   1   1
        2.65478       -1.06877   1   2
        2.65478       -1.06877   1   3
        2.65478       -1.06392   1   4
        2.65478       -1.06392   1   5
        2.65478       -0.81002   1   6
        2.65478       -0.02122   1   7
        2.65478        0.11432   1   8
        2.65478        0.11432   1   9
        2.65478        0.33923   1  10
        2.65478        0.51013   1  11
        2.65478        0.51013   1  12
        2.65478        0.54093   1  13
        2.65478        0.91440   1  14
        2.65478        0.91440   1  15
        2.65478        1.37530   1  16
        2.65478        1.42727   1  17
        2.65478        1.42727   1  18
        2.65478        2.12371   1  19
        2.65478        2.12371   1  20
        2.65478        2.31699   1  21
        2.65478        2.46249   1  22
        2.65478        2.46249   1  23
        2.70289       -1.06999   1   1
        2.70289       -1.06864   1   2
        2.70289       -1.06864   1   3
        2.70289       -1.06389   1   4
        2.70289       -1.06389   1   5
        2.70289       -0.80196   1   6
        2.70289       -0.06165   1   7
        2.70289        0.10664   1   8
        2.70289        0.10664   1   9
        2.70289        0.33935   1  10
        2.70289        0.52059   1  11
        2.70289        0.52059   1  12
        2.70289        0.57253   1  13
        2.70289        0.90645   1  14
        2.70289        0.90645   1  15
        2.70289        1.40327   1  16
        2.70289        1.46892   1  17
        2.70289        1.46892   1  18
        2.70289        2.12166   1  19
        2.70289        2.12166   1  20
        2.70289        2.31870   1  21
        2.70289        2.47173   1  22
        2.70289        2.47173   1  23
        2.75100       -1.07026   1   1
        2.75100       -1.06853   1   2
        2.75100       -1.06853   1   3
        2.75100       -1.06388   1   4
        2.75100       -1.06388   1   5
        2.75100       -0.79272   1   6
        2.75100       -0.10128   1   7
        2.75100        0.09858   1   8
        2.75100        0.09858   1   9
        2.75100        0.33535   1  10
        2.75100        0.53037   1  11
        2.75100        0.53037   1  12
        2.75100        0.60706   1  13
        2.75100        0.90038   1  14
        2.75100        0.90038   1  15
        2.75100        1.41636   1  16
        2.75100        1.49350   1  17
        2.75100        1.49350   1  18
        2.75100        2.11700   1  19
        2.75100        2.11700   1  20
        2.75100        2.29465   1  21
        2.75100        2.46312   1  22
        2.75100        2.46312   1  23
        2.79911       -1.07057   1   1
        2.79911       -1.06842   1   2
        2.79911       -1.06842   1   3
        2.79911       -1.06388   1   4
        2.79911       -1.06388   1   5
        2.79911       -0.78244   1   6
        2.79911       -0.13965   1   7
        2.79911        0.09044   1   8
        2.79911        0.09044   1   9
        2.79911        0.32911   1  10
        2.79911        0.53868   1  11
        2.79911        0.53868   1  12
        2.79911        0.64242   1  13
        2.79911        0.89714   1  14
        2.79911        0.89714   1  15
        2.79911        1.41647   1  16
        2.79911        1.50198   1  17
        2.79911        1.50198   1  18
        2.79911        2.11264   1  19
        2.79911        2.11264   1  20
        2.79911        2.24805   1  21
        2.79911        2.44367   1  22
        2.79911        2.44367   1  23
        2.84723       -1.07088   1   1
        2.84723       -1.06832   1   2
        2.84723       -1.06832   1   3
        2.84723       -1.06388   1   4
        2.84723       -1.06388   1   5
        2.84723       -0.77128   1   6
        2.84723       -0.17643   1   7
        2.84723        0.08251   1   8
        2.84723        0.08251   1   9
        2.84723        0.32191   1  10
        2.84723        0.54500   1  11
        2.84723        0.54500   1  12
        2.84723        0.67736   1  13
        2.84723        0.89818   1  14
        2.84723        0.89818   1  15
        2.84723        1.40692   1  16
        2.84723        1.49772   1  17
        2.84723        1.49772   1  18
        2.84723        2.11329   1  19
        2.84723        2.11329   1  20
        2.84723        2.18486   1  21
        2.84723        2.42185   1  22
        2.84723        2.42185   1  23
        2.89534       -1.07118   1   1
        2.89534       -1.06823   1   2
        2.89534       -1.06823   1   3
        2.89534       -1.06386   1   4
        2.89534       -1.06386   1   5
        2.89534       -0.75942   1   6
        2.89534       -0.21132   1   7
        2.89534        0.07504   1   8
        2.89534        0.07504   1   9
        2.89534        0.31457   1  10
        2.89534        0.54913   1  11
        2.89534        0.54913   1  12
        2.89534        0.71157   1  13
        2.89534        0.90509   1  14
        2.89534        0.90509   1  15
        2.89534        1.39147   1  16
        2.89534        1.48459   1  17
        2.89534        1.48459   1  18
        2.89534        2.11192   1  19
        2.89534        2.12157   1  20
        2.89534        2.12157   1  21
        2.89534        2.40388   1  22
        2.89534        2.40388   1  23
        2.94345       -1.07147   1   1
        2.94345       -1.06814   1   2
        2.94345       -1.06814   1   3
        2.94345       -1.06383   1   4
        2.94345       -1.06383   1   5
        2.94345       -0.74709   1   6
        2.94345       -0.24404   1   7
        2.94345        0.06823   1   8
        2.94345        0.06823   1   9
        2.94345        0.30762   1  10
        2.94345        0.55117   1  11
        2.94345        0.55117   1  12
        2.94345        0.74547   1  13
        2.94345        0.91880   1  14
        2.94345        0.91880   1  15
        2.94345        1.37324   1  16
        2.94345        1.46507   1  17
        2.94345        1.46507   1  18
        2.94345        2.03532   1  19
        2.94345        2.13660   1  20
        2.94345        2.13660   1  21
        2.94345        2.39193   1  22
        2.94345        2.39193   1  23
        2.99156       -1.07172   1   1
        2.99156       -1.06804   1   2
        2.99156       -1.06804   1   3
        2.99156       -1.06378   1   4
        2.99156       -1.06378   1   5
        2.99156       -0.73457   1   6
        2.99156       -0.27424   1   7
        2.99156        0.06222   1   8
        2.99156        0.06222   1   9
        2.99156        0.30138   1  10
        2.99156        0.55153   1  11
        2.99156        0.55153   1  12
        2.99156        0.77987   1  13
        2.99156        0.93903   1  14
        2.99156        0.93903   1  15
        2.99156        1.35375   1  16
        2.99156        1.43943   1  17
        2.99156        1.43943   1  18
        2.99156        1.95956   1  19
        2.99156        2.15536   1  20
        2.99156        2.15536   1  21
        2.99156        2.38438   1  22
        2.99156        2.38438   1  23
        3.03968       -1.07194   1   1
        3.03968       -1.06796   1   2
        3.03968       -1.06796   1   3
        3.03968       -1.06372   1   4
        3.03968       -1.06372   1   5
        3.03968       -0.72226   1   6
        3.03968       -0.30151   1   7
        3.03968        0.05706   1   8
        3.03968        0.05706   1   9
        3.03968        0.29603   1  10
        3.03968        0.55072   1  11
        3.03968        0.55072   1  12
        3.03968        0.81530   1  13
        3.03968        0.96441   1  14
        3.03968        0.96441   1  15
        3.03968        1.33271   1  16
        3.03968        1.40644   1  17
        3.03968        1.40644   1  18
        3.03968        1.88760   1  19
        3.03968        2.17481   1  20
        3.03968        2.17481   1  21
        3.03968        2.37778   1  22
        3.03968        2.37778   1  23
        3.08779       -1.07213   1   1
        3.08779       -1.06789   1   2
        3.08779       -1.06789   1   3
        3.08779       -1.06366   1   4
        3.08779       -1.06366   1   5
        3.08779       -0.71068   1   6
        3.08779       -0.32532   1   7
        3.08779        0.05280   1   8
        3.08779        0.05280   1   9
        3.08779        0.29164   1  10
        3.08779        0.54925   1  11
        3.08779        0.54925   1  12
        3.08779        0.85118   1  13
        3.08779        0.99323   1  14
        3.08779        0.99323   1  15
        3.08779        1.30911   1  16
        3.08779        1.36523   1  17
        3.08779        1.36523   1  18
        3.08779        1.82175   1  19
        3.08779        2.19334   1  20
        3.08779        2.19334   1  21
        3.08779        2.36922   1  22
        3.08779        2.36922   1  23
        3.13590       -1.07229   1   1
        3.13590       -1.06784   1   2
        3.13590       -1.06784   1   3
        3.13590       -1.06361   1   4
        3.13590       -1.06361   1   5
        3.13590       -0.70048   1   6
        3.13590       -0.34502   1   7
        3.13590        0.04944   1   8
        3.13590        0.04944   1   9
        3.13590        0.28821   1  10
        3.13590        0.54757   1  11
        3.13590        0.54757   1  12
        3.13590        0.88573   1  13
        3.13590        1.02432   1  14
        3.13590        1.02432   1  15
        3.13590        1.28273   1  16
        3.13590        1.31688   1  17
        3.13590        1.31688   1  18
        3.13590        1.76437   1  19
        3.13590        2.21084   1  20
        3.13590        2.21084   1  21
        3.13590        2.35764   1  22
        3.13590        2.35764   1  23
        3.18401       -1.07241   1   1
        3.18401       -1.06782   1   2
        3.18401       -1.06782   1   3
        3.18401       -1.06358   1   4
        3.18401       -1.06358   1   5
        3.18401       -0.69238   1   6
        3.18401       -0.35987   1   7
        3.18401        0.04702   1   8
        3.18401        0.04702   1   9
        3.18401        0.28570   1  10
        3.18401        0.54607   1  11
        3.18401        0.54607   1  12
        3.18401        0.91600   1  13
        3.18401        1.05725   1  14
        3.18401        1.05725   1  15
        3.18401        1.25586   1  16
        3.18401        1.26515   1  17
        3.18401        1.26515   1  18
        3.18401        1.71857   1  19
        3.18401        2.22712   1  20
        3.18401        2.22712   1  21
        3.18401        2.34421   1  22
        3.18401        2.34421   1  23
        3.23213       -1.07249   1   1
        3.23213       -1.06781   1   2
        3.23213       -1.06781   1   3
        3.23213       -1.06356   1   4
        3.23213       -1.06356   1   5
        3.23213       -0.68713   1   6
        3.23213       -0.36918   1   7
        3.23213        0.04553   1   8
        3.23213        0.04553   1   9
        3.23213        0.28415   1  10
        3.23213        0.54504   1  11
        3.23213        0.54504   1  12
        3.23213        0.93775   1  13
        3.23213        1.09045   1  14
        3.23213        1.09045   1  15
        3.23213        1.21697   1  16
        3.23213        1.21697   1  17
        3.23213        1.23410   1  18
        3.23213        1.68842   1  19
        3.23213        2.23958   1  20
        3.23213        2.23958   1  21
        3.23213        2.33290   1  22
        3.23213        2.33290   1  23
        3.28024       -1.07252   1   1
        3.28024       -1.06781   1   2
        3.28024       -1.06781   1   3
        3.28024       -1.06356   1   4
        3.28024       -1.06356   1   5
        3.28024       -0.68531   1   6
        3.28024       -0.37238   1   7
        3.28024        0.04499   1   8
        3.28024        0.04499   1   9
        3.28024        0.28359   1  10
        3.28024        0.54466   1  11
        3.28024        0.54466   1  12
        3.28024        0.94576   1  13
        3.28024        1.10985   1  14
        3.28024        1.10985   1  15
        3.28024        1.19146   1  16
        3.28024        1.19146   1  17
        3.28024        1.22500   1  18
        3.28024        1.67810   1  19
        3.28024        2.24181   1  20
        3.28024        2.24181   1  21
        3.28024        2.33069   1  22
        3.28024        2.33069   1  23
        3.28024       -1.07252   1   1
        3.28024       -1.06781   1   2
        3.28024       -1.06781   1   3
        3.28024       -1.06356   1   4
        3.28024       -1.06356   1   5
        3.28024       -0.68531   1   6
        3.28024       -0.37238   1   7
        3.28024        0.04499   1   8
        3.28024        0.04499   1   9
        3.28024        0.28359   1  10
        3.28024        0.54466   1  11
        3.28024        0.54466   1  12
        3.28024        0.94576   1  13
        3.28024        1.10985   1  14
        3.28024        1.10985   1  15
        3.28024        1.19146   1  16
        3.28024        1.19146   1  17
        3.28024        1.22500   1  18
        3.28024        1.67810   1  19
        3.28024        2.24181   1  20
        3.28024        2.24181   1  21
        3.28024        2.33069   1  22
        3.28024        2.33069   1  23
        3.33075       -1.07253   1   1
        3.33075       -1.06781   1   2
        3.33075       -1.06779   1   3
        3.33075       -1.06359   1   4
        3.33075       -1.06354   1   5
        3.33075       -0.68469   1   6
        3.33075       -0.37197   1   7
        3.33075        0.03765   1   8
        3.33075        0.04365   1   9
        3.33075        0.29087   1  10
        3.33075        0.54325   1  11
        3.33075        0.54754   1  12
        3.33075        0.93779   1  13
        3.33075        1.09910   1  14
        3.33075        1.10992   1  15
        3.33075        1.16803   1  16
        3.33075        1.20306   1  17
        3.33075        1.26094   1  18
        3.33075        1.68407   1  19
        3.33075        2.21608   1  20
        3.33075        2.23259   1  21
        3.33075        2.33605   1  22
        3.33075        2.34274   1  23
        3.38125       -1.07254   1   1
        3.38125       -1.06779   1   2
        3.38125       -1.06773   1   3
        3.38125       -1.06363   1   4
        3.38125       -1.06352   1   5
        3.38125       -0.68285   1   6
        3.38125       -0.37075   1   7
        3.38125        0.01832   1   8
        3.38125        0.03963   1   9
        3.38125        0.30992   1  10
        3.38125        0.53917   1  11
        3.38125        0.55639   1  12
        3.38125        0.91717   1  13
        3.38125        1.06564   1  14
        3.38125        1.11136   1  15
        3.38125        1.15709   1  16
        3.38125        1.23232   1  17
        3.38125        1.31084   1  18
        3.38125        1.69990   1  19
        3.38125        2.16455   1  20
        3.38125        2.20319   1  21
        3.38125        2.34976   1  22
        3.38125        2.35836   1  23
        3.43176       -1.07256   1   1
        3.43176       -1.06777   1   2
        3.43176       -1.06762   1   3
        3.43176       -1.06370   1   4
        3.43176       -1.06350   1   5
        3.43176       -0.67982   1   6
        3.43176       -0.36882   1   7
        3.43176       -0.00783   1   8
        3.43176        0.03298   1   9
        3.43176        0.33526   1  10
        3.43176        0.53297   1  11
        3.43176        0.57174   1  12
        3.43176        0.88998   1  13
        3.43176        1.02278   1  14
        3.43176        1.11521   1  15
        3.43176        1.15967   1  16
        3.43176        1.27058   1  17
        3.43176        1.35963   1  18
        3.43176        1.72037   1  19
        3.43176        2.10013   1  20
        3.43176        2.16899   1  21
        3.43176        2.35228   1  22
        3.43176        2.37329   1  23
        3.48227       -1.07260   1   1
        3.48227       -1.06773   1   2
        3.48227       -1.06748   1   3
        3.48227       -1.06379   1   4
        3.48227       -1.06350   1   5
        3.48227       -0.67568   1   6
        3.48227       -0.36635   1   7
        3.48227       -0.03658   1   8
        3.48227        0.02376   1   9
        3.48227        0.36235   1  10
        3.48227        0.52561   1  11
        3.48227        0.59391   1  12
        3.48227        0.86068   1  13
        3.48227        0.97936   1  14
        3.48227        1.12062   1  15
        3.48227        1.16688   1  16
        3.48227        1.31243   1  17
        3.48227        1.40575   1  18
        3.48227        1.73980   1  19
        3.48227        2.03666   1  20
        3.48227        2.13454   1  21
        3.48227        2.33723   1  22
        3.48227        2.38388   1  23
        3.53278       -1.07265   1   1
        3.53278       -1.06768   1   2
        3.53278       -1.06729   1   3
        3.53278       -1.06391   1   4
        3.53278       -1.06351   1   5
        3.53278       -0.67053   1   6
        3.53278       -0.36358   1   7
        3.53278       -0.06522   1   8
        3.53278        0.01213   1   9
        3.53278        0.38847   1  10
        3.53278        0.51846   1  11
        3.53278        0.62215   1  12
        3.53278        0.83187   1  13
        3.53278        0.93664   1  14
        3.53278        1.12662   1  15
        3.53278        1.17547   1  16
        3.53278        1.35536   1  17
        3.53278        1.44918   1  18
        3.53278        1.75432   1  19
        3.53278        1.98373   1  20
        3.53278        2.10095   1  21
        3.53278        2.30405   1  22
        3.53278        2.38735   1  23
        3.58328       -1.07273   1   1
        3.58328       -1.06762   1   2
        3.58328       -1.06708   1   3
        3.58328       -1.06405   1   4
        3.58328       -1.06353   1   5
        3.58328       -0.66452   1   6
        3.58328       -0.36083   1   7
        3.58328       -0.09195   1   8
        3.58328       -0.00168   1   9
        3.58328        0.41246   1  10
        3.58328        0.51304   1  11
        3.58328        0.65396   1  12
        3.58328        0.80579   1  13
        3.58328        0.89443   1  14
        3.58328        1.13265   1  15
        3.58328        1.18388   1  16
        3.58328        1.39850   1  17
        3.58328        1.49028   1  18
        3.58328        1.76262   1  19
        3.58328        1.94100   1  20
        3.58328        2.06805   1  21
        3.58328        2.25719   1  22
        3.58328        2.38202   1  23
        3.63379       -1.07281   1   1
        3.63379       -1.06756   1   2
        3.63379       -1.06685   1   3
        3.63379       -1.06419   1   4
        3.63379       -1.06354   1   5
        3.63379       -0.65783   1   6
        3.63379       -0.35854   1   7
        3.63379       -0.11540   1   8
        3.63379       -0.01730   1   9
        3.63379        0.43413   1  10
        3.63379        0.51076   1  11
        3.63379        0.68274   1  12
        3.63379        0.78754   1  13
        3.63379        0.85352   1  14
        3.63379        1.13845   1  15
        3.63379        1.19138   1  16
        3.63379        1.44079   1  17
        3.63379        1.52848   1  18
        3.63379        1.76462   1  19
        3.63379        1.90366   1  20
        3.63379        2.03532   1  21
        3.63379        2.20550   1  22
        3.63379        2.36640   1  23
        3.68430       -1.07291   1   1
        3.68430       -1.06749   1   2
        3.68430       -1.06664   1   3
        3.68430       -1.06432   1   4
        3.68430       -1.06353   1   5
        3.68430       -0.65071   1   6
        3.68430       -0.35718   1   7
        3.68430       -0.13446   1   8
        3.68430       -0.03426   1   9
        3.68430        0.45371   1  10
        3.68430        0.51264   1  11
        3.68430        0.69325   1  12
        3.68430        0.78738   1  13
        3.68430        0.81960   1  14
        3.68430        1.14388   1  15
        3.68430        1.19806   1  16
        3.68430        1.47859   1  17
        3.68430        1.56084   1  18
        3.68430        1.76091   1  19
        3.68430        1.87353   1  20
        3.68430        2.00239   1  21
        3.68430        2.15740   1  22
        3.68430        2.33935   1  23
        3.73481       -1.07302   1   1
        3.73481       -1.06743   1   2
        3.73481       -1.06644   1   3
        3.73481       -1.06445   1   4
        3.73481       -1.06352   1   5
        3.73481       -0.64346   1   6
        3.73481       -0.35720   1   7
        3.73481       -0.14824   1   8
        3.73481       -0.05203   1   9
        3.73481        0.47148   1  10
        3.73481        0.51918   1  11
        3.73481        0.68053   1  12
        3.73481        0.76966   1  13
        3.73481        0.83507   1  14
        3.73481        1.14882   1  15
        3.73481        1.20456   1  16
        3.73481        1.49983   1  17
        3.73481        1.58490   1  18
        3.73481        1.75823   1  19
        3.73481        1.85932   1  20
        3.73481        1.96930   1  21
        3.73481        2.11640   1  22
        3.73481        2.30041   1  23
        3.78532       -1.07312   1   1
        3.78532       -1.06737   1   2
        3.78532       -1.06627   1   3
        3.78532       -1.06455   1   4
        3.78532       -1.06349   1   5
        3.78532       -0.63648   1   6
        3.78532       -0.35872   1   7
        3.78532       -0.15621   1   8
        3.78532       -0.07008   1   9
        3.78532        0.48792   1  10
        3.78532        0.53012   1  11
        3.78532        0.65911   1  12
        3.78532        0.73817   1  13
        3.78532        0.88278   1  14
        3.78532        1.15300   1  15
        3.78532        1.21163   1  16
        3.78532        1.48343   1  17
        3.78532        1.61048   1  18
        3.78532        1.76979   1  19
        3.78532        1.86276   1  20
        3.78532        1.93676   1  21
        3.78532        2.08161   1  22
        3.78532        2.25061   1  23
        3.83582       -1.07320   1   1
        3.83582       -1.06732   1   2
        3.83582       -1.06614   1   3
        3.83582       -1.06464   1   4
        3.83582       -1.06347   1   5
        3.83582       -0.63025   1   6
        3.83582       -0.36140   1   7
        3.83582       -0.15844   1   8
        3.83582       -0.08784   1   9
        3.83582        0.50378   1  10
        3.83582        0.54429   1  11
        3.83582        0.63690   1  12
        3.83582        0.70860   1  13
        3.83582        0.93777   1  14
        3.83582        1.15570   1  15
        3.83582        1.21991   1  16
        3.83582        1.43570   1  17
        3.83582        1.64167   1  18
        3.83582        1.79462   1  19
        3.83582        1.87724   1  20
        3.83582        1.90753   1  21
        3.83582        2.05060   1  22
        3.83582        2.19325   1  23
        3.88633       -1.07327   1   1
        3.88633       -1.06728   1   2
        3.88633       -1.06604   1   3
        3.88633       -1.06470   1   4
        3.88633       -1.06346   1   5
        3.88633       -0.62529   1   6
        3.88633       -0.36439   1   7
        3.88633       -0.15560   1   8
        3.88633       -0.10464   1   9
        3.88633        0.51968   1  10
        3.88633        0.55888   1  11
        3.88633        0.61784   1  12
        3.88633        0.68173   1  13
        3.88633        0.99185   1  14
        3.88633        1.15539   1  15
        3.88633        1.22984   1  16
        3.88633        1.38116   1  17
        3.88633        1.67162   1  18
        3.88633        1.82263   1  19
        3.88633        1.87373   1  20
        3.88633        1.90809   1  21
        3.88633        2.02230   1  22
        3.88633        2.13457   1  23
        3.93684       -1.07331   1   1
        3.93684       -1.06725   1   2
        3.93684       -1.06599   1   3
        3.93684       -1.06473   1   4
        3.93684       -1.06345   1   5
        3.93684       -0.62208   1   6
        3.93684       -0.36671   1   7
        3.93684       -0.14904   1   8
        3.93684       -0.11942   1   9
        3.93684        0.53527   1  10
        3.93684        0.56620   1  11
        3.93684        0.60883   1  12
        3.93684        0.65878   1  13
        3.93684        1.03571   1  14
        3.93684        1.15088   1  15
        3.93684        1.24095   1  16
        3.93684        1.33686   1  17
        3.93684        1.69435   1  18
        3.93684        1.84113   1  19
        3.93684        1.86024   1  20
        3.93684        1.93274   1  21
        3.93684        1.99942   1  22
        3.93684        2.08431   1  23
        3.98735       -1.07333   1   1
        3.98735       -1.06724   1   2
        3.98735       -1.06597   1   3
        3.98735       -1.06474   1   4
        3.98735       -1.06345   1   5
        3.98735       -0.62097   1   6
        3.98735       -0.36758   1   7
        3.98735       -0.14357   1   8
        3.98735       -0.12761   1   9
        3.98735        0.54484   1  10
        3.98735        0.56307   1  11
        3.98735        0.61094   1  12
        3.98735        0.64724   1  13
        3.98735        1.05439   1  14
        3.98735        1.14690   1  15
        3.98735        1.24751   1  16
        3.98735        1.31804   1  17
        3.98735        1.70326   1  18
        3.98735        1.83991   1  19
        3.98735        1.86376   1  20
        3.98735        1.94653   1  21
        3.98735        1.99004   1  22
        3.98735        2.06127   1  23
        3.98735       -1.07333   1   1
        3.98735       -1.06724   1   2
        3.98735       -1.06597   1   3
        3.98735       -1.06474   1   4
        3.98735       -1.06345   1   5
        3.98735       -0.62097   1   6
        3.98735       -0.36758   1   7
        3.98735       -0.14357   1   8
        3.98735       -0.12761   1   9
        3.98735        0.54484   1  10
        3.98735        0.56307   1  11
        3.98735        0.61094   1  12
        3.98735        0.64724   1  13
        3.98735        1.05439   1  14
        3.98735        1.14690   1  15
        3.98735        1.24751   1  16
        3.98735        1.31804   1  17
        3.98735        1.70326   1  18
        3.98735        1.83991   1  19
        3.98735        1.86376   1  20
        3.98735        1.94653   1  21
        3.98735        1.99004   1  22
        3.98735        2.06127   1  23
        4.03735       -1.07336   1   1
        4.03735       -1.06720   1   2
        4.03735       -1.06597   1   3
        4.03735       -1.06478   1   4
        4.03735       -1.06342   1   5
        4.03735       -0.62108   1   6
        4.03735       -0.36799   1   7
        4.03735       -0.14215   1   8
        4.03735       -0.12657   1   9
        4.03735        0.52294   1  10
        4.03735        0.54529   1  11
        4.03735        0.63435   1  12
        4.03735        0.66672   1  13
        4.03735        1.05437   1  14
        4.03735        1.14694   1  15
        4.03735        1.24767   1  16
        4.03735        1.31515   1  17
        4.03735        1.69147   1  18
        4.03735        1.79017   1  19
        4.03735        1.90705   1  20
        4.03735        1.95855   1  21
        4.03735        2.00221   1  22
        4.03735        2.07032   1  23
        4.08735       -1.07346   1   1
        4.08735       -1.06708   1   2
        4.08735       -1.06596   1   3
        4.08735       -1.06486   1   4
        4.08735       -1.06334   1   5
        4.08735       -0.62139   1   6
        4.08735       -0.36917   1   7
        4.08735       -0.13802   1   8
        4.08735       -0.12355   1   9
        4.08735        0.48574   1  10
        4.08735        0.51139   1  11
        4.08735        0.67637   1  12
        4.08735        0.70544   1  13
        4.08735        1.05442   1  14
        4.08735        1.14724   1  15
        4.08735        1.24815   1  16
        4.08735        1.30797   1  17
        4.08735        1.66178   1  18
        4.08735        1.72423   1  19
        4.08735        1.95851   1  20
        4.08735        1.98811   1  21
        4.08735        2.03253   1  22
        4.08735        2.09702   1  23
        4.13735       -1.07361   1   1
        4.13735       -1.06690   1   2
        4.13735       -1.06595   1   3
        4.13735       -1.06497   1   4
        4.13735       -1.06324   1   5
        4.13735       -0.62187   1   6
        4.13735       -0.37093   1   7
        4.13735       -0.13149   1   8
        4.13735       -0.11875   1   9
        4.13735        0.44800   1  10
        4.13735        0.47482   1  11
        4.13735        0.72280   1  12
        4.13735        0.74935   1  13
        4.13735        1.05476   1  14
        4.13735        1.14835   1  15
        4.13735        1.24900   1  16
        4.13735        1.29975   1  17
        4.13735        1.62293   1  18
        4.13735        1.65702   1  19
        4.13735        2.00746   1  20
        4.13735        2.02408   1  21
        4.13735        2.07348   1  22
        4.13735        2.13995   1  23
        4.18735       -1.07378   1   1
        4.18735       -1.06668   1   2
        4.18735       -1.06594   1   3
        4.18735       -1.06509   1   4
        4.18735       -1.06313   1   5
        4.18735       -0.62247   1   6
        4.18735       -0.37309   1   7
        4.18735       -0.12304   1   8
        4.18735       -0.11248   1   9
        4.18735        0.41245   1  10
        4.18735        0.43900   1  11
        4.18735        0.77122   1  12
        4.18735        0.79463   1  13
        4.18735        1.05578   1  14
        4.18735        1.15100   1  15
        4.18735        1.25021   1  16
        4.18735        1.29298   1  17
        4.18735        1.57970   1  18
        4.18735        1.59372   1  19
        4.18735        2.04789   1  20
        4.18735        2.05913   1  21
        4.18735        2.12135   1  22
        4.18735        2.19521   1  23
        4.23735       -1.07397   1   1
        4.23735       -1.06644   1   2
        4.23735       -1.06592   1   3
        4.23735       -1.06522   1   4
        4.23735       -1.06304   1   5
        4.23735       -0.62315   1   6
        4.23735       -0.37541   1   7
        4.23735       -0.11331   1   8
        4.23735       -0.10520   1   9
        4.23735        0.38011   1  10
        4.23735        0.40564   1  11
        4.23735        0.82008   1  12
        4.23735        0.83930   1  13
        4.23735        1.05793   1  14
        4.23735        1.15592   1  15
        4.23735        1.25176   1  16
        4.23735        1.28787   1  17
        4.23735        1.53392   1  18
        4.23735        1.53619   1  19
        4.23735        2.07898   1  20
        4.23735        2.08947   1  21
        4.23735        2.16946   1  22
        4.23735        2.25595   1  23
        4.28735       -1.07414   1   1
        4.28735       -1.06621   1   2
        4.28735       -1.06589   1   3
        4.28735       -1.06534   1   4
        4.28735       -1.06295   1   5
        4.28735       -0.62385   1   6
        4.28735       -0.37768   1   7
        4.28735       -0.10310   1   8
        4.28735       -0.09745   1   9
        4.28735        0.35165   1  10
        4.28735        0.37611   1  11
        4.28735        0.86709   1  12
        4.28735        0.88138   1  13
        4.28735        1.06167   1  14
        4.28735        1.16373   1  15
        4.28735        1.25379   1  16
        4.28735        1.28295   1  17
        4.28735        1.48366   1  18
        4.28735        1.48651   1  19
        4.28735        2.10192   1  20
        4.28735        2.11229   1  21
        4.28735        2.21156   1  22
        4.28735        2.31445   1  23
        4.33735       -1.07429   1   1
        4.33735       -1.06601   1   2
        4.33735       -1.06586   1   3
        4.33735       -1.06545   1   4
        4.33735       -1.06288   1   5
        4.33735       -0.62451   1   6
        4.33735       -0.37968   1   7
        4.33735       -0.09338   1   8
        4.33735       -0.08999   1   9
        4.33735        0.32783   1  10
        4.33735        0.35158   1  11
        4.33735        0.90904   1  12
        4.33735        0.91834   1  13
        4.33735        1.06768   1  14
        4.33735        1.17514   1  15
        4.33735        1.25636   1  16
        4.33735        1.27714   1  17
        4.33735        1.43497   1  18
        4.33735        1.43856   1  19
        4.33735        2.11696   1  20
        4.33735        2.12568   1  21
        4.33735        2.24460   1  22
        4.33735        2.36412   1  23
        4.38735       -1.07440   1   1
        4.38735       -1.06586   1   2
        4.38735       -1.06582   1   3
        4.38735       -1.06555   1   4
        4.38735       -1.06283   1   5
        4.38735       -0.62505   1   6
        4.38735       -0.38123   1   7
        4.38735       -0.08526   1   8
        4.38735       -0.08368   1   9
        4.38735        0.30962   1  10
        4.38735        0.33306   1  11
        4.38735        0.94215   1  12
        4.38735        0.94701   1  13
        4.38735        1.07661   1  14
        4.38735        1.19073   1  15
        4.38735        1.25938   1  16
        4.38735        1.27099   1  17
        4.38735        1.39116   1  18
        4.38735        1.39237   1  19
        4.38735        2.12494   1  20
        4.38735        2.13021   1  21
        4.38735        2.26763   1  22
        4.38735        2.40072   1  23
        4.43735       -1.07448   1   1
        4.43735       -1.06577   1   2
        4.43735       -1.06577   1   3
        4.43735       -1.06564   1   4
        4.43735       -1.06280   1   5
        4.43735       -0.62541   1   6
        4.43735       -0.38220   1   7
        4.43735       -0.07983   1   8
        4.43735       -0.07942   1   9
        4.43735        0.29810   1  10
        4.43735        0.32147   1  11
        4.43735        0.96315   1  12
        4.43735        0.96455   1  13
        4.43735        1.08683   1  14
        4.43735        1.20838   1  15
        4.43735        1.26257   1  16
        4.43735        1.26629   1  17
        4.43735        1.35351   1  18
        4.43735        1.35778   1  19
        4.43735        2.12799   1  20
        4.43735        2.12959   1  21
        4.43735        2.28092   1  22
        4.43735        2.42259   1  23
        4.48735       -1.07450   1   1
        4.48735       -1.06573   1   2
        4.48735       -1.06573   1   3
        4.48735       -1.06570   1   4
        4.48735       -1.06278   1   5
        4.48735       -0.62553   1   6
        4.48735       -0.38253   1   7
        4.48735       -0.07791   1   8
        4.48735       -0.07791   1   9
        4.48735        0.29415   1  10
        4.48735        0.31751   1  11
        4.48735        0.97029   1  12
        4.48735        0.97029   1  13
        4.48735        1.09183   1  14
        4.48735        1.21764   1  15
        4.48735        1.26459   1  16
        4.48735        1.26459   1  17
        4.48735        1.33599   1  18
        4.48735        1.34466   1  19
        4.48735        2.12863   1  20
        4.48735        2.12863   1  21
        4.48735        2.28523   1  22
        4.48735        2.42979   1  23
