 -----------------------  START LMSTR (80000K)  -----------------------
 HEADER Example of an ASA input file : Si with empty spheres

 LMSTR:    alat = 10.26266  nbas = 4  nspec = 2  vn 7.00(LMSTR 7.0)  verb 40

                Plat                                  Qlat
   0.000000   0.500000   0.500000       -1.000000   1.000000   1.000000
   0.500000   0.000000   0.500000        1.000000  -1.000000   1.000000
   0.500000   0.500000   0.000000        1.000000   1.000000  -1.000000
  Cell vol= 270.221506

 LATTC:  as= 2.000   tol=1.00E-08   alat=10.26266   awald= 0.309
         r1=  1.853   nkd=  87      q1=  5.557   nkg= 169

 SGROUP: 1 symmetry operations from 0 generators
 SYMLAT: Bravais system is cubic with 48 symmetry operations.
 SYMCRY: crystal invariant under 48 symmetry operations for tol=1e-5
 GROUPG: the following are sufficient to generate the space group:
         i*r3(1,1,-1):(1/4,1/4,1/4) r4x:(1/4,1/4,1/4)
         i*r3(1,1,-1)::(1/4,1/4,1/4) r4x::(1/4,1/4,1/4)
 MKSYM:  found 48 space group operations ... includes inversion

 ASASTR: make strux, Sdot for kap^2=0.
         avw = 2.526526

 pairc, ib=  1:  27 neighbors in range  0.788*alat =   8.08
 pairc, ib=  2:  27 neighbors in range  0.788*alat =   8.08
 pairc, ib=  3:  27 neighbors in range  0.788*alat =   8.08
 pairc, ib=  4:  27 neighbors in range  0.788*alat =   8.08
 pairc:    108 pairs total   27 is max cluster size
 strscr:  generated 108 inequivalent strux from 108 total
 IOSTR: wrote to file STR 108 sites
 IOSTR: wrote to file SDOT 108 sites

 SHOSTR:  2nd generation strux, OKA defs, 1-center 
          108 pairs  nkap=1, E = 0.0000

 Site  1  has  27  neighbors
 pair    1( 1) R'=  1 R=  1 plat=  0  0  0 tau=   0.0000   0.0000   0.0000
   3.0923  0.0000  0.0000  0.0000  0.0000  0.0000  0.0000  0.0000  0.0000
   0.0000  2.7872  0.0000  0.0000  0.0000  0.0000  0.0000  0.0000  0.0000
   0.0000  0.0000  2.7872  0.0000  0.0000  0.0000  0.0000  0.0000  0.0000
   0.0000  0.0000  0.0000  2.7872  0.0000  0.0000  0.0000  0.0000  0.0000
   0.0000  0.0000  0.0000  0.0000  2.7102  0.0000  0.0000  0.0000  0.0000
   0.0000  0.0000  0.0000  0.0000  0.0000  2.7102  0.0000  0.0000  0.0000
   0.0000  0.0000  0.0000  0.0000  0.0000  0.0000  1.2987  0.0000  0.0000
   0.0000  0.0000  0.0000  0.0000  0.0000  0.0000  0.0000  2.7102  0.0000
   0.0000  0.0000  0.0000  0.0000  0.0000  0.0000  0.0000  0.0000  1.2987
 pair    2( 2) R'=  2 R=  1 plat= -1  0  0 tau=   0.2500  -0.2500  -0.2500
  -0.5922  0.6798  0.6798 -0.6798  0.8193 -0.8193  0.0000  0.8193  0.0000
  -0.6798  0.5480  0.9067 -0.9067  0.8190 -0.8190 -0.2751  1.2812 -0.4766
  -0.6798  0.9067  0.5480 -0.9067  1.2812 -0.8190  0.5503  0.8190  0.0000
   0.6798 -0.9067 -0.9067  0.5480 -0.8190  1.2812  0.2751 -0.8190 -0.4766
   0.8193 -0.8190 -1.2812  0.8190 -0.9798  1.4314  0.7737 -1.4314  0.0000
  -0.8193  0.8190  0.8190 -1.2812  1.4314 -0.9798  0.3868  1.4314 -0.6700
   0.0000  0.2751 -0.5503 -0.2751  0.7737  0.3868  1.2163 -0.3868  0.0000
   0.8193 -1.2812 -0.8190  0.8190 -1.4314  1.4314 -0.3868 -0.9798 -0.6700
   0.0000  0.4766  0.0000  0.4766  0.0000 -0.6700  0.0000 -0.6700  1.2163
 pair    3( 3) R'=  2 R=  1 plat=  0 -1  0 tau=  -0.2500   0.2500  -0.2500
 pair    4( 4) R'=  2 R=  1 plat=  0  0  0 tau=   0.2500   0.2500   0.2500
 pair    5( 5) R'=  4 R=  1 plat= -1  0 -1 tau=   0.2500  -0.2500   0.2500
 pair    6( 6) R'=  4 R=  1 plat=  0 -1 -1 tau=  -0.2500   0.2500   0.2500
 pair    7( 7) R'=  2 R=  1 plat=  0  0 -1 tau=  -0.2500  -0.2500   0.2500
 pair    8( 8) R'=  4 R=  1 plat= -1 -1  0 tau=   0.2500   0.2500  -0.2500
 pair    9( 9) R'=  4 R=  1 plat= -1 -1 -1 tau=  -0.2500  -0.2500  -0.2500
 pair   10(10) R'=  3 R=  1 plat= -1 -1  0 tau=   0.0000   0.0000  -0.5000
  -0.2028  0.0000  0.4351  0.0000  0.0000  0.0000 -0.6038  0.0000  0.0000
   0.0000 -0.0500  0.0000  0.0000  0.0000  0.1336  0.0000  0.0000  0.0000
  -0.4351  0.0000  0.9337  0.0000  0.0000  0.0000 -1.2882  0.0000  0.0000
   0.0000  0.0000  0.0000 -0.0500  0.0000  0.0000  0.0000  0.1336  0.0000
   0.0000  0.0000  0.0000  0.0000  0.0138  0.0000  0.0000  0.0000  0.0000
   0.0000 -0.1336  0.0000  0.0000  0.0000  0.3631  0.0000  0.0000  0.0000
  -0.6038  0.0000  1.2882  0.0000  0.0000  0.0000 -1.7553  0.0000  0.0000
   0.0000  0.0000  0.0000 -0.1336  0.0000  0.0000  0.0000  0.3631  0.0000
   0.0000  0.0000  0.0000  0.0000  0.0000  0.0000  0.0000  0.0000 -0.0452
 pair   11(11) R'=  3 R=  1 plat= -1  0 -1 tau=   0.0000  -0.5000   0.0000
 pair   12(12) R'=  3 R=  1 plat=  0 -1 -1 tau=  -0.5000   0.0000   0.0000
 pair   13(13) R'=  3 R=  1 plat=  0 -1  0 tau=   0.0000   0.5000   0.0000
 pair   14(14) R'=  3 R=  1 plat=  0  0 -1 tau=   0.0000   0.0000   0.5000
 pair   15(15) R'=  3 R=  1 plat= -1  0  0 tau=   0.5000   0.0000   0.0000
 pair   16(16) R'=  1 R=  1 plat= -1  0  1 tau=   0.5000   0.0000  -0.5000
  -0.0005  0.0000 -0.0005  0.0005  0.0000  0.0000  0.0024 -0.0016  0.0042
   0.0000 -0.0050  0.0000  0.0000 -0.0081  0.0081  0.0000  0.0000  0.0000
   0.0005  0.0000 -0.0014  0.0033  0.0000  0.0000  0.0010 -0.0040  0.0093
  -0.0005  0.0000  0.0033 -0.0014  0.0000  0.0000 -0.0076  0.0040 -0.0055
   0.0000  0.0081  0.0000  0.0000  0.0115 -0.0109  0.0000  0.0000  0.0000
   0.0000 -0.0081  0.0000  0.0000 -0.0109  0.0115  0.0000  0.0000  0.0000
   0.0024  0.0000 -0.0010  0.0076  0.0000  0.0000 -0.0058 -0.0058  0.0109
  -0.0016  0.0000  0.0040 -0.0040  0.0000  0.0000 -0.0058  0.0054 -0.0101
   0.0042  0.0000 -0.0093  0.0055  0.0000  0.0000  0.0109 -0.0101  0.0068
 pair   17(17) R'=  1 R=  1 plat=  0 -1  0 tau=  -0.5000   0.0000  -0.5000
 pair   18(18) R'=  1 R=  1 plat=  0 -1  1 tau=   0.0000   0.5000  -0.5000
 pair   19(19) R'=  1 R=  1 plat=  0  0 -1 tau=  -0.5000  -0.5000   0.0000
 pair   20(20) R'=  1 R=  1 plat= -1  1  0 tau=   0.5000  -0.5000   0.0000
 pair   21(21) R'=  1 R=  1 plat=  0  0  1 tau=   0.5000   0.5000   0.0000
 pair   22(22) R'=  1 R=  1 plat=  0  1 -1 tau=   0.0000  -0.5000   0.5000
 pair   23(23) R'=  1 R=  1 plat=  0  1  0 tau=   0.5000   0.0000   0.5000
 pair   24(24) R'=  1 R=  1 plat=  1 -1  0 tau=  -0.5000   0.5000   0.0000
 pair   25(25) R'=  1 R=  1 plat=  1  0 -1 tau=  -0.5000   0.0000   0.5000
 pair   26(26) R'=  1 R=  1 plat=  1  0  0 tau=   0.0000   0.5000   0.5000
 pair   27(27) R'=  1 R=  1 plat= -1  0  0 tau=   0.0000  -0.5000  -0.5000

 Site  2  has  27  neighbors
 pair   28( 1) R'=  2 R=  2 plat=  0  0  0 tau=   0.0000   0.0000   0.0000
   3.0923  0.0000  0.0000  0.0000  0.0000  0.0000  0.0000  0.0000  0.0000
   0.0000  2.7872  0.0000  0.0000  0.0000  0.0000  0.0000  0.0000  0.0000
   0.0000  0.0000  2.7872  0.0000  0.0000  0.0000  0.0000  0.0000  0.0000
   0.0000  0.0000  0.0000  2.7872  0.0000  0.0000  0.0000  0.0000  0.0000
   0.0000  0.0000  0.0000  0.0000  2.7102  0.0000  0.0000  0.0000  0.0000
   0.0000  0.0000  0.0000  0.0000  0.0000  2.7102  0.0000  0.0000  0.0000
   0.0000  0.0000  0.0000  0.0000  0.0000  0.0000  1.2987  0.0000  0.0000
   0.0000  0.0000  0.0000  0.0000  0.0000  0.0000  0.0000  2.7102  0.0000
   0.0000  0.0000  0.0000  0.0000  0.0000  0.0000  0.0000  0.0000  1.2987
 pair   29( 2) R'=  1 R=  2 plat=  0  0  0 tau=  -0.2500  -0.2500  -0.2500
  -0.5922  0.6798  0.6798  0.6798 -0.8193 -0.8193  0.0000 -0.8193  0.0000
  -0.6798  0.5480  0.9067  0.9067 -0.8190 -0.8190 -0.2751 -1.2812 -0.4766
  -0.6798  0.9067  0.5480  0.9067 -1.2812 -0.8190  0.5503 -0.8190  0.0000
  -0.6798  0.9067  0.9067  0.5480 -0.8190 -1.2812 -0.2751 -0.8190  0.4766
  -0.8193  0.8190  1.2812  0.8190 -0.9798 -1.4314 -0.7737 -1.4314  0.0000
  -0.8193  0.8190  0.8190  1.2812 -1.4314 -0.9798  0.3868 -1.4314 -0.6700
   0.0000  0.2751 -0.5503  0.2751 -0.7737  0.3868  1.2163  0.3868  0.0000
  -0.8193  1.2812  0.8190  0.8190 -1.4314 -1.4314  0.3868 -0.9798  0.6700
   0.0000  0.4766  0.0000 -0.4766  0.0000 -0.6700  0.0000  0.6700  1.2163
 pair   30( 3) R'=  1 R=  2 plat=  0  0  1 tau=   0.2500   0.2500  -0.2500
 pair   31( 4) R'=  1 R=  2 plat=  1  0  0 tau=  -0.2500   0.2500   0.2500
 pair   32( 5) R'=  3 R=  2 plat= -1  0  0 tau=   0.2500  -0.2500  -0.2500
 pair   33( 6) R'=  3 R=  2 plat=  0 -1  0 tau=  -0.2500   0.2500  -0.2500
 pair   34( 7) R'=  1 R=  2 plat=  0  1  0 tau=   0.2500  -0.2500   0.2500
 pair   35( 8) R'=  3 R=  2 plat=  0  0  0 tau=   0.2500   0.2500   0.2500
 pair   36( 9) R'=  3 R=  2 plat=  0  0 -1 tau=  -0.2500  -0.2500   0.2500
 pair   37(10) R'=  4 R=  2 plat= -1 -1  0 tau=   0.0000   0.0000  -0.5000
  -0.2028  0.0000  0.4351  0.0000  0.0000  0.0000 -0.6038  0.0000  0.0000
   0.0000 -0.0500  0.0000  0.0000  0.0000  0.1336  0.0000  0.0000  0.0000
  -0.4351  0.0000  0.9337  0.0000  0.0000  0.0000 -1.2882  0.0000  0.0000
   0.0000  0.0000  0.0000 -0.0500  0.0000  0.0000  0.0000  0.1336  0.0000
   0.0000  0.0000  0.0000  0.0000  0.0138  0.0000  0.0000  0.0000  0.0000
   0.0000 -0.1336  0.0000  0.0000  0.0000  0.3631  0.0000  0.0000  0.0000
  -0.6038  0.0000  1.2882  0.0000  0.0000  0.0000 -1.7553  0.0000  0.0000
   0.0000  0.0000  0.0000 -0.1336  0.0000  0.0000  0.0000  0.3631  0.0000
   0.0000  0.0000  0.0000  0.0000  0.0000  0.0000  0.0000  0.0000 -0.0452
 pair   38(11) R'=  4 R=  2 plat= -1  0 -1 tau=   0.0000  -0.5000   0.0000
 pair   39(12) R'=  4 R=  2 plat=  0 -1 -1 tau=  -0.5000   0.0000   0.0000
 pair   40(13) R'=  4 R=  2 plat=  0 -1  0 tau=   0.0000   0.5000   0.0000
 pair   41(14) R'=  4 R=  2 plat=  0  0 -1 tau=   0.0000   0.0000   0.5000
 pair   42(15) R'=  4 R=  2 plat= -1  0  0 tau=   0.5000   0.0000   0.0000
 pair   43(16) R'=  2 R=  2 plat=  1 -1  0 tau=  -0.5000   0.5000   0.0000
  -0.0005  0.0005  0.0000 -0.0005 -0.0016  0.0000 -0.0049  0.0000  0.0000
  -0.0005 -0.0014  0.0000  0.0033  0.0040  0.0000  0.0086  0.0000 -0.0038
   0.0000  0.0000 -0.0050  0.0000  0.0000 -0.0081  0.0000  0.0081  0.0000
   0.0005  0.0033  0.0000 -0.0014 -0.0040  0.0000 -0.0086  0.0000 -0.0038
  -0.0016 -0.0040  0.0000  0.0040  0.0054  0.0000  0.0116  0.0000  0.0000
   0.0000  0.0000  0.0081  0.0000  0.0000  0.0115  0.0000 -0.0109  0.0000
  -0.0049 -0.0086  0.0000  0.0086  0.0116  0.0000  0.0131  0.0000  0.0000
   0.0000  0.0000 -0.0081  0.0000  0.0000 -0.0109  0.0000  0.0115  0.0000
   0.0000  0.0038  0.0000  0.0038  0.0000  0.0000  0.0000  0.0000 -0.0121
 pair   44(17) R'=  2 R=  2 plat=  1  0  0 tau=   0.0000   0.5000   0.5000
 pair   45(18) R'=  2 R=  2 plat= -1  0  0 tau=   0.0000  -0.5000  -0.5000
 pair   46(19) R'=  2 R=  2 plat= -1  0  1 tau=   0.5000   0.0000  -0.5000
 pair   47(20) R'=  2 R=  2 plat=  1  0 -1 tau=  -0.5000   0.0000   0.5000
 pair   48(21) R'=  2 R=  2 plat=  0 -1  0 tau=  -0.5000   0.0000  -0.5000
 pair   49(22) R'=  2 R=  2 plat=  0 -1  1 tau=   0.0000   0.5000  -0.5000
 pair   50(23) R'=  2 R=  2 plat=  0  0 -1 tau=  -0.5000  -0.5000   0.0000
 pair   51(24) R'=  2 R=  2 plat= -1  1  0 tau=   0.5000  -0.5000   0.0000
 pair   52(25) R'=  2 R=  2 plat=  0  0  1 tau=   0.5000   0.5000   0.0000
 pair   53(26) R'=  2 R=  2 plat=  0  1 -1 tau=   0.0000  -0.5000   0.5000
 pair   54(27) R'=  2 R=  2 plat=  0  1  0 tau=   0.5000   0.0000   0.5000

 Site  3  has  27  neighbors
 pair   55( 1) R'=  3 R=  3 plat=  0  0  0 tau=   0.0000   0.0000   0.0000
   3.0923  0.0000  0.0000  0.0000  0.0000  0.0000  0.0000  0.0000  0.0000
   0.0000  2.7872  0.0000  0.0000  0.0000  0.0000  0.0000  0.0000  0.0000
   0.0000  0.0000  2.7872  0.0000  0.0000  0.0000  0.0000  0.0000  0.0000
   0.0000  0.0000  0.0000  2.7872  0.0000  0.0000  0.0000  0.0000  0.0000
   0.0000  0.0000  0.0000  0.0000  2.7102  0.0000  0.0000  0.0000  0.0000
   0.0000  0.0000  0.0000  0.0000  0.0000  2.7102  0.0000  0.0000  0.0000
   0.0000  0.0000  0.0000  0.0000  0.0000  0.0000  1.2987  0.0000  0.0000
   0.0000  0.0000  0.0000  0.0000  0.0000  0.0000  0.0000  2.7102  0.0000
   0.0000  0.0000  0.0000  0.0000  0.0000  0.0000  0.0000  0.0000  1.2987
 pair   56( 2) R'=  4 R=  3 plat=  0  0  0 tau=   0.2500   0.2500   0.2500
  -0.5922 -0.6798 -0.6798 -0.6798 -0.8193 -0.8193  0.0000 -0.8193  0.0000
   0.6798  0.5480  0.9067  0.9067  0.8190  0.8190  0.2751  1.2812  0.4766
   0.6798  0.9067  0.5480  0.9067  1.2812  0.8190 -0.5503  0.8190  0.0000
   0.6798  0.9067  0.9067  0.5480  0.8190  1.2812  0.2751  0.8190 -0.4766
  -0.8193 -0.8190 -1.2812 -0.8190 -0.9798 -1.4314 -0.7737 -1.4314  0.0000
  -0.8193 -0.8190 -0.8190 -1.2812 -1.4314 -0.9798  0.3868 -1.4314 -0.6700
   0.0000 -0.2751  0.5503 -0.2751 -0.7737  0.3868  1.2163  0.3868  0.0000
  -0.8193 -1.2812 -0.8190 -0.8190 -1.4314 -1.4314  0.3868 -0.9798  0.6700
   0.0000 -0.4766  0.0000  0.4766  0.0000 -0.6700  0.0000  0.6700  1.2163
 pair   57( 3) R'=  2 R=  3 plat=  1  0  0 tau=  -0.2500   0.2500   0.2500
 pair   58( 4) R'=  2 R=  3 plat=  0  0  0 tau=  -0.2500  -0.2500  -0.2500
 pair   59( 5) R'=  2 R=  3 plat=  0  1  0 tau=   0.2500  -0.2500   0.2500
 pair   60( 6) R'=  4 R=  3 plat= -1  0  0 tau=   0.2500  -0.2500  -0.2500
 pair   61( 7) R'=  2 R=  3 plat=  0  0  1 tau=   0.2500   0.2500  -0.2500
 pair   62( 8) R'=  4 R=  3 plat=  0  0 -1 tau=  -0.2500  -0.2500   0.2500
 pair   63( 9) R'=  4 R=  3 plat=  0 -1  0 tau=  -0.2500   0.2500  -0.2500
 pair   64(10) R'=  1 R=  3 plat=  0  1  0 tau=   0.0000  -0.5000   0.0000
  -0.2028  0.4351  0.0000  0.0000  0.0000  0.0000  0.3019  0.0000  0.5229
  -0.4351  0.9337  0.0000  0.0000  0.0000  0.0000  0.6441  0.0000  1.1156
   0.0000  0.0000 -0.0500  0.0000  0.0000  0.1336  0.0000  0.0000  0.0000
   0.0000  0.0000  0.0000 -0.0500  0.1336  0.0000  0.0000  0.0000  0.0000
   0.0000  0.0000  0.0000 -0.1336  0.3631  0.0000  0.0000  0.0000  0.0000
   0.0000  0.0000 -0.1336  0.0000  0.0000  0.3631  0.0000  0.0000  0.0000
   0.3019 -0.6441  0.0000  0.0000  0.0000  0.0000 -0.4727  0.0000 -0.7405
   0.0000  0.0000  0.0000  0.0000  0.0000  0.0000  0.0000  0.0138  0.0000
   0.5229 -1.1156  0.0000  0.0000  0.0000  0.0000 -0.7405  0.0000 -1.3278
 pair   65(11) R'=  1 R=  3 plat=  1  1  0 tau=   0.0000   0.0000   0.5000
 pair   66(12) R'=  1 R=  3 plat=  0  1  1 tau=   0.5000   0.0000   0.0000
 pair   67(13) R'=  1 R=  3 plat=  1  0  1 tau=   0.0000   0.5000   0.0000
 pair   68(14) R'=  1 R=  3 plat=  0  0  1 tau=   0.0000   0.0000  -0.5000
 pair   69(15) R'=  1 R=  3 plat=  1  0  0 tau=  -0.5000   0.0000   0.0000
 pair   70(16) R'=  3 R=  3 plat=  0 -1  1 tau=   0.0000   0.5000  -0.5000
  -0.0005  0.0005 -0.0005  0.0000  0.0000 -0.0016  0.0024  0.0000 -0.0042
  -0.0005 -0.0014  0.0033  0.0000  0.0000  0.0040 -0.0076  0.0000  0.0055
   0.0005  0.0033 -0.0014  0.0000  0.0000 -0.0040  0.0010  0.0000 -0.0093
   0.0000  0.0000  0.0000 -0.0050 -0.0081  0.0000  0.0000  0.0081  0.0000
   0.0000  0.0000  0.0000  0.0081  0.0115  0.0000  0.0000 -0.0109  0.0000
  -0.0016 -0.0040  0.0040  0.0000  0.0000  0.0054 -0.0058  0.0000  0.0101
   0.0024  0.0076 -0.0010  0.0000  0.0000 -0.0058 -0.0058  0.0000 -0.0109
   0.0000  0.0000  0.0000 -0.0081 -0.0109  0.0000  0.0000  0.0115  0.0000
  -0.0042 -0.0055  0.0093  0.0000  0.0000  0.0101 -0.0109  0.0000  0.0068
 pair   71(17) R'=  3 R=  3 plat=  0  0 -1 tau=  -0.5000  -0.5000   0.0000
 pair   72(18) R'=  3 R=  3 plat=  0  0  1 tau=   0.5000   0.5000   0.0000
 pair   73(19) R'=  3 R=  3 plat=  0  1 -1 tau=   0.0000  -0.5000   0.5000
 pair   74(20) R'=  3 R=  3 plat=  0  1  0 tau=   0.5000   0.0000   0.5000
 pair   75(21) R'=  3 R=  3 plat=  1 -1  0 tau=  -0.5000   0.5000   0.0000
 pair   76(22) R'=  3 R=  3 plat=  1  0 -1 tau=  -0.5000   0.0000   0.5000
 pair   77(23) R'=  3 R=  3 plat=  1  0  0 tau=   0.0000   0.5000   0.5000
 pair   78(24) R'=  3 R=  3 plat= -1  0  0 tau=   0.0000  -0.5000  -0.5000
 pair   79(25) R'=  3 R=  3 plat= -1  0  1 tau=   0.5000   0.0000  -0.5000
 pair   80(26) R'=  3 R=  3 plat= -1  1  0 tau=   0.5000  -0.5000   0.0000
 pair   81(27) R'=  3 R=  3 plat=  0 -1  0 tau=  -0.5000   0.0000  -0.5000

 Site  4  has  27  neighbors
 pair   82( 1) R'=  4 R=  4 plat=  0  0  0 tau=   0.0000   0.0000   0.0000
   3.0923  0.0000  0.0000  0.0000  0.0000  0.0000  0.0000  0.0000  0.0000
   0.0000  2.7872  0.0000  0.0000  0.0000  0.0000  0.0000  0.0000  0.0000
   0.0000  0.0000  2.7872  0.0000  0.0000  0.0000  0.0000  0.0000  0.0000
   0.0000  0.0000  0.0000  2.7872  0.0000  0.0000  0.0000  0.0000  0.0000
   0.0000  0.0000  0.0000  0.0000  2.7102  0.0000  0.0000  0.0000  0.0000
   0.0000  0.0000  0.0000  0.0000  0.0000  2.7102  0.0000  0.0000  0.0000
   0.0000  0.0000  0.0000  0.0000  0.0000  0.0000  1.2987  0.0000  0.0000
   0.0000  0.0000  0.0000  0.0000  0.0000  0.0000  0.0000  2.7102  0.0000
   0.0000  0.0000  0.0000  0.0000  0.0000  0.0000  0.0000  0.0000  1.2987
 pair   83( 2) R'=  1 R=  4 plat=  0  1  1 tau=   0.2500  -0.2500  -0.2500
  -0.5922  0.6798  0.6798 -0.6798  0.8193 -0.8193  0.0000  0.8193  0.0000
  -0.6798  0.5480  0.9067 -0.9067  0.8190 -0.8190 -0.2751  1.2812 -0.4766
  -0.6798  0.9067  0.5480 -0.9067  1.2812 -0.8190  0.5503  0.8190  0.0000
   0.6798 -0.9067 -0.9067  0.5480 -0.8190  1.2812  0.2751 -0.8190 -0.4766
   0.8193 -0.8190 -1.2812  0.8190 -0.9798  1.4314  0.7737 -1.4314  0.0000
  -0.8193  0.8190  0.8190 -1.2812  1.4314 -0.9798  0.3868  1.4314 -0.6700
   0.0000  0.2751 -0.5503 -0.2751  0.7737  0.3868  1.2163 -0.3868  0.0000
   0.8193 -1.2812 -0.8190  0.8190 -1.4314  1.4314 -0.3868 -0.9798 -0.6700
   0.0000  0.4766  0.0000  0.4766  0.0000 -0.6700  0.0000 -0.6700  1.2163
 pair   84( 3) R'=  1 R=  4 plat=  1  0  1 tau=  -0.2500   0.2500  -0.2500
 pair   85( 4) R'=  1 R=  4 plat=  1  1  0 tau=  -0.2500  -0.2500   0.2500
 pair   86( 5) R'=  3 R=  4 plat=  0  1  0 tau=   0.2500  -0.2500   0.2500
 pair   87( 6) R'=  3 R=  4 plat=  1  0  0 tau=  -0.2500   0.2500   0.2500
 pair   88( 7) R'=  3 R=  4 plat=  0  0  0 tau=  -0.2500  -0.2500  -0.2500
 pair   89( 8) R'=  1 R=  4 plat=  1  1  1 tau=   0.2500   0.2500   0.2500
 pair   90( 9) R'=  3 R=  4 plat=  0  0  1 tau=   0.2500   0.2500  -0.2500
 pair   91(10) R'=  2 R=  4 plat=  0  0  1 tau=   0.0000   0.0000  -0.5000
  -0.2028  0.0000  0.4351  0.0000  0.0000  0.0000 -0.6038  0.0000  0.0000
   0.0000 -0.0500  0.0000  0.0000  0.0000  0.1336  0.0000  0.0000  0.0000
  -0.4351  0.0000  0.9337  0.0000  0.0000  0.0000 -1.2882  0.0000  0.0000
   0.0000  0.0000  0.0000 -0.0500  0.0000  0.0000  0.0000  0.1336  0.0000
   0.0000  0.0000  0.0000  0.0000  0.0138  0.0000  0.0000  0.0000  0.0000
   0.0000 -0.1336  0.0000  0.0000  0.0000  0.3631  0.0000  0.0000  0.0000
  -0.6038  0.0000  1.2882  0.0000  0.0000  0.0000 -1.7553  0.0000  0.0000
   0.0000  0.0000  0.0000 -0.1336  0.0000  0.0000  0.0000  0.3631  0.0000
   0.0000  0.0000  0.0000  0.0000  0.0000  0.0000  0.0000  0.0000 -0.0452
 pair   92(11) R'=  2 R=  4 plat=  0  1  0 tau=   0.0000  -0.5000   0.0000
 pair   93(12) R'=  2 R=  4 plat=  0  1  1 tau=   0.5000   0.0000   0.0000
 pair   94(13) R'=  2 R=  4 plat=  1  0  1 tau=   0.0000   0.5000   0.0000
 pair   95(14) R'=  2 R=  4 plat=  1  1  0 tau=   0.0000   0.0000   0.5000
 pair   96(15) R'=  2 R=  4 plat=  1  0  0 tau=  -0.5000   0.0000   0.0000
 pair   97(16) R'=  4 R=  4 plat= -1  0  0 tau=   0.0000  -0.5000  -0.5000
  -0.0005 -0.0005 -0.0005  0.0000  0.0000  0.0016  0.0024  0.0000 -0.0042
   0.0005 -0.0014 -0.0033  0.0000  0.0000  0.0040  0.0076  0.0000 -0.0055
   0.0005 -0.0033 -0.0014  0.0000  0.0000  0.0040  0.0010  0.0000 -0.0093
   0.0000  0.0000  0.0000 -0.0050  0.0081  0.0000  0.0000  0.0081  0.0000
   0.0000  0.0000  0.0000 -0.0081  0.0115  0.0000  0.0000  0.0109  0.0000
   0.0016 -0.0040 -0.0040  0.0000  0.0000  0.0054  0.0058  0.0000 -0.0101
   0.0024 -0.0076 -0.0010  0.0000  0.0000  0.0058 -0.0058  0.0000 -0.0109
   0.0000  0.0000  0.0000 -0.0081  0.0109  0.0000  0.0000  0.0115  0.0000
  -0.0042  0.0055  0.0093  0.0000  0.0000 -0.0101 -0.0109  0.0000  0.0068
 pair   98(17) R'=  4 R=  4 plat= -1  0  1 tau=   0.5000   0.0000  -0.5000
 pair   99(18) R'=  4 R=  4 plat=  0 -1  0 tau=  -0.5000   0.0000  -0.5000
 pair  100(19) R'=  4 R=  4 plat=  0 -1  1 tau=   0.0000   0.5000  -0.5000
 pair  101(20) R'=  4 R=  4 plat=  0  0 -1 tau=  -0.5000  -0.5000   0.0000
 pair  102(21) R'=  4 R=  4 plat= -1  1  0 tau=   0.5000  -0.5000   0.0000
 pair  103(22) R'=  4 R=  4 plat=  0  0  1 tau=   0.5000   0.5000   0.0000
 pair  104(23) R'=  4 R=  4 plat=  0  1 -1 tau=   0.0000  -0.5000   0.5000
 pair  105(24) R'=  4 R=  4 plat=  0  1  0 tau=   0.5000   0.0000   0.5000
 pair  106(25) R'=  4 R=  4 plat=  1 -1  0 tau=  -0.5000   0.5000   0.0000
 pair  107(26) R'=  4 R=  4 plat=  1  0 -1 tau=  -0.5000   0.0000   0.5000
 pair  108(27) R'=  4 R=  4 plat=  1  0  0 tau=   0.0000   0.5000   0.5000

 SHOSTR:  2nd generation sdot, OKA defs, 1-center 
          108 pairs  nkap=1, E = 0.0000

 Site  1  has  27  neighbors
 pair    1( 1) R'=  1 R=  1 plat=  0  0  0 tau=   0.0000   0.0000   0.0000
  -3.3720  0.0000  0.0000  0.0000  0.0000  0.0000  0.0000  0.0000  0.0000
   0.0000  3.3356  0.0000  0.0000  0.0000  0.0000  0.0000  0.0000  0.0000
   0.0000  0.0000  3.3356  0.0000  0.0000  0.0000  0.0000  0.0000  0.0000
   0.0000  0.0000  0.0000  3.3356  0.0000  0.0000  0.0000  0.0000  0.0000
   0.0000  0.0000  0.0000  0.0000  1.0558  0.0000  0.0000  0.0000  0.0000
   0.0000  0.0000  0.0000  0.0000  0.0000  1.0558  0.0000  0.0000  0.0000
   0.0000  0.0000  0.0000  0.0000  0.0000  0.0000  0.6863  0.0000  0.0000
   0.0000  0.0000  0.0000  0.0000  0.0000  0.0000  0.0000  1.0558  0.0000
   0.0000  0.0000  0.0000  0.0000  0.0000  0.0000  0.0000  0.0000  0.6863
 pair    2( 2) R'=  2 R=  1 plat= -1  0  0 tau=   0.2500  -0.2500  -0.2500
   0.2480  0.0371  0.0371 -0.0371 -0.0965  0.0965  0.0000 -0.0965  0.0000
  -0.0371  0.2804  0.4829 -0.4829  0.2863 -0.2863 -0.1099  0.4694 -0.1903
  -0.0371  0.4829  0.2804 -0.4829  0.4694 -0.2863  0.2198  0.2863  0.0000
   0.0371 -0.4829 -0.4829  0.2804 -0.2863  0.4694  0.1099 -0.2863 -0.1903
  -0.0965 -0.2863 -0.4694  0.2863 -0.1776  0.2758  0.1799 -0.2758  0.0000
   0.0965  0.2863  0.2863 -0.4694  0.2758 -0.1776  0.0899  0.2758 -0.1558
   0.0000  0.1099 -0.2198 -0.1099  0.1799  0.0899  0.2847 -0.0899  0.0000
  -0.0965 -0.4694 -0.2863  0.2863 -0.2758  0.2758 -0.0899 -0.1776 -0.1558
   0.0000  0.1903  0.0000  0.1903  0.0000 -0.1558  0.0000 -0.1558  0.2847
 pair    3( 3) R'=  2 R=  1 plat=  0 -1  0 tau=  -0.2500   0.2500  -0.2500
 pair    4( 4) R'=  2 R=  1 plat=  0  0  0 tau=   0.2500   0.2500   0.2500
 pair    5( 5) R'=  4 R=  1 plat= -1  0 -1 tau=   0.2500  -0.2500   0.2500
 pair    6( 6) R'=  4 R=  1 plat=  0 -1 -1 tau=  -0.2500   0.2500   0.2500
 pair    7( 7) R'=  2 R=  1 plat=  0  0 -1 tau=  -0.2500  -0.2500   0.2500
 pair    8( 8) R'=  4 R=  1 plat= -1 -1  0 tau=   0.2500   0.2500  -0.2500
 pair    9( 9) R'=  4 R=  1 plat= -1 -1 -1 tau=  -0.2500  -0.2500  -0.2500
 pair   10(10) R'=  3 R=  1 plat= -1 -1  0 tau=   0.0000   0.0000  -0.5000
   0.0772  0.0000  0.0420  0.0000  0.0000  0.0000  0.0428  0.0000  0.0000
   0.0000 -0.0308  0.0000  0.0000  0.0000  0.0593  0.0000  0.0000  0.0000
  -0.0420  0.0000  0.5336  0.0000  0.0000  0.0000 -0.5226  0.0000  0.0000
   0.0000  0.0000  0.0000 -0.0308  0.0000  0.0000  0.0000  0.0593  0.0000
   0.0000  0.0000  0.0000  0.0000  0.0027  0.0000  0.0000  0.0000  0.0000
   0.0000 -0.0593  0.0000  0.0000  0.0000  0.0993  0.0000  0.0000  0.0000
   0.0428  0.0000  0.5226  0.0000  0.0000  0.0000 -0.4222  0.0000  0.0000
   0.0000  0.0000  0.0000 -0.0593  0.0000  0.0000  0.0000  0.0993  0.0000
   0.0000  0.0000  0.0000  0.0000  0.0000  0.0000  0.0000  0.0000 -0.0151
 pair   11(11) R'=  3 R=  1 plat= -1  0 -1 tau=   0.0000  -0.5000   0.0000
 pair   12(12) R'=  3 R=  1 plat=  0 -1 -1 tau=  -0.5000   0.0000   0.0000
 pair   13(13) R'=  3 R=  1 plat=  0 -1  0 tau=   0.0000   0.5000   0.0000
 pair   14(14) R'=  3 R=  1 plat=  0  0 -1 tau=   0.0000   0.0000   0.5000
 pair   15(15) R'=  3 R=  1 plat= -1  0  0 tau=   0.5000   0.0000   0.0000
 pair   16(16) R'=  1 R=  1 plat= -1  0  1 tau=   0.5000   0.0000  -0.5000
   0.0010  0.0000  0.0001 -0.0001  0.0000  0.0000 -0.0005  0.0002 -0.0008
   0.0000 -0.0021  0.0000  0.0000 -0.0023  0.0023  0.0000  0.0000  0.0000
  -0.0001  0.0000 -0.0010  0.0022  0.0000  0.0000 -0.0002 -0.0011  0.0033
   0.0001  0.0000  0.0022 -0.0010  0.0000  0.0000 -0.0030  0.0011 -0.0015
   0.0000  0.0023  0.0000  0.0000  0.0019 -0.0017  0.0000  0.0000  0.0000
   0.0000 -0.0023  0.0000  0.0000 -0.0017  0.0019  0.0000  0.0000  0.0000
  -0.0005  0.0000  0.0002  0.0030  0.0000  0.0000 -0.0022 -0.0006  0.0027
   0.0002  0.0000  0.0011 -0.0011  0.0000  0.0000 -0.0006 -0.0001 -0.0010
  -0.0008  0.0000 -0.0033  0.0015  0.0000  0.0000  0.0027 -0.0010  0.0009
 pair   17(17) R'=  1 R=  1 plat=  0 -1  0 tau=  -0.5000   0.0000  -0.5000
 pair   18(18) R'=  1 R=  1 plat=  0 -1  1 tau=   0.0000   0.5000  -0.5000
 pair   19(19) R'=  1 R=  1 plat=  0  0 -1 tau=  -0.5000  -0.5000   0.0000
 pair   20(20) R'=  1 R=  1 plat= -1  1  0 tau=   0.5000  -0.5000   0.0000
 pair   21(21) R'=  1 R=  1 plat=  0  0  1 tau=   0.5000   0.5000   0.0000
 pair   22(22) R'=  1 R=  1 plat=  0  1 -1 tau=   0.0000  -0.5000   0.5000
 pair   23(23) R'=  1 R=  1 plat=  0  1  0 tau=   0.5000   0.0000   0.5000
 pair   24(24) R'=  1 R=  1 plat=  1 -1  0 tau=  -0.5000   0.5000   0.0000
 pair   25(25) R'=  1 R=  1 plat=  1  0 -1 tau=  -0.5000   0.0000   0.5000
 pair   26(26) R'=  1 R=  1 plat=  1  0  0 tau=   0.0000   0.5000   0.5000
 pair   27(27) R'=  1 R=  1 plat= -1  0  0 tau=   0.0000  -0.5000  -0.5000

 Site  2  has  27  neighbors
 pair   28( 1) R'=  2 R=  2 plat=  0  0  0 tau=   0.0000   0.0000   0.0000
  -3.3720  0.0000  0.0000  0.0000  0.0000  0.0000  0.0000  0.0000  0.0000
   0.0000  3.3356  0.0000  0.0000  0.0000  0.0000  0.0000  0.0000  0.0000
   0.0000  0.0000  3.3356  0.0000  0.0000  0.0000  0.0000  0.0000  0.0000
   0.0000  0.0000  0.0000  3.3356  0.0000  0.0000  0.0000  0.0000  0.0000
   0.0000  0.0000  0.0000  0.0000  1.0558  0.0000  0.0000  0.0000  0.0000
   0.0000  0.0000  0.0000  0.0000  0.0000  1.0558  0.0000  0.0000  0.0000
   0.0000  0.0000  0.0000  0.0000  0.0000  0.0000  0.6863  0.0000  0.0000
   0.0000  0.0000  0.0000  0.0000  0.0000  0.0000  0.0000  1.0558  0.0000
   0.0000  0.0000  0.0000  0.0000  0.0000  0.0000  0.0000  0.0000  0.6863
 pair   29( 2) R'=  1 R=  2 plat=  0  0  0 tau=  -0.2500  -0.2500  -0.2500
   0.2480  0.0371  0.0371  0.0371  0.0965  0.0965  0.0000  0.0965  0.0000
  -0.0371  0.2804  0.4829  0.4829 -0.2863 -0.2863 -0.1099 -0.4694 -0.1903
  -0.0371  0.4829  0.2804  0.4829 -0.4694 -0.2863  0.2198 -0.2863  0.0000
  -0.0371  0.4829  0.4829  0.2804 -0.2863 -0.4694 -0.1099 -0.2863  0.1903
   0.0965  0.2863  0.4694  0.2863 -0.1776 -0.2758 -0.1799 -0.2758  0.0000
   0.0965  0.2863  0.2863  0.4694 -0.2758 -0.1776  0.0899 -0.2758 -0.1558
   0.0000  0.1099 -0.2198  0.1099 -0.1799  0.0899  0.2847  0.0899  0.0000
   0.0965  0.4694  0.2863  0.2863 -0.2758 -0.2758  0.0899 -0.1776  0.1558
   0.0000  0.1903  0.0000 -0.1903  0.0000 -0.1558  0.0000  0.1558  0.2847
 pair   30( 3) R'=  1 R=  2 plat=  0  0  1 tau=   0.2500   0.2500  -0.2500
 pair   31( 4) R'=  1 R=  2 plat=  1  0  0 tau=  -0.2500   0.2500   0.2500
 pair   32( 5) R'=  3 R=  2 plat= -1  0  0 tau=   0.2500  -0.2500  -0.2500
 pair   33( 6) R'=  3 R=  2 plat=  0 -1  0 tau=  -0.2500   0.2500  -0.2500
 pair   34( 7) R'=  1 R=  2 plat=  0  1  0 tau=   0.2500  -0.2500   0.2500
 pair   35( 8) R'=  3 R=  2 plat=  0  0  0 tau=   0.2500   0.2500   0.2500
 pair   36( 9) R'=  3 R=  2 plat=  0  0 -1 tau=  -0.2500  -0.2500   0.2500
 pair   37(10) R'=  4 R=  2 plat= -1 -1  0 tau=   0.0000   0.0000  -0.5000
   0.0772  0.0000  0.0420  0.0000  0.0000  0.0000  0.0428  0.0000  0.0000
   0.0000 -0.0308  0.0000  0.0000  0.0000  0.0593  0.0000  0.0000  0.0000
  -0.0420  0.0000  0.5336  0.0000  0.0000  0.0000 -0.5226  0.0000  0.0000
   0.0000  0.0000  0.0000 -0.0308  0.0000  0.0000  0.0000  0.0593  0.0000
   0.0000  0.0000  0.0000  0.0000  0.0027  0.0000  0.0000  0.0000  0.0000
   0.0000 -0.0593  0.0000  0.0000  0.0000  0.0993  0.0000  0.0000  0.0000
   0.0428  0.0000  0.5226  0.0000  0.0000  0.0000 -0.4222  0.0000  0.0000
   0.0000  0.0000  0.0000 -0.0593  0.0000  0.0000  0.0000  0.0993  0.0000
   0.0000  0.0000  0.0000  0.0000  0.0000  0.0000  0.0000  0.0000 -0.0151
 pair   38(11) R'=  4 R=  2 plat= -1  0 -1 tau=   0.0000  -0.5000   0.0000
 pair   39(12) R'=  4 R=  2 plat=  0 -1 -1 tau=  -0.5000   0.0000   0.0000
 pair   40(13) R'=  4 R=  2 plat=  0 -1  0 tau=   0.0000   0.5000   0.0000
 pair   41(14) R'=  4 R=  2 plat=  0  0 -1 tau=   0.0000   0.0000   0.5000
 pair   42(15) R'=  4 R=  2 plat= -1  0  0 tau=   0.5000   0.0000   0.0000
 pair   43(16) R'=  2 R=  2 plat=  1 -1  0 tau=  -0.5000   0.5000   0.0000
   0.0010 -0.0001  0.0000  0.0001  0.0002  0.0000  0.0009  0.0000  0.0000
   0.0001 -0.0010  0.0000  0.0022  0.0011  0.0000  0.0028  0.0000 -0.0019
   0.0000  0.0000 -0.0021  0.0000  0.0000 -0.0023  0.0000  0.0023  0.0000
  -0.0001  0.0022  0.0000 -0.0010 -0.0011  0.0000 -0.0028  0.0000 -0.0019
   0.0002 -0.0011  0.0000  0.0011 -0.0001  0.0000  0.0012  0.0000  0.0000
   0.0000  0.0000  0.0023  0.0000  0.0000  0.0019  0.0000 -0.0017  0.0000
   0.0009 -0.0028  0.0000  0.0028  0.0012  0.0000  0.0025  0.0000  0.0000
   0.0000  0.0000 -0.0023  0.0000  0.0000 -0.0017  0.0000  0.0019  0.0000
   0.0000  0.0019  0.0000  0.0019  0.0000  0.0000  0.0000  0.0000 -0.0038
 pair   44(17) R'=  2 R=  2 plat=  1  0  0 tau=   0.0000   0.5000   0.5000
 pair   45(18) R'=  2 R=  2 plat= -1  0  0 tau=   0.0000  -0.5000  -0.5000
 pair   46(19) R'=  2 R=  2 plat= -1  0  1 tau=   0.5000   0.0000  -0.5000
 pair   47(20) R'=  2 R=  2 plat=  1  0 -1 tau=  -0.5000   0.0000   0.5000
 pair   48(21) R'=  2 R=  2 plat=  0 -1  0 tau=  -0.5000   0.0000  -0.5000
 pair   49(22) R'=  2 R=  2 plat=  0 -1  1 tau=   0.0000   0.5000  -0.5000
 pair   50(23) R'=  2 R=  2 plat=  0  0 -1 tau=  -0.5000  -0.5000   0.0000
 pair   51(24) R'=  2 R=  2 plat= -1  1  0 tau=   0.5000  -0.5000   0.0000
 pair   52(25) R'=  2 R=  2 plat=  0  0  1 tau=   0.5000   0.5000   0.0000
 pair   53(26) R'=  2 R=  2 plat=  0  1 -1 tau=   0.0000  -0.5000   0.5000
 pair   54(27) R'=  2 R=  2 plat=  0  1  0 tau=   0.5000   0.0000   0.5000

 Site  3  has  27  neighbors
 pair   55( 1) R'=  3 R=  3 plat=  0  0  0 tau=   0.0000   0.0000   0.0000
  -3.3720  0.0000  0.0000  0.0000  0.0000  0.0000  0.0000  0.0000  0.0000
   0.0000  3.3356  0.0000  0.0000  0.0000  0.0000  0.0000  0.0000  0.0000
   0.0000  0.0000  3.3356  0.0000  0.0000  0.0000  0.0000  0.0000  0.0000
   0.0000  0.0000  0.0000  3.3356  0.0000  0.0000  0.0000  0.0000  0.0000
   0.0000  0.0000  0.0000  0.0000  1.0558  0.0000  0.0000  0.0000  0.0000
   0.0000  0.0000  0.0000  0.0000  0.0000  1.0558  0.0000  0.0000  0.0000
   0.0000  0.0000  0.0000  0.0000  0.0000  0.0000  0.6863  0.0000  0.0000
   0.0000  0.0000  0.0000  0.0000  0.0000  0.0000  0.0000  1.0558  0.0000
   0.0000  0.0000  0.0000  0.0000  0.0000  0.0000  0.0000  0.0000  0.6863
 pair   56( 2) R'=  4 R=  3 plat=  0  0  0 tau=   0.2500   0.2500   0.2500
   0.2480 -0.0371 -0.0371 -0.0371  0.0965  0.0965  0.0000  0.0965  0.0000
   0.0371  0.2804  0.4829  0.4829  0.2863  0.2863  0.1099  0.4694  0.1903
   0.0371  0.4829  0.2804  0.4829  0.4694  0.2863 -0.2198  0.2863  0.0000
   0.0371  0.4829  0.4829  0.2804  0.2863  0.4694  0.1099  0.2863 -0.1903
   0.0965 -0.2863 -0.4694 -0.2863 -0.1776 -0.2758 -0.1799 -0.2758  0.0000
   0.0965 -0.2863 -0.2863 -0.4694 -0.2758 -0.1776  0.0899 -0.2758 -0.1558
   0.0000 -0.1099  0.2198 -0.1099 -0.1799  0.0899  0.2847  0.0899  0.0000
   0.0965 -0.4694 -0.2863 -0.2863 -0.2758 -0.2758  0.0899 -0.1776  0.1558
   0.0000 -0.1903  0.0000  0.1903  0.0000 -0.1558  0.0000  0.1558  0.2847
 pair   57( 3) R'=  2 R=  3 plat=  1  0  0 tau=  -0.2500   0.2500   0.2500
 pair   58( 4) R'=  2 R=  3 plat=  0  0  0 tau=  -0.2500  -0.2500  -0.2500
 pair   59( 5) R'=  2 R=  3 plat=  0  1  0 tau=   0.2500  -0.2500   0.2500
 pair   60( 6) R'=  4 R=  3 plat= -1  0  0 tau=   0.2500  -0.2500  -0.2500
 pair   61( 7) R'=  2 R=  3 plat=  0  0  1 tau=   0.2500   0.2500  -0.2500
 pair   62( 8) R'=  4 R=  3 plat=  0  0 -1 tau=  -0.2500  -0.2500   0.2500
 pair   63( 9) R'=  4 R=  3 plat=  0 -1  0 tau=  -0.2500   0.2500  -0.2500
 pair   64(10) R'=  1 R=  3 plat=  0  1  0 tau=   0.0000  -0.5000   0.0000
   0.0772  0.0420  0.0000  0.0000  0.0000  0.0000 -0.0214  0.0000 -0.0370
  -0.0420  0.5336  0.0000  0.0000  0.0000  0.0000  0.2613  0.0000  0.4526
   0.0000  0.0000 -0.0308  0.0000  0.0000  0.0593  0.0000  0.0000  0.0000
   0.0000  0.0000  0.0000 -0.0308  0.0593  0.0000  0.0000  0.0000  0.0000
   0.0000  0.0000  0.0000 -0.0593  0.0993  0.0000  0.0000  0.0000  0.0000
   0.0000  0.0000 -0.0593  0.0000  0.0000  0.0993  0.0000  0.0000  0.0000
  -0.0214 -0.2613  0.0000  0.0000  0.0000  0.0000 -0.1169  0.0000 -0.1763
   0.0000  0.0000  0.0000  0.0000  0.0000  0.0000  0.0000  0.0027  0.0000
  -0.0370 -0.4526  0.0000  0.0000  0.0000  0.0000 -0.1763  0.0000 -0.3204
 pair   65(11) R'=  1 R=  3 plat=  1  1  0 tau=   0.0000   0.0000   0.5000
 pair   66(12) R'=  1 R=  3 plat=  0  1  1 tau=   0.5000   0.0000   0.0000
 pair   67(13) R'=  1 R=  3 plat=  1  0  1 tau=   0.0000   0.5000   0.0000
 pair   68(14) R'=  1 R=  3 plat=  0  0  1 tau=   0.0000   0.0000  -0.5000
 pair   69(15) R'=  1 R=  3 plat=  1  0  0 tau=  -0.5000   0.0000   0.0000
 pair   70(16) R'=  3 R=  3 plat=  0 -1  1 tau=   0.0000   0.5000  -0.5000
   0.0010 -0.0001  0.0001  0.0000  0.0000  0.0002 -0.0005  0.0000  0.0008
   0.0001 -0.0010  0.0022  0.0000  0.0000  0.0011 -0.0030  0.0000  0.0015
  -0.0001  0.0022 -0.0010  0.0000  0.0000 -0.0011 -0.0002  0.0000 -0.0033
   0.0000  0.0000  0.0000 -0.0021 -0.0023  0.0000  0.0000  0.0023  0.0000
   0.0000  0.0000  0.0000  0.0023  0.0019  0.0000  0.0000 -0.0017  0.0000
   0.0002 -0.0011  0.0011  0.0000  0.0000 -0.0001 -0.0006  0.0000  0.0010
  -0.0005  0.0030  0.0002  0.0000  0.0000 -0.0006 -0.0022  0.0000 -0.0027
   0.0000  0.0000  0.0000 -0.0023 -0.0017  0.0000  0.0000  0.0019  0.0000
   0.0008 -0.0015  0.0033  0.0000  0.0000  0.0010 -0.0027  0.0000  0.0009
 pair   71(17) R'=  3 R=  3 plat=  0  0 -1 tau=  -0.5000  -0.5000   0.0000
 pair   72(18) R'=  3 R=  3 plat=  0  0  1 tau=   0.5000   0.5000   0.0000
 pair   73(19) R'=  3 R=  3 plat=  0  1 -1 tau=   0.0000  -0.5000   0.5000
 pair   74(20) R'=  3 R=  3 plat=  0  1  0 tau=   0.5000   0.0000   0.5000
 pair   75(21) R'=  3 R=  3 plat=  1 -1  0 tau=  -0.5000   0.5000   0.0000
 pair   76(22) R'=  3 R=  3 plat=  1  0 -1 tau=  -0.5000   0.0000   0.5000
 pair   77(23) R'=  3 R=  3 plat=  1  0  0 tau=   0.0000   0.5000   0.5000
 pair   78(24) R'=  3 R=  3 plat= -1  0  0 tau=   0.0000  -0.5000  -0.5000
 pair   79(25) R'=  3 R=  3 plat= -1  0  1 tau=   0.5000   0.0000  -0.5000
 pair   80(26) R'=  3 R=  3 plat= -1  1  0 tau=   0.5000  -0.5000   0.0000
 pair   81(27) R'=  3 R=  3 plat=  0 -1  0 tau=  -0.5000   0.0000  -0.5000

 Site  4  has  27  neighbors
 pair   82( 1) R'=  4 R=  4 plat=  0  0  0 tau=   0.0000   0.0000   0.0000
  -3.3720  0.0000  0.0000  0.0000  0.0000  0.0000  0.0000  0.0000  0.0000
   0.0000  3.3356  0.0000  0.0000  0.0000  0.0000  0.0000  0.0000  0.0000
   0.0000  0.0000  3.3356  0.0000  0.0000  0.0000  0.0000  0.0000  0.0000
   0.0000  0.0000  0.0000  3.3356  0.0000  0.0000  0.0000  0.0000  0.0000
   0.0000  0.0000  0.0000  0.0000  1.0558  0.0000  0.0000  0.0000  0.0000
   0.0000  0.0000  0.0000  0.0000  0.0000  1.0558  0.0000  0.0000  0.0000
   0.0000  0.0000  0.0000  0.0000  0.0000  0.0000  0.6863  0.0000  0.0000
   0.0000  0.0000  0.0000  0.0000  0.0000  0.0000  0.0000  1.0558  0.0000
   0.0000  0.0000  0.0000  0.0000  0.0000  0.0000  0.0000  0.0000  0.6863
 pair   83( 2) R'=  1 R=  4 plat=  0  1  1 tau=   0.2500  -0.2500  -0.2500
   0.2480  0.0371  0.0371 -0.0371 -0.0965  0.0965  0.0000 -0.0965  0.0000
  -0.0371  0.2804  0.4829 -0.4829  0.2863 -0.2863 -0.1099  0.4694 -0.1903
  -0.0371  0.4829  0.2804 -0.4829  0.4694 -0.2863  0.2198  0.2863  0.0000
   0.0371 -0.4829 -0.4829  0.2804 -0.2863  0.4694  0.1099 -0.2863 -0.1903
  -0.0965 -0.2863 -0.4694  0.2863 -0.1776  0.2758  0.1799 -0.2758  0.0000
   0.0965  0.2863  0.2863 -0.4694  0.2758 -0.1776  0.0899  0.2758 -0.1558
   0.0000  0.1099 -0.2198 -0.1099  0.1799  0.0899  0.2847 -0.0899  0.0000
  -0.0965 -0.4694 -0.2863  0.2863 -0.2758  0.2758 -0.0899 -0.1776 -0.1558
   0.0000  0.1903  0.0000  0.1903  0.0000 -0.1558  0.0000 -0.1558  0.2847
 pair   84( 3) R'=  1 R=  4 plat=  1  0  1 tau=  -0.2500   0.2500  -0.2500
 pair   85( 4) R'=  1 R=  4 plat=  1  1  0 tau=  -0.2500  -0.2500   0.2500
 pair   86( 5) R'=  3 R=  4 plat=  0  1  0 tau=   0.2500  -0.2500   0.2500
 pair   87( 6) R'=  3 R=  4 plat=  1  0  0 tau=  -0.2500   0.2500   0.2500
 pair   88( 7) R'=  3 R=  4 plat=  0  0  0 tau=  -0.2500  -0.2500  -0.2500
 pair   89( 8) R'=  1 R=  4 plat=  1  1  1 tau=   0.2500   0.2500   0.2500
 pair   90( 9) R'=  3 R=  4 plat=  0  0  1 tau=   0.2500   0.2500  -0.2500
 pair   91(10) R'=  2 R=  4 plat=  0  0  1 tau=   0.0000   0.0000  -0.5000
   0.0772  0.0000  0.0420  0.0000  0.0000  0.0000  0.0428  0.0000  0.0000
   0.0000 -0.0308  0.0000  0.0000  0.0000  0.0593  0.0000  0.0000  0.0000
  -0.0420  0.0000  0.5336  0.0000  0.0000  0.0000 -0.5226  0.0000  0.0000
   0.0000  0.0000  0.0000 -0.0308  0.0000  0.0000  0.0000  0.0593  0.0000
   0.0000  0.0000  0.0000  0.0000  0.0027  0.0000  0.0000  0.0000  0.0000
   0.0000 -0.0593  0.0000  0.0000  0.0000  0.0993  0.0000  0.0000  0.0000
   0.0428  0.0000  0.5226  0.0000  0.0000  0.0000 -0.4222  0.0000  0.0000
   0.0000  0.0000  0.0000 -0.0593  0.0000  0.0000  0.0000  0.0993  0.0000
   0.0000  0.0000  0.0000  0.0000  0.0000  0.0000  0.0000  0.0000 -0.0151
 pair   92(11) R'=  2 R=  4 plat=  0  1  0 tau=   0.0000  -0.5000   0.0000
 pair   93(12) R'=  2 R=  4 plat=  0  1  1 tau=   0.5000   0.0000   0.0000
 pair   94(13) R'=  2 R=  4 plat=  1  0  1 tau=   0.0000   0.5000   0.0000
 pair   95(14) R'=  2 R=  4 plat=  1  1  0 tau=   0.0000   0.0000   0.5000
 pair   96(15) R'=  2 R=  4 plat=  1  0  0 tau=  -0.5000   0.0000   0.0000
 pair   97(16) R'=  4 R=  4 plat= -1  0  0 tau=   0.0000  -0.5000  -0.5000
   0.0010  0.0001  0.0001  0.0000  0.0000 -0.0002 -0.0005  0.0000  0.0008
  -0.0001 -0.0010 -0.0022  0.0000  0.0000  0.0011  0.0030  0.0000 -0.0015
  -0.0001 -0.0022 -0.0010  0.0000  0.0000  0.0011 -0.0002  0.0000 -0.0033
   0.0000  0.0000  0.0000 -0.0021  0.0023  0.0000  0.0000  0.0023  0.0000
   0.0000  0.0000  0.0000 -0.0023  0.0019  0.0000  0.0000  0.0017  0.0000
  -0.0002 -0.0011 -0.0011  0.0000  0.0000 -0.0001  0.0006  0.0000 -0.0010
  -0.0005 -0.0030  0.0002  0.0000  0.0000  0.0006 -0.0022  0.0000 -0.0027
   0.0000  0.0000  0.0000 -0.0023  0.0017  0.0000  0.0000  0.0019  0.0000
   0.0008  0.0015  0.0033  0.0000  0.0000 -0.0010 -0.0027  0.0000  0.0009
 pair   98(17) R'=  4 R=  4 plat= -1  0  1 tau=   0.5000   0.0000  -0.5000
 pair   99(18) R'=  4 R=  4 plat=  0 -1  0 tau=  -0.5000   0.0000  -0.5000
 pair  100(19) R'=  4 R=  4 plat=  0 -1  1 tau=   0.0000   0.5000  -0.5000
 pair  101(20) R'=  4 R=  4 plat=  0  0 -1 tau=  -0.5000  -0.5000   0.0000
 pair  102(21) R'=  4 R=  4 plat= -1  1  0 tau=   0.5000  -0.5000   0.0000
 pair  103(22) R'=  4 R=  4 plat=  0  0  1 tau=   0.5000   0.5000   0.0000
 pair  104(23) R'=  4 R=  4 plat=  0  1 -1 tau=   0.0000  -0.5000   0.5000
 pair  105(24) R'=  4 R=  4 plat=  0  1  0 tau=   0.5000   0.0000   0.5000
 pair  106(25) R'=  4 R=  4 plat=  1 -1  0 tau=  -0.5000   0.5000   0.0000
 pair  107(26) R'=  4 R=  4 plat=  1  0 -1 tau=  -0.5000   0.0000   0.5000
 pair  108(27) R'=  4 R=  4 plat=  1  0  0 tau=   0.0000   0.5000   0.5000
 Exit 0 LMSTR 
 CPU time:    0.485s     Wed Feb 11 13:44:11 2009   on waldo.eas.asu.edu
 wkinfo:  used   436 K  workspace of 80000 K   in   2 K calls
