 ===============================================================
  quasiparticle energies isp=           1
 ===============================================================


           q               state   SEx    SExcore   SEc     vxc     ---    dSEnoZ   eQP(starting by lmf)    eHF   Z=1  FWHM=2Z*Simg ReS(elda)
  0.00000  0.00000  0.00000   1  -34.591 -17.772  10.373 -43.430   0.000   1.441 -15.247   0.000   0.000 -24.179 1.00  -0.00000    -41.98987
  0.00000  0.00000  0.00000   2  -34.591 -17.772  10.373 -43.430   0.000   1.441 -15.247   0.000   0.000 -24.179 1.00  -0.00000    -41.98986
  0.00000  0.00000  0.00000   3  -34.591 -17.772  10.373 -43.430   0.000   1.441 -15.247   0.000   0.000 -24.179 1.00  -0.00000    -41.98987
  0.00000  0.00000  0.00000   4  -34.672 -17.970  10.327 -43.771   0.000   1.456 -15.173   0.000   0.000 -24.044 1.00  -0.00000    -42.31508
  0.00000  0.00000  0.00000   5  -34.672 -17.970  10.327 -43.771   0.000   1.456 -15.173   0.000   0.000 -24.044 1.00  -0.00000    -42.31512
  0.00000  0.00000  0.00000   6  -18.431  -2.649   6.741 -14.359   0.000   0.021 -13.217   0.000   0.000 -19.937 1.00  -0.00000    -14.33848
  0.00000  0.00000  0.00000   7  -14.992  -3.207   2.722 -15.726   0.000   0.249  -0.363   0.000   0.000  -2.836 1.00  -0.00000    -15.47712
  0.00000  0.00000  0.00000   8  -14.992  -3.207   2.722 -15.726   0.000   0.249  -0.363   0.000   0.000  -2.836 1.00  -0.00000    -15.47712
  0.00000  0.00000  0.00000   9  -14.992  -3.207   2.722 -15.726   0.000   0.249  -0.363   0.000   0.000  -2.836 1.00  -0.00000    -15.47710
  0.00000  0.00000  0.00000  10   -6.339  -4.132  -4.696 -16.584   0.000   1.416   0.363   0.000   0.000   6.475 1.00  -0.00000    -15.16743
  0.00000  0.00000  0.00000  11   -5.141  -1.812  -4.510 -12.431   0.000   0.969   3.372   0.000   0.000   8.851 1.00  -0.00000    -11.46247
  0.00000  0.00000  0.00000  12   -5.141  -1.812  -4.510 -12.431   0.000   0.969   3.372   0.000   0.000   8.851 1.00  -0.00000    -11.46247
  0.00000  0.00000  0.00000  13   -5.141  -1.812  -4.510 -12.431   0.000   0.969   3.372   0.000   0.000   8.851 1.00  -0.00000    -11.46245
  0.00000  0.00000  0.00000  14   -2.280  -1.262  -5.425  -9.569   0.000   0.603   6.574   0.000   0.000  12.603 1.00  -0.00000     -8.96605
  0.00000  0.00000  0.00000  15   -4.511  -1.791  -4.840 -12.308   0.000   1.165  10.042   0.000   0.000  16.048 1.00  -0.00000    -11.14232
  0.00000  0.00000  0.00000  16   -4.511  -1.791  -4.840 -12.308   0.000   1.165  10.042   0.000   0.000  16.048 1.00  -0.00000    -11.14230
  0.00000  0.00000  0.00000  17   -1.924  -0.611  -5.416  -8.599   0.000   0.648  11.077   0.000   0.000  17.141 1.00  -0.00000     -7.95061
  0.00000  0.00000  0.00000  18   -1.924  -0.611  -5.416  -8.599   0.000   0.648  11.077   0.000   0.000  17.141 1.00  -0.00000     -7.95061
  0.00000  0.00000  0.00000  19   -1.924  -0.611  -5.416  -8.599   0.000   0.648  11.077   0.000   0.000  17.141 1.00  -0.00000     -7.95061
  0.00000  0.00000  0.00000  20   -0.839  -0.381  -5.327  -6.584   0.000   0.037  13.613   0.000   0.000  18.977 1.00  -0.00000     -6.54701
  0.00000  0.00000  0.00000  21   -2.690  -1.917  -7.030 -13.502   0.000   1.864  25.377   0.000   0.000  34.272 1.00  -0.00000    -11.63796
  0.00000  0.00000  0.00000  22   -2.690  -1.917  -7.030 -13.502   0.000   1.864  25.377   0.000   0.000  34.272 1.00  -0.00000    -11.63796
  0.00000  0.00000  0.00000  23   -2.690  -1.917  -7.030 -13.502   0.000   1.864  25.377   0.000   0.000  34.272 1.00  -0.00000    -11.63791
  0.00000  0.00000  0.00000  24   -2.739  -2.668  -6.855 -13.845   0.000   1.582  26.157   0.000   0.000  34.594 1.00  -0.00000    -12.26221
  0.00000  0.00000  0.00000  25   -2.739  -2.668  -6.855 -13.844   0.000   1.582  26.157   0.000   0.000  34.594 1.00  -0.00000    -12.26221
  0.00000  0.00000  0.00000  26   -2.739  -2.668  -6.855 -13.844   0.000   1.582  26.157   0.000   0.000  34.594 1.00  -0.00000    -12.26224
  0.00000  0.00000  0.00000  27   -2.723  -1.654  -7.726 -13.537   0.000   1.435  29.234   0.000   0.000  38.395 1.00  -0.00000    -12.10253
  0.00000  0.00000  0.00000  28   -2.723  -1.654  -7.726 -13.537   0.000   1.435  29.234   0.000   0.000  38.395 1.00  -0.00000    -12.10248
  0.00000  0.00000  0.00000  29   -1.857  -0.240  -6.454 -11.859   0.000   3.308  30.967   0.000   0.000  40.729 1.00  -0.00000     -8.55108
  0.00000  0.00000  0.00000  30   -1.857  -0.240  -6.454 -11.859   0.000   3.308  30.968   0.000   0.000  40.729 1.00  -0.00000     -8.55107
  0.00000  0.00000  0.00000  31   -1.857  -0.240  -6.454 -11.859   0.000   3.308  30.968   0.000   0.000  40.729 1.00  -0.00000     -8.55106
  0.00000  0.00000  0.00000  32   -1.013  -1.024  -5.971  -9.058   0.000   1.050  35.967   0.000   0.000  42.987 1.00  -0.00000     -8.00825
  0.00000  0.00000  0.00000  33   -2.167  -1.999  -6.831 -13.429   0.000   2.432  38.444   0.000   0.000  47.707 1.00  -0.00000    -10.99696
  0.00000  0.00000  0.00000  34   -2.167  -1.999  -6.831 -13.429   0.000   2.432  38.444   0.000   0.000  47.707 1.00  -0.00000    -10.99695
  0.00000  0.00000  0.00000  35   -2.167  -1.999  -6.831 -13.429   0.000   2.432  38.444   0.000   0.000  47.707 1.00  -0.00000    -10.99694
  0.00000  0.00000  0.00000  36   -1.532  -1.565  -6.276 -11.504   0.000   2.132  40.318   0.000   0.000  48.725 1.00  -0.00000     -9.37232
  0.00000  0.00000  0.00000  37   -1.532  -1.565  -6.276 -11.504   0.000   2.132  40.318   0.000   0.000  48.725 1.00  -0.00000     -9.37225
  0.00000  0.00000  0.00000  38    0.000   0.000   0.000 -13.676   0.000   0.000  41.019   0.000   0.000   0.000 1.00   0.00000      0.00000
  0.00000  0.00000  0.00000  39    0.000   0.000   0.000 -12.473   0.000   0.000  41.999   0.000   0.000   0.000 1.00   0.00000      0.00000
  0.00000  0.00000  0.00000  40    0.000   0.000   0.000 -12.473   0.000   0.000  41.999   0.000   0.000   0.000 1.00   0.00000      0.00000

 -0.50000  0.50000  0.50000   1  -34.092 -17.241  10.317 -42.433   0.000   1.416 -15.308   0.000   0.000 -24.208 1.00  -0.00000    -41.01661
 -0.50000  0.50000  0.50000   2  -34.624 -17.825  10.366 -43.527   0.000   1.444 -15.227   0.000   0.000 -24.149 1.00  -0.00000    -42.08249
 -0.50000  0.50000  0.50000   3  -34.624 -17.825  10.366 -43.527   0.000   1.444 -15.227   0.000   0.000 -24.149 1.00  -0.00000    -42.08248
 -0.50000  0.50000  0.50000   4  -34.701 -17.990  10.337 -43.814   0.000   1.461 -15.166   0.000   0.000 -24.041 1.00  -0.00000    -42.35352
 -0.50000  0.50000  0.50000   5  -34.701 -17.990  10.337 -43.814   0.000   1.461 -15.166   0.000   0.000 -24.041 1.00  -0.00000    -42.35355
 -0.50000  0.50000  0.50000   6  -19.140  -3.966   6.125 -16.878   0.000  -0.103 -11.460   0.000   0.000 -17.688 1.00  -0.00000    -16.98153
 -0.50000  0.50000  0.50000   7  -14.429  -1.922   3.469 -12.857   0.000  -0.024  -7.412   0.000   0.000 -10.906 1.00  -0.00000    -12.88144
 -0.50000  0.50000  0.50000   8  -14.550  -2.635   2.767 -14.606   0.000   0.188  -1.590   0.000   0.000  -4.170 1.00  -0.00000    -14.41819
 -0.50000  0.50000  0.50000   9  -14.550  -2.635   2.767 -14.606   0.000   0.188  -1.590   0.000   0.000  -4.170 1.00  -0.00000    -14.41818
 -0.50000  0.50000  0.50000  10   -5.596  -2.907  -4.434 -14.025   0.000   1.088   0.666   0.000   0.000   6.188 1.00  -0.00000    -12.93651
 -0.50000  0.50000  0.50000  11   -4.751  -1.846  -4.580 -12.057   0.000   0.880   4.268   0.000   0.000   9.728 1.00  -0.00000    -11.17753
 -0.50000  0.50000  0.50000  12   -4.751  -1.846  -4.580 -12.057   0.000   0.880   4.268   0.000   0.000   9.728 1.00  -0.00000    -11.17751
 -0.50000  0.50000  0.50000  13   -2.114  -0.850  -5.244  -8.550   0.000   0.343   7.163   0.000   0.000  12.750 1.00  -0.00000     -8.20784
 -0.50000  0.50000  0.50000  14   -3.837  -2.853  -5.569 -13.283   0.000   1.023  10.270   0.000   0.000  16.862 1.00  -0.00000    -12.25968
 -0.50000  0.50000  0.50000  15   -3.498  -1.628  -5.533 -11.800   0.000   1.142  11.769   0.000   0.000  18.444 1.00  -0.00000    -10.65802
 -0.50000  0.50000  0.50000  16   -3.498  -1.628  -5.533 -11.800   0.000   1.142  11.769   0.000   0.000  18.444 1.00  -0.00000    -10.65801
 -0.50000  0.50000  0.50000  17   -3.799  -2.516  -6.016 -13.608   0.000   1.276  12.214   0.000   0.000  19.506 1.00  -0.00000    -12.33199
 -0.50000  0.50000  0.50000  18   -4.099  -1.758  -5.264 -12.404   0.000   1.283  13.074   0.000   0.000  19.621 1.00  -0.00000    -11.12137
 -0.50000  0.50000  0.50000  19   -4.099  -1.758  -5.264 -12.404   0.000   1.283  13.074   0.000   0.000  19.621 1.00  -0.00000    -11.12136
 -0.50000  0.50000  0.50000  20   -2.180  -1.355  -6.024 -10.729   0.000   1.170  18.847   0.000   0.000  26.042 1.00  -0.00000     -9.55893
 -0.50000  0.50000  0.50000  21   -3.319  -2.116  -6.271 -13.514   0.000   1.808  21.243   0.000   0.000  29.322 1.00  -0.00000    -11.70600
 -0.50000  0.50000  0.50000  22   -1.980  -0.833  -5.901 -10.301   0.000   1.588  22.400   0.000   0.000  29.888 1.00  -0.00000     -8.71314
 -0.50000  0.50000  0.50000  23   -1.980  -0.833  -5.901 -10.301   0.000   1.588  22.400   0.000   0.000  29.888 1.00  -0.00000     -8.71314
 -0.50000  0.50000  0.50000  24   -1.956  -0.875  -5.992 -10.350   0.000   1.527  22.745   0.000   0.000  30.264 1.00  -0.00000     -8.82332
 -0.50000  0.50000  0.50000  25   -1.956  -0.875  -5.992 -10.350   0.000   1.527  22.745   0.000   0.000  30.264 1.00  -0.00000     -8.82331
 -0.50000  0.50000  0.50000  26   -1.488  -0.783  -5.793  -9.224   0.000   1.159  26.597   0.000   0.000  33.550 1.00  -0.00000     -8.06440
 -0.50000  0.50000  0.50000  27   -0.901  -0.464  -5.686  -7.772   0.000   0.721  27.341   0.000   0.000  33.749 1.00  -0.00000     -7.05066
 -0.50000  0.50000  0.50000  28   -2.689  -2.121  -7.701 -14.028   0.000   1.517  28.087   0.000   0.000  37.306 1.00  -0.00000    -12.51029
 -0.50000  0.50000  0.50000  29   -2.689  -2.121  -7.701 -14.028   0.000   1.517  28.088   0.000   0.000  37.306 1.00  -0.00000    -12.51025
 -0.50000  0.50000  0.50000  30   -2.548  -1.938  -6.858 -13.333   0.000   1.989  28.771   0.000   0.000  37.619 1.00  -0.00000    -11.34372
 -0.50000  0.50000  0.50000  31   -2.548  -1.938  -6.858 -13.333   0.000   1.989  28.771   0.000   0.000  37.619 1.00  -0.00000    -11.34369
 -0.50000  0.50000  0.50000  32   -1.840  -0.245  -6.303 -11.918   0.000   3.529  31.628   0.000   0.000  41.460 1.00  -0.00000     -8.38858
 -0.50000  0.50000  0.50000  33   -1.665  -1.388  -6.073 -11.177   0.000   2.051  33.185   0.000   0.000  41.310 1.00  -0.00000     -9.12600
 -0.50000  0.50000  0.50000  34   -1.665  -1.388  -6.073 -11.177   0.000   2.051  33.185   0.000   0.000  41.310 1.00  -0.00000     -9.12599
 -0.50000  0.50000  0.50000  35   -2.076  -2.079  -6.098 -12.933   0.000   2.680  33.877   0.000   0.000  42.655 1.00  -0.00000    -10.25249
 -0.50000  0.50000  0.50000  36   -2.020  -1.315  -6.389 -12.215   0.000   2.491  35.486   0.000   0.000  44.366 1.00  -0.00000     -9.72427
 -0.50000  0.50000  0.50000  37   -2.020  -1.315  -6.389 -12.215   0.000   2.491  35.486   0.000   0.000  44.366 1.00  -0.00000     -9.72426
 -0.50000  0.50000  0.50000  38   -1.432  -0.981  -6.164 -11.022   0.000   2.446  35.838   0.000   0.000  44.448 1.00  -0.00000     -8.57687
 -0.50000  0.50000  0.50000  39    0.000   0.000   0.000 -11.253   0.000   0.000  42.082   0.000   0.000   0.000 1.00   0.00000      0.00000
 -0.50000  0.50000  0.50000  40    0.000   0.000   0.000 -12.590   0.000   0.000  44.592   0.000   0.000   0.000 1.00   0.00000      0.00000

  0.00000  0.00000  1.00000   1  -34.055 -17.187  10.315 -42.337   0.000   1.409 -15.338   0.000   0.000 -24.244 1.00  -0.00000    -40.92718
  0.00000  0.00000  1.00000   2  -34.548 -17.849  10.306 -43.542   0.000   1.450 -15.199   0.000   0.000 -24.055 1.00  -0.00000    -42.09160
  0.00000  0.00000  1.00000   3  -34.745 -17.947  10.388 -43.759   0.000   1.455 -15.192   0.000   0.000 -24.125 1.00  -0.00000    -42.30420
  0.00000  0.00000  1.00000   4  -34.745 -17.947  10.388 -43.759   0.000   1.455 -15.192   0.000   0.000 -24.125 1.00  -0.00000    -42.30420
  0.00000  0.00000  1.00000   5  -34.705 -18.002  10.331 -43.840   0.000   1.465 -15.158   0.000   0.000 -24.024 1.00  -0.00000    -42.37556
  0.00000  0.00000  1.00000   6  -19.158  -4.276   5.945 -17.408   0.000  -0.081 -10.742   0.000   0.000 -16.769 1.00  -0.00000    -17.48915
  0.00000  0.00000  1.00000   7  -15.115  -2.240   3.666 -13.827   0.000   0.139  -7.541   0.000   0.000 -11.068 1.00  -0.00000    -13.68809
  0.00000  0.00000  1.00000   8  -14.024  -2.054   2.902 -13.275   0.000   0.099  -3.222   0.000   0.000  -6.024 1.00  -0.00000    -13.17613
  0.00000  0.00000  1.00000   9  -14.024  -2.054   2.902 -13.275   0.000   0.099  -3.222   0.000   0.000  -6.024 1.00  -0.00000    -13.17614
  0.00000  0.00000  1.00000  10   -4.257  -1.632  -4.283 -10.731   0.000   0.560   0.825   0.000   0.000   5.668 1.00  -0.00000    -10.17106
  0.00000  0.00000  1.00000  11   -4.834  -2.059  -4.296 -11.996   0.000   0.808   1.216   0.000   0.000   6.320 1.00  -0.00000    -11.18803
  0.00000  0.00000  1.00000  12   -4.564  -2.985  -5.813 -14.799   0.000   1.436  10.114   0.000   0.000  17.364 1.00  -0.00000    -13.36262
  0.00000  0.00000  1.00000  13   -4.564  -2.985  -5.813 -14.799   0.000   1.436  10.114   0.000   0.000  17.364 1.00  -0.00000    -13.36260
  0.00000  0.00000  1.00000  14   -4.118  -3.246  -5.746 -14.222   0.000   1.113  10.977   0.000   0.000  17.836 1.00  -0.00000    -13.10905
  0.00000  0.00000  1.00000  15   -3.656  -2.448  -6.087 -13.358   0.000   1.167  13.220   0.000   0.000  20.474 1.00  -0.00000    -12.19058
  0.00000  0.00000  1.00000  16   -4.109  -1.724  -5.205 -12.266   0.000   1.227  13.394   0.000   0.000  19.826 1.00  -0.00000    -11.03875
  0.00000  0.00000  1.00000  17   -4.109  -1.724  -5.205 -12.266   0.000   1.227  13.394   0.000   0.000  19.826 1.00  -0.00000    -11.03875
  0.00000  0.00000  1.00000  18   -3.500  -1.138  -5.390 -11.299   0.000   1.270  13.533   0.000   0.000  20.193 1.00  -0.00000    -10.02859
  0.00000  0.00000  1.00000  19   -3.627  -1.452  -5.741 -12.086   0.000   1.266  15.251   0.000   0.000  22.258 1.00  -0.00000    -10.81986
  0.00000  0.00000  1.00000  20   -2.583  -1.359  -5.701 -11.093   0.000   1.449  19.202   0.000   0.000  26.352 1.00  -0.00000     -9.64360
  0.00000  0.00000  1.00000  21   -1.567  -0.651  -5.630  -8.842   0.000   0.993  19.339   0.000   0.000  25.962 1.00  -0.00000     -7.84841
  0.00000  0.00000  1.00000  22   -1.726  -0.876  -5.750  -9.620   0.000   1.269  19.362   0.000   0.000  26.381 1.00  -0.00000     -8.35123
  0.00000  0.00000  1.00000  23   -2.064  -1.035  -5.890 -10.132   0.000   1.143  19.594   0.000   0.000  26.627 1.00  -0.00000     -8.98933
  0.00000  0.00000  1.00000  24   -2.064  -1.035  -5.890 -10.132   0.000   1.143  19.594   0.000   0.000  26.627 1.00  -0.00000     -8.98933
  0.00000  0.00000  1.00000  25   -1.928  -0.677  -5.852  -9.678   0.000   1.221  20.591   0.000   0.000  27.664 1.00  -0.00000     -8.45742
  0.00000  0.00000  1.00000  26   -1.928  -0.677  -5.852  -9.678   0.000   1.221  20.591   0.000   0.000  27.664 1.00  -0.00000     -8.45743
  0.00000  0.00000  1.00000  27   -2.646  -1.795  -6.277 -12.165   0.000   1.447  21.299   0.000   0.000  29.023 1.00  -0.00000    -10.71793
  0.00000  0.00000  1.00000  28   -2.555  -1.461  -7.615 -13.265   0.000   1.635  28.262   0.000   0.000  37.512 1.00  -0.00000    -11.62989
  0.00000  0.00000  1.00000  29   -2.408  -1.970  -6.530 -13.947   0.000   3.040  31.354   0.000   0.000  40.924 1.00  -0.00000    -10.90745
  0.00000  0.00000  1.00000  30   -2.408  -1.970  -6.530 -13.947   0.000   3.040  31.354   0.000   0.000  40.924 1.00  -0.00000    -10.90745
  0.00000  0.00000  1.00000  31   -3.377  -2.392  -6.501 -15.432   0.000   3.163  31.647   0.000   0.000  41.311 1.00  -0.00000    -12.26919
  0.00000  0.00000  1.00000  32   -1.434  -1.112  -5.729 -10.747   0.000   2.473  33.791   0.000   0.000  41.993 1.00  -0.00000     -8.27419
  0.00000  0.00000  1.00000  33   -1.434  -1.112  -5.729 -10.747   0.000   2.473  33.791   0.000   0.000  41.993 1.00  -0.00000     -8.27418
  0.00000  0.00000  1.00000  34   -1.184  -0.795  -5.991  -9.705   0.000   1.734  34.217   0.000   0.000  41.942 1.00  -0.00000     -7.97057
  0.00000  0.00000  1.00000  35   -1.261  -1.014  -6.692 -10.892   0.000   1.924  35.990   0.000   0.000  44.606 1.00  -0.00000     -8.96785
  0.00000  0.00000  1.00000  36   -1.671  -1.378  -5.686 -10.871   0.000   2.135  36.933   0.000   0.000  44.754 1.00  -0.00000     -8.73551
  0.00000  0.00000  1.00000  37   -1.193  -0.366  -6.460 -11.192   0.000   3.173  39.752   0.000   0.000  49.385 1.00  -0.00000     -8.01877
  0.00000  0.00000  1.00000  38   -1.193  -0.366  -6.460 -11.191   0.000   3.173  39.752   0.000   0.000  49.385 1.00  -0.00000     -8.01877
  0.00000  0.00000  1.00000  39   -2.017  -1.407  -5.826 -11.931   0.000   2.681  40.539   0.000   0.000  49.046 1.00  -0.00000     -9.25028
  0.00000  0.00000  1.00000  40    0.000   0.000   0.000 -11.877   0.000   0.000  41.685   0.000   0.000   0.000 1.00   0.00000      0.00000

