          48
   1   1  0.0000000000000000E+00  0.0000000000000000E+00  0.0000000000000000E+00
  0.1000000000000000E+01  0.0000000000000000E+00  0.0000000000000000E+00
  0.0000000000000000E+00  0.1000000000000000E+01  0.0000000000000000E+00
  0.0000000000000000E+00  0.0000000000000000E+00  0.1000000000000000E+01
   2   2  0.1000000000000000E+01  0.1000000000000000E+01  0.1000000000000000E+01
 -0.1000000000000000E+01 -0.0000000000000000E+00 -0.0000000000000000E+00
 -0.0000000000000000E+00 -0.1000000000000000E+01 -0.0000000000000000E+00
 -0.0000000000000000E+00 -0.0000000000000000E+00 -0.1000000000000000E+01
   3   5  0.0000000000000000E+00  0.0000000000000000E+00  0.0000000000000000E+00
  0.2220446049250313E-15 -0.1110223024625157E-15  0.1000000000000000E+01
  0.1000000000000000E+01  0.2220446049250313E-15 -0.1110223024625157E-15
 -0.1110223024625157E-15  0.1000000000000000E+01  0.2220446049250313E-15
   4   6  0.1000000000000000E+01  0.1000000000000000E+01  0.1000000000000000E+01
 -0.2220446049250313E-15  0.1110223024625157E-15 -0.1000000000000000E+01
 -0.1000000000000000E+01 -0.2220446049250313E-15  0.1110223024625157E-15
  0.1110223024625157E-15 -0.1000000000000000E+01 -0.2220446049250313E-15
   5   3  0.0000000000000000E+00  0.0000000000000000E+00  0.0000000000000000E+00
  0.2220446049250313E-15  0.1000000000000000E+01 -0.1110223024625157E-15
 -0.1110223024625157E-15  0.2220446049250313E-15  0.1000000000000000E+01
  0.1000000000000000E+01 -0.1110223024625157E-15  0.2220446049250313E-15
   6   4  0.1000000000000000E+01  0.1000000000000000E+01  0.1000000000000000E+01
 -0.2220446049250313E-15 -0.1000000000000000E+01  0.1110223024625157E-15
  0.1110223024625157E-15 -0.2220446049250313E-15 -0.1000000000000000E+01
 -0.1000000000000000E+01  0.1110223024625157E-15 -0.2220446049250313E-15
   7   7  0.1000000000000000E+01 -0.2220446049250313E-15 -0.2220446049250313E-15
 -0.1000000000000000E+01 -0.8659274570719355E-16  0.8659274570719355E-16
  0.8659274570719355E-16  0.2220446049250313E-15  0.1000000000000000E+01
 -0.8659274570719355E-16  0.1000000000000000E+01  0.2220446049250313E-15
   8   8  0.5551115123125783E-16  0.1000000000000000E+01  0.1000000000000000E+01
  0.1000000000000000E+01  0.8659274570719355E-16 -0.8659274570719355E-16
 -0.8659274570719355E-16 -0.2220446049250313E-15 -0.1000000000000000E+01
  0.8659274570719355E-16 -0.1000000000000000E+01 -0.2220446049250313E-15
   9  11  0.9999999999999998E+00 -0.2220446049250313E-15  0.9999999999999999E+00
  0.2220446049250313E-15 -0.1000000000000000E+01  0.1110223024625157E-15
  0.1110223024625157E-15  0.2220446049250313E-15  0.1000000000000000E+01
 -0.1000000000000000E+01 -0.1110223024625157E-15  0.2220446049250313E-15
  10  12  0.1665334536937735E-15  0.1000000000000000E+01  0.1110223024625157E-15
 -0.2220446049250313E-15  0.1000000000000000E+01 -0.1110223024625157E-15
 -0.1110223024625157E-15 -0.2220446049250313E-15 -0.1000000000000000E+01
  0.1000000000000000E+01  0.1110223024625157E-15 -0.2220446049250313E-15
  11   9  0.9999999999999998E+00  0.1000000000000000E+01 -0.1110223024625157E-15
  0.2220446049250313E-15  0.1110223024625157E-15 -0.1000000000000000E+01
 -0.1000000000000000E+01  0.2220446049250313E-15 -0.1110223024625157E-15
  0.1110223024625157E-15  0.1000000000000000E+01  0.2220446049250313E-15
  12  10  0.1665334536937735E-15  0.5551115123125783E-16  0.1000000000000000E+01
 -0.2220446049250313E-15 -0.1110223024625157E-15  0.1000000000000000E+01
  0.1000000000000000E+01 -0.2220446049250313E-15  0.1110223024625157E-15
 -0.1110223024625157E-15 -0.1000000000000000E+01 -0.2220446049250313E-15
  13  13 -0.2220446049250313E-15  0.1000000000000000E+01 -0.2220446049250313E-15
  0.2220446049250313E-15 -0.8659274570719355E-16  0.1000000000000000E+01
  0.8659274570719355E-16 -0.1000000000000000E+01 -0.8659274570719355E-16
  0.1000000000000000E+01  0.8659274570719355E-16  0.2220446049250313E-15
  14  14  0.1000000000000000E+01  0.0000000000000000E+00  0.1000000000000000E+01
 -0.2220446049250313E-15  0.8659274570719355E-16 -0.1000000000000000E+01
 -0.8659274570719355E-16  0.1000000000000000E+01  0.8659274570719355E-16
 -0.1000000000000000E+01 -0.8659274570719355E-16 -0.2220446049250313E-15
  15  15  0.1000000000000000E+01  0.1000000000000000E+01  0.0000000000000000E+00
 -0.1000000000000000E+01 -0.1224606353822377E-15  0.0000000000000000E+00
  0.1224606353822377E-15 -0.1000000000000000E+01  0.0000000000000000E+00
  0.0000000000000000E+00  0.0000000000000000E+00  0.1000000000000000E+01
  16  16 -0.1110223024625157E-15  0.5551115123125783E-16  0.1000000000000000E+01
  0.1000000000000000E+01  0.1224606353822377E-15 -0.0000000000000000E+00
 -0.1224606353822377E-15  0.1000000000000000E+01 -0.0000000000000000E+00
 -0.0000000000000000E+00 -0.0000000000000000E+00 -0.1000000000000000E+01
  17  19  0.1000000000000000E+01  0.0000000000000000E+00  0.0000000000000000E+00
  0.6123031769111886E-16 -0.1000000000000000E+01  0.0000000000000000E+00
  0.1000000000000000E+01  0.6123031769111886E-16  0.0000000000000000E+00
  0.0000000000000000E+00  0.0000000000000000E+00  0.1000000000000000E+01
  18  20  0.5551115123125783E-16  0.1000000000000000E+01  0.1000000000000000E+01
 -0.6123031769111886E-16  0.1000000000000000E+01 -0.0000000000000000E+00
 -0.1000000000000000E+01 -0.6123031769111886E-16 -0.0000000000000000E+00
 -0.0000000000000000E+00 -0.0000000000000000E+00 -0.1000000000000000E+01
  19  17  0.0000000000000000E+00  0.1000000000000000E+01  0.0000000000000000E+00
  0.6123031769111886E-16  0.1000000000000000E+01  0.0000000000000000E+00
 -0.1000000000000000E+01  0.6123031769111886E-16  0.0000000000000000E+00
  0.0000000000000000E+00  0.0000000000000000E+00  0.1000000000000000E+01
  20  18  0.1000000000000000E+01  0.5551115123125783E-16  0.1000000000000000E+01
 -0.6123031769111886E-16 -0.1000000000000000E+01 -0.0000000000000000E+00
  0.1000000000000000E+01 -0.6123031769111886E-16 -0.0000000000000000E+00
 -0.0000000000000000E+00 -0.0000000000000000E+00 -0.1000000000000000E+01
  21  21  0.1000000000000000E+01  0.9999999999999999E+00  0.1000000000000000E+01
  0.2220446049250313E-15 -0.8659274570719355E-16 -0.1000000000000000E+01
  0.8659274570719355E-16 -0.1000000000000000E+01  0.8659274570719355E-16
 -0.1000000000000000E+01 -0.8659274570719355E-16  0.2220446049250313E-15
  22  22  0.0000000000000000E+00  0.1110223024625157E-15  0.0000000000000000E+00
 -0.2220446049250313E-15  0.8659274570719355E-16  0.1000000000000000E+01
 -0.8659274570719355E-16  0.1000000000000000E+01 -0.8659274570719355E-16
  0.1000000000000000E+01  0.8659274570719355E-16 -0.2220446049250313E-15
  23  25  0.1000000000000000E+01  0.9999999999999998E+00 -0.1110223024625157E-15
  0.2220446049250313E-15 -0.1000000000000000E+01 -0.1110223024625157E-15
  0.1110223024625157E-15  0.2220446049250313E-15 -0.1000000000000000E+01
  0.1000000000000000E+01  0.1110223024625157E-15  0.2220446049250313E-15
  24  26  0.5551115123125783E-16  0.1665334536937735E-15  0.1000000000000000E+01
 -0.2220446049250313E-15  0.1000000000000000E+01  0.1110223024625157E-15
 -0.1110223024625157E-15 -0.2220446049250313E-15  0.1000000000000000E+01
 -0.1000000000000000E+01 -0.1110223024625157E-15 -0.2220446049250313E-15
  25  23 -0.2220446049250313E-15  0.9999999999999998E+00  0.9999999999999999E+00
  0.2220446049250313E-15  0.1110223024625157E-15  0.1000000000000000E+01
 -0.1000000000000000E+01  0.2220446049250313E-15  0.1110223024625157E-15
 -0.1110223024625157E-15 -0.1000000000000000E+01  0.2220446049250313E-15
  26  24  0.1000000000000000E+01  0.1665334536937735E-15  0.1110223024625157E-15
 -0.2220446049250313E-15 -0.1110223024625157E-15 -0.1000000000000000E+01
  0.1000000000000000E+01 -0.2220446049250313E-15 -0.1110223024625157E-15
  0.1110223024625157E-15  0.1000000000000000E+01 -0.2220446049250313E-15
  27  27  0.1000000000000000E+01  0.1000000000000000E+01  0.1000000000000000E+01
 -0.1000000000000000E+01 -0.8659274570719355E-16 -0.8659274570719355E-16
  0.8659274570719355E-16  0.2220446049250313E-15 -0.1000000000000000E+01
  0.8659274570719355E-16 -0.1000000000000000E+01  0.2220446049250313E-15
  28  28  0.0000000000000000E+00  0.5551115123125783E-16  0.0000000000000000E+00
  0.1000000000000000E+01  0.8659274570719355E-16  0.8659274570719355E-16
 -0.8659274570719355E-16 -0.2220446049250313E-15  0.1000000000000000E+01
 -0.8659274570719355E-16  0.1000000000000000E+01 -0.2220446049250313E-15
  29  31  0.1000000000000000E+01 -0.2220446049250313E-15  0.9999999999999998E+00
  0.2220446049250313E-15 -0.1110223024625157E-15 -0.1000000000000000E+01
  0.1000000000000000E+01  0.2220446049250313E-15  0.1110223024625157E-15
  0.1110223024625157E-15 -0.1000000000000000E+01  0.2220446049250313E-15
  30  32  0.5551115123125783E-16  0.1000000000000000E+01  0.1665334536937735E-15
 -0.2220446049250313E-15  0.1110223024625157E-15  0.1000000000000000E+01
 -0.1000000000000000E+01 -0.2220446049250313E-15 -0.1110223024625157E-15
 -0.1110223024625157E-15  0.1000000000000000E+01 -0.2220446049250313E-15
  31  29 -0.2220446049250313E-15  0.1000000000000000E+01  0.9999999999999998E+00
  0.2220446049250313E-15  0.1000000000000000E+01  0.1110223024625157E-15
 -0.1110223024625157E-15  0.2220446049250313E-15 -0.1000000000000000E+01
 -0.1000000000000000E+01  0.1110223024625157E-15  0.2220446049250313E-15
  32  30  0.1000000000000000E+01  0.5551115123125783E-16  0.1665334536937735E-15
 -0.2220446049250313E-15 -0.1000000000000000E+01 -0.1110223024625157E-15
  0.1110223024625157E-15 -0.2220446049250313E-15  0.1000000000000000E+01
  0.1000000000000000E+01 -0.1110223024625157E-15 -0.2220446049250313E-15
  33  33 -0.2220446049250313E-15 -0.2220446049250313E-15  0.1000000000000000E+01
  0.2220446049250313E-15  0.1000000000000000E+01  0.8659274570719355E-16
  0.1000000000000000E+01  0.2220446049250313E-15 -0.8659274570719355E-16
 -0.8659274570719355E-16  0.8659274570719355E-16 -0.1000000000000000E+01
  34  34  0.1000000000000000E+01  0.1000000000000000E+01  0.0000000000000000E+00
 -0.2220446049250313E-15 -0.1000000000000000E+01 -0.8659274570719355E-16
 -0.1000000000000000E+01 -0.2220446049250313E-15  0.8659274570719355E-16
  0.8659274570719355E-16 -0.8659274570719355E-16  0.1000000000000000E+01
  35  35  0.1000000000000000E+01  0.0000000000000000E+00  0.1000000000000000E+01
 -0.1000000000000000E+01  0.0000000000000000E+00  0.1224606353822377E-15
  0.0000000000000000E+00  0.1000000000000000E+01  0.0000000000000000E+00
 -0.1224606353822377E-15  0.0000000000000000E+00 -0.1000000000000000E+01
  36  36  0.5551115123125783E-16  0.1000000000000000E+01 -0.1110223024625157E-15
  0.1000000000000000E+01 -0.0000000000000000E+00 -0.1224606353822377E-15
 -0.0000000000000000E+00 -0.1000000000000000E+01 -0.0000000000000000E+00
  0.1224606353822377E-15 -0.0000000000000000E+00  0.1000000000000000E+01
  37  39  0.0000000000000000E+00  0.0000000000000000E+00  0.1000000000000000E+01
  0.6123031769111886E-16  0.0000000000000000E+00  0.1000000000000000E+01
  0.0000000000000000E+00  0.1000000000000000E+01  0.0000000000000000E+00
 -0.1000000000000000E+01  0.0000000000000000E+00  0.6123031769111886E-16
  38  40  0.1000000000000000E+01  0.1000000000000000E+01  0.5551115123125783E-16
 -0.6123031769111886E-16 -0.0000000000000000E+00 -0.1000000000000000E+01
 -0.0000000000000000E+00 -0.1000000000000000E+01 -0.0000000000000000E+00
  0.1000000000000000E+01 -0.0000000000000000E+00 -0.6123031769111886E-16
  39  37  0.1000000000000000E+01  0.0000000000000000E+00  0.0000000000000000E+00
  0.6123031769111886E-16  0.0000000000000000E+00 -0.1000000000000000E+01
  0.0000000000000000E+00  0.1000000000000000E+01  0.0000000000000000E+00
  0.1000000000000000E+01  0.0000000000000000E+00  0.6123031769111886E-16
  40  38  0.5551115123125783E-16  0.1000000000000000E+01  0.1000000000000000E+01
 -0.6123031769111886E-16 -0.0000000000000000E+00  0.1000000000000000E+01
 -0.0000000000000000E+00 -0.1000000000000000E+01 -0.0000000000000000E+00
 -0.1000000000000000E+01 -0.0000000000000000E+00 -0.6123031769111886E-16
  41  41  0.1000000000000000E+01  0.1000000000000000E+01  0.1000000000000000E+01
  0.2220446049250313E-15 -0.1000000000000000E+01  0.8659274570719355E-16
 -0.1000000000000000E+01  0.2220446049250313E-15  0.8659274570719355E-16
 -0.8659274570719355E-16 -0.8659274570719355E-16 -0.1000000000000000E+01
  42  42  0.5551115123125783E-16  0.5551115123125783E-16 -0.1110223024625157E-15
 -0.2220446049250313E-15  0.1000000000000000E+01 -0.8659274570719355E-16
  0.1000000000000000E+01 -0.2220446049250313E-15 -0.8659274570719355E-16
  0.8659274570719355E-16  0.8659274570719355E-16  0.1000000000000000E+01
  43  43  0.0000000000000000E+00  0.1000000000000000E+01  0.1000000000000000E+01
  0.1000000000000000E+01  0.0000000000000000E+00  0.0000000000000000E+00
  0.0000000000000000E+00 -0.1000000000000000E+01 -0.1224606353822377E-15
  0.0000000000000000E+00  0.1224606353822377E-15 -0.1000000000000000E+01
  44  44  0.1000000000000000E+01 -0.1110223024625157E-15  0.5551115123125783E-16
 -0.1000000000000000E+01 -0.0000000000000000E+00 -0.0000000000000000E+00
 -0.0000000000000000E+00  0.1000000000000000E+01  0.1224606353822377E-15
 -0.0000000000000000E+00 -0.1224606353822377E-15  0.1000000000000000E+01
  45  47  0.0000000000000000E+00  0.1000000000000000E+01  0.0000000000000000E+00
  0.1000000000000000E+01  0.0000000000000000E+00  0.0000000000000000E+00
  0.0000000000000000E+00  0.6123031769111886E-16 -0.1000000000000000E+01
  0.0000000000000000E+00  0.1000000000000000E+01  0.6123031769111886E-16
  46  48  0.1000000000000000E+01  0.5551115123125783E-16  0.1000000000000000E+01
 -0.1000000000000000E+01 -0.0000000000000000E+00 -0.0000000000000000E+00
 -0.0000000000000000E+00 -0.6123031769111886E-16  0.1000000000000000E+01
 -0.0000000000000000E+00 -0.1000000000000000E+01 -0.6123031769111886E-16
  47  45  0.0000000000000000E+00  0.0000000000000000E+00  0.1000000000000000E+01
  0.1000000000000000E+01  0.0000000000000000E+00  0.0000000000000000E+00
  0.0000000000000000E+00  0.6123031769111886E-16  0.1000000000000000E+01
  0.0000000000000000E+00 -0.1000000000000000E+01  0.6123031769111886E-16
  48  46  0.1000000000000000E+01  0.1000000000000000E+01  0.5551115123125783E-16
 -0.1000000000000000E+01 -0.0000000000000000E+00 -0.0000000000000000E+00
 -0.0000000000000000E+00 -0.6123031769111886E-16 -0.1000000000000000E+01
 -0.0000000000000000E+00  0.1000000000000000E+01 -0.6123031769111886E-16
