        0.00000        0.29222   2   1
        0.00000        0.31313   2   2
        0.00000        0.31313   2   3
        0.00000        0.31494   2   4
        0.00000        0.32882   2   5
        0.00000        0.32882   2   6
        0.00000        0.33806   2   7
        0.01163        0.29295   2   1
        0.01163        0.31316   2   2
        0.01163        0.31324   2   3
        0.01163        0.31535   2   4
        0.01163        0.32878   2   5
        0.01163        0.32888   2   6
        0.01163        0.33755   2   7
        0.02327        0.29510   2   1
        0.02327        0.31324   2   2
        0.02327        0.31357   2   3
        0.02327        0.31650   2   4
        0.02327        0.32867   2   5
        0.02327        0.32906   2   6
        0.02327        0.33606   2   7
        0.03490        0.29841   2   1
        0.03490        0.31331   2   2
        0.03490        0.31409   2   3
        0.03490        0.31823   2   4
        0.03490        0.32854   2   5
        0.03490        0.32935   2   6
        0.03490        0.33372   2   7
        0.04653        0.30251   2   1
        0.04653        0.31329   2   2
        0.04653        0.31473   2   3
        0.04653        0.32023   2   4
        0.04653        0.32849   2   5
        0.04653        0.32973   2   6
        0.04653        0.33074   2   7
        0.05817        0.30680   2   1
        0.05817        0.31323   2   2
        0.05817        0.31542   2   3
        0.05817        0.32206   2   4
        0.05817        0.32740   2   5
        0.05817        0.32873   2   6
        0.05817        0.33015   2   7
        0.06980        0.31012   2   1
        0.06980        0.31375   2   2
        0.06980        0.31607   2   3
        0.06980        0.32325   2   4
        0.06980        0.32404   2   5
        0.06980        0.32951   2   6
        0.06980        0.33058   2   7
        0.08143        0.31087   2   1
        0.08143        0.31609   2   2
        0.08143        0.31654   2   3
        0.08143        0.32108   2   4
        0.08143        0.32371   2   5
        0.08143        0.33075   2   6
        0.08143        0.33098   2   7
        0.09306        0.31056   2   1
        0.09306        0.31644   2   2
        0.09306        0.31855   2   3
        0.09306        0.31916   2   4
        0.09306        0.32376   2   5
        0.09306        0.33129   2   6
        0.09306        0.33198   2   7
        0.10470        0.31022   2   1
        0.10470        0.31566   2   2
        0.10470        0.31862   2   3
        0.10470        0.32013   2   4
        0.10470        0.32370   2   5
        0.10470        0.33150   2   6
        0.10470        0.33283   2   7
        0.11633        0.31008   2   1
        0.11633        0.31525   2   2
        0.11633        0.31857   2   3
        0.11633        0.32066   2   4
        0.11633        0.32367   2   5
        0.11633        0.33157   2   6
        0.11633        0.33314   2   7
        0.11633        0.31008   2   1
        0.11633        0.31525   2   2
        0.11633        0.31857   2   3
        0.11633        0.32066   2   4
        0.11633        0.32367   2   5
        0.11633        0.33157   2   6
        0.11633        0.33314   2   7
        0.12976        0.31025   2   1
        0.12976        0.31510   2   2
        0.12976        0.31819   2   3
        0.12976        0.32074   2   4
        0.12976        0.32399   2   5
        0.12976        0.33140   2   6
        0.12976        0.33307   2   7
        0.14320        0.31073   2   1
        0.14320        0.31470   2   2
        0.14320        0.31717   2   3
        0.14320        0.32096   2   4
        0.14320        0.32489   2   5
        0.14320        0.33092   2   6
        0.14320        0.33288   2   7
        0.15663        0.31146   2   1
        0.15663        0.31415   2   2
        0.15663        0.31580   2   3
        0.15663        0.32126   2   4
        0.15663        0.32619   2   5
        0.15663        0.33021   2   6
        0.15663        0.33260   2   7
        0.17006        0.31236   2   1
        0.17006        0.31362   2   2
        0.17006        0.31442   2   3
        0.17006        0.32156   2   4
        0.17006        0.32759   2   5
        0.17006        0.32941   2   6
        0.17006        0.33230   2   7
        0.18349        0.31329   2   1
        0.18349        0.31329   2   2
        0.18349        0.31340   2   3
        0.18349        0.32170   2   4
        0.18349        0.32865   2   5
        0.18349        0.32865   2   6
        0.18349        0.33215   2   7
        0.18349        0.31329   2   1
        0.18349        0.31329   2   2
        0.18349        0.31340   2   3
        0.18349        0.32170   2   4
        0.18349        0.32865   2   5
        0.18349        0.32865   2   6
        0.18349        0.33215   2   7
        0.19469        0.31266   2   1
        0.19469        0.31369   2   2
        0.19469        0.31397   2   3
        0.19469        0.32156   2   4
        0.19469        0.32812   2   5
        0.19469        0.32892   2   6
        0.19469        0.33227   2   7
        0.20588        0.31232   2   1
        0.20588        0.31445   2   2
        0.20588        0.31460   2   3
        0.20588        0.32103   2   4
        0.20588        0.32775   2   5
        0.20588        0.32863   2   6
        0.20588        0.33249   2   7
        0.21708        0.31226   2   1
        0.21708        0.31461   2   2
        0.21708        0.31621   2   3
        0.21708        0.32002   2   4
        0.21708        0.32755   2   5
        0.21708        0.32794   2   6
        0.21708        0.33252   2   7
        0.22827        0.31240   2   1
        0.22827        0.31421   2   2
        0.22827        0.31852   2   3
        0.22827        0.31856   2   4
        0.22827        0.32694   2   5
        0.22827        0.32751   2   6
        0.22827        0.33225   2   7
        0.23946        0.31268   2   1
        0.23946        0.31273   2   2
        0.23946        0.31710   2   3
        0.23946        0.32139   2   4
        0.23946        0.32563   2   5
        0.23946        0.32761   2   6
        0.23946        0.33172   2   7
        0.25066        0.30982   2   1
        0.25066        0.31297   2   2
        0.25066        0.31607   2   3
        0.25066        0.32399   2   4
        0.25066        0.32463   2   5
        0.25066        0.32780   2   6
        0.25066        0.33105   2   7
        0.26185        0.30596   2   1
        0.26185        0.31320   2   2
        0.26185        0.31529   2   3
        0.26185        0.32206   2   4
        0.26185        0.32800   2   5
        0.26185        0.32803   2   6
        0.26185        0.33038   2   7
        0.27305        0.30183   2   1
        0.27305        0.31331   2   2
        0.27305        0.31461   2   3
        0.27305        0.32000   2   4
        0.27305        0.32827   2   5
        0.27305        0.32981   2   6
        0.27305        0.33121   2   7
        0.28424        0.29798   2   1
        0.28424        0.31331   2   2
        0.28424        0.31401   2   3
        0.28424        0.31803   2   4
        0.28424        0.32849   2   5
        0.28424        0.32936   2   6
        0.28424        0.33402   2   7
        0.29543        0.29489   2   1
        0.29543        0.31324   2   2
        0.29543        0.31354   2   3
        0.29543        0.31639   2   4
        0.29543        0.32867   2   5
        0.29543        0.32906   2   6
        0.29543        0.33621   2   7
        0.30663        0.29290   2   1
        0.30663        0.31316   2   2
        0.30663        0.31323   2   3
        0.30663        0.31532   2   4
        0.30663        0.32878   2   5
        0.30663        0.32888   2   6
        0.30663        0.33759   2   7
        0.31782        0.29222   2   1
        0.31782        0.31313   2   2
        0.31782        0.31313   2   3
        0.31782        0.31494   2   4
        0.31782        0.32882   2   5
        0.31782        0.32882   2   6
        0.31782        0.33806   2   7
        0.31782        0.29222   2   1
        0.31782        0.31313   2   2
        0.31782        0.31313   2   3
        0.31782        0.31494   2   4
        0.31782        0.32882   2   5
        0.31782        0.32882   2   6
        0.31782        0.33806   2   7
        0.32926        0.29249   2   1
        0.32926        0.31355   2   2
        0.32926        0.31355   2   3
        0.32926        0.31478   2   4
        0.32926        0.32852   2   5
        0.32926        0.32852   2   6
        0.32926        0.33803   2   7
        0.34070        0.29330   2   1
        0.34070        0.31434   2   2
        0.34070        0.31480   2   3
        0.34070        0.31480   2   4
        0.34070        0.32765   2   5
        0.34070        0.32765   2   6
        0.34070        0.33793   2   7
        0.35214        0.29460   2   1
        0.35214        0.31375   2   2
        0.35214        0.31676   2   3
        0.35214        0.31676   2   4
        0.35214        0.32626   2   5
        0.35214        0.32626   2   6
        0.35214        0.33779   2   7
        0.36359        0.29630   2   1
        0.36359        0.31320   2   2
        0.36359        0.31929   2   3
        0.36359        0.31929   2   4
        0.36359        0.32446   2   5
        0.36359        0.32446   2   6
        0.36359        0.33759   2   7
        0.37503        0.29828   2   1
        0.37503        0.31292   2   2
        0.37503        0.32219   2   3
        0.37503        0.32219   2   4
        0.37503        0.32240   2   5
        0.37503        0.32240   2   6
        0.37503        0.33737   2   7
        0.38647        0.30038   2   1
        0.38647        0.31309   2   2
        0.38647        0.32022   2   3
        0.38647        0.32022   2   4
        0.38647        0.32523   2   5
        0.38647        0.32523   2   6
        0.38647        0.33714   2   7
        0.39791        0.30242   2   1
        0.39791        0.31377   2   2
        0.39791        0.31811   2   3
        0.39791        0.31811   2   4
        0.39791        0.32816   2   5
        0.39791        0.32816   2   6
        0.39791        0.33692   2   7
        0.40935        0.30422   2   1
        0.40935        0.31484   2   2
        0.40935        0.31625   2   3
        0.40935        0.31625   2   4
        0.40935        0.33075   2   5
        0.40935        0.33075   2   6
        0.40935        0.33673   2   7
        0.42079        0.30562   2   1
        0.42079        0.31478   2   2
        0.42079        0.31478   2   3
        0.42079        0.31600   2   4
        0.42079        0.33276   2   5
        0.42079        0.33276   2   6
        0.42079        0.33657   2   7
        0.43223        0.30651   2   1
        0.43223        0.31384   2   2
        0.43223        0.31384   2   3
        0.43223        0.31690   2   4
        0.43223        0.33404   2   5
        0.43223        0.33404   2   6
        0.43223        0.33648   2   7
        0.44367        0.30681   2   1
        0.44367        0.31352   2   2
        0.44367        0.31352   2   3
        0.44367        0.31724   2   4
        0.44367        0.33448   2   5
        0.44367        0.33448   2   6
        0.44367        0.33644   2   7
        0.44367        0.30681   2   1
        0.44367        0.31352   2   2
        0.44367        0.31352   2   3
        0.44367        0.31724   2   4
        0.44367        0.33448   2   5
        0.44367        0.33448   2   6
        0.44367        0.33644   2   7
        0.45530        0.30731   2   1
        0.45530        0.31326   2   2
        0.45530        0.31383   2   3
        0.45530        0.31745   2   4
        0.45530        0.33432   2   5
        0.45530        0.33444   2   6
        0.45530        0.33595   2   7
        0.46694        0.30870   2   1
        0.46694        0.31246   2   2
        0.46694        0.31471   2   3
        0.46694        0.31811   2   4
        0.46694        0.33387   2   5
        0.46694        0.33387   2   6
        0.46694        0.33494   2   7
        0.47857        0.31077   2   1
        0.47857        0.31115   2   2
        0.47857        0.31611   2   3
        0.47857        0.31921   2   4
        0.47857        0.33156   2   5
        0.47857        0.33315   2   6
        0.47857        0.33476   2   7
        0.49020        0.30947   2   1
        0.49020        0.31318   2   2
        0.49020        0.31788   2   3
        0.49020        0.32064   2   4
        0.49020        0.32830   2   5
        0.49020        0.33223   2   6
        0.49020        0.33478   2   7
        0.50184        0.30762   2   1
        0.50184        0.31559   2   2
        0.50184        0.31986   2   3
        0.50184        0.32228   2   4
        0.50184        0.32452   2   5
        0.50184        0.33120   2   6
        0.50184        0.33482   2   7
        0.51347        0.30579   2   1
        0.51347        0.31772   2   2
        0.51347        0.32057   2   3
        0.51347        0.32186   2   4
        0.51347        0.32396   2   5
        0.51347        0.33020   2   6
        0.51347        0.33487   2   7
        0.52510        0.30417   2   1
        0.52510        0.31686   2   2
        0.52510        0.31940   2   3
        0.52510        0.32368   2   4
        0.52510        0.32550   2   5
        0.52510        0.32935   2   6
        0.52510        0.33491   2   7
        0.53674        0.30289   2   1
        0.53674        0.31381   2   2
        0.53674        0.32055   2   3
        0.53674        0.32514   2   4
        0.53674        0.32675   2   5
        0.53674        0.32873   2   6
        0.53674        0.33495   2   7
        0.54837        0.30208   2   1
        0.54837        0.31180   2   2
        0.54837        0.32120   2   3
        0.54837        0.32608   2   4
        0.54837        0.32756   2   5
        0.54837        0.32836   2   6
        0.54837        0.33497   2   7
        0.56000        0.30180   2   1
        0.56000        0.31110   2   2
        0.56000        0.32141   2   3
        0.56000        0.32640   2   4
        0.56000        0.32784   2   5
        0.56000        0.32824   2   6
        0.56000        0.33498   2   7
        0.56000        0.30180   2   1
        0.56000        0.31110   2   2
        0.56000        0.32141   2   3
        0.56000        0.32640   2   4
        0.56000        0.32784   2   5
        0.56000        0.32824   2   6
        0.56000        0.33498   2   7
        0.57344        0.30262   2   1
        0.57344        0.31119   2   2
        0.57344        0.32151   2   3
        0.57344        0.32586   2   4
        0.57344        0.32776   2   5
        0.57344        0.32828   2   6
        0.57344        0.33461   2   7
        0.58687        0.30494   2   1
        0.58687        0.31141   2   2
        0.58687        0.32177   2   3
        0.58687        0.32429   2   4
        0.58687        0.32754   2   5
        0.58687        0.32840   2   6
        0.58687        0.33361   2   7
        0.60030        0.30835   2   1
        0.60030        0.31163   2   2
        0.60030        0.32189   2   3
        0.60030        0.32212   2   4
        0.60030        0.32722   2   5
        0.60030        0.32865   2   6
        0.60030        0.33221   2   7
        0.61373        0.31173   2   1
        0.61373        0.31224   2   2
        0.61373        0.31893   2   3
        0.61373        0.32242   2   4
        0.61373        0.32690   2   5
        0.61373        0.32909   2   6
        0.61373        0.33080   2   7
        0.62717        0.31172   2   1
        0.62717        0.31579   2   2
        0.62717        0.31579   2   3
        0.62717        0.32254   2   4
        0.62717        0.32674   2   5
        0.62717        0.32975   2   6
        0.62717        0.32975   2   7
        0.62717        0.31172   2   1
        0.62717        0.31579   2   2
        0.62717        0.31579   2   3
        0.62717        0.32254   2   4
        0.62717        0.32674   2   5
        0.62717        0.32975   2   6
        0.62717        0.32975   2   7
        0.63836        0.31181   2   1
        0.63836        0.31332   2   2
        0.63836        0.31790   2   3
        0.63836        0.32244   2   4
        0.63836        0.32689   2   5
        0.63836        0.32933   2   6
        0.63836        0.33045   2   7
        0.64955        0.31121   2   1
        0.64955        0.31229   2   2
        0.64955        0.31897   2   3
        0.64955        0.32209   2   4
        0.64955        0.32728   2   5
        0.64955        0.32932   2   6
        0.64955        0.33120   2   7
        0.66075        0.30963   2   1
        0.66075        0.31342   2   2
        0.66075        0.31919   2   3
        0.66075        0.32145   2   4
        0.66075        0.32755   2   5
        0.66075        0.32964   2   6
        0.66075        0.33192   2   7
        0.67194        0.30868   2   1
        0.67194        0.31537   2   2
        0.67194        0.31890   2   3
        0.67194        0.32047   2   4
        0.67194        0.32733   2   5
        0.67194        0.33020   2   6
        0.67194        0.33257   2   7
        0.68314        0.30838   2   1
        0.68314        0.31813   2   2
        0.68314        0.31835   2   3
        0.68314        0.31909   2   4
        0.68314        0.32644   2   5
        0.68314        0.33090   2   6
        0.68314        0.33310   2   7
        0.69433        0.30868   2   1
        0.69433        0.31730   2   2
        0.69433        0.31769   2   3
        0.69433        0.32149   2   4
        0.69433        0.32494   2   5
        0.69433        0.33168   2   6
        0.69433        0.33353   2   7
        0.70552        0.30945   2   1
        0.70552        0.31516   2   2
        0.70552        0.31697   2   3
        0.70552        0.32303   2   4
        0.70552        0.32513   2   5
        0.70552        0.33248   2   6
        0.70552        0.33385   2   7
        0.71672        0.31051   2   1
        0.71672        0.31281   2   2
        0.71672        0.31622   2   3
        0.71672        0.32103   2   4
        0.71672        0.32864   2   5
        0.71672        0.33325   2   6
        0.71672        0.33409   2   7
        0.72791        0.31051   2   1
        0.72791        0.31164   2   2
        0.72791        0.31539   2   3
        0.72791        0.31928   2   4
        0.72791        0.33166   2   5
        0.72791        0.33396   2   6
        0.72791        0.33426   2   7
        0.73911        0.30857   2   1
        0.73911        0.31262   2   2
        0.73911        0.31451   2   3
        0.73911        0.31808   2   4
        0.73911        0.33365   2   5
        0.73911        0.33439   2   6
        0.73911        0.33485   2   7
        0.75030        0.30727   2   1
        0.75030        0.31329   2   2
        0.75030        0.31380   2   3
        0.75030        0.31743   2   4
        0.75030        0.33433   2   5
        0.75030        0.33446   2   6
        0.75030        0.33598   2   7
        0.76149        0.30681   2   1
        0.76149        0.31352   2   2
        0.76149        0.31352   2   3
        0.76149        0.31724   2   4
        0.76149        0.33448   2   5
        0.76149        0.33448   2   6
        0.76149        0.33644   2   7
        0.76149        0.30180   2   1
        0.76149        0.31110   2   2
        0.76149        0.32141   2   3
        0.76149        0.32640   2   4
        0.76149        0.32784   2   5
        0.76149        0.32824   2   6
        0.76149        0.33498   2   7
        0.77293        0.30215   2   1
        0.77293        0.31121   2   2
        0.77293        0.32135   2   3
        0.77293        0.32648   2   4
        0.77293        0.32775   2   5
        0.77293        0.32791   2   6
        0.77293        0.33459   2   7
        0.78438        0.30318   2   1
        0.78438        0.31153   2   2
        0.78438        0.32117   2   3
        0.78438        0.32673   2   4
        0.78438        0.32693   2   5
        0.78438        0.32754   2   6
        0.78438        0.33347   2   7
        0.79582        0.30484   2   1
        0.79582        0.31203   2   2
        0.79582        0.32082   2   3
        0.79582        0.32547   2   4
        0.79582        0.32715   2   5
        0.79582        0.32740   2   6
        0.79582        0.33171   2   7
        0.80726        0.30707   2   1
        0.80726        0.31269   2   2
        0.80726        0.32012   2   3
        0.80726        0.32383   2   4
        0.80726        0.32752   2   5
        0.80726        0.32770   2   6
        0.80726        0.32947   2   7
        0.81870        0.30978   2   1
        0.81870        0.31345   2   2
        0.81870        0.31877   2   3
        0.81870        0.32253   2   4
        0.81870        0.32696   2   5
        0.81870        0.32802   2   6
        0.81870        0.32837   2   7
        0.83014        0.31282   2   1
        0.83014        0.31424   2   2
        0.83014        0.31680   2   3
        0.83014        0.32177   2   4
        0.83014        0.32441   2   5
        0.83014        0.32889   2   6
        0.83014        0.32911   2   7
        0.84158        0.31469   2   1
        0.84158        0.31497   2   2
        0.84158        0.31598   2   3
        0.84158        0.32132   2   4
        0.84158        0.32206   2   5
        0.84158        0.32986   2   6
        0.84158        0.33000   2   7
        0.85302        0.31279   2   1
        0.85302        0.31549   2   2
        0.85302        0.31896   2   3
        0.85302        0.32018   2   4
        0.85302        0.32103   2   5
        0.85302        0.33054   2   6
        0.85302        0.33117   2   7
        0.86446        0.31132   2   1
        0.86446        0.31561   2   2
        0.86446        0.31904   2   3
        0.86446        0.32082   2   4
        0.86446        0.32144   2   5
        0.86446        0.33109   2   6
        0.86446        0.33219   2   7
        0.87590        0.31040   2   1
        0.87590        0.31539   2   2
        0.87590        0.31863   2   3
        0.87590        0.32070   2   4
        0.87590        0.32309   2   5
        0.87590        0.33144   2   6
        0.87590        0.33289   2   7
        0.88734        0.31008   2   1
        0.88734        0.31525   2   2
        0.88734        0.31857   2   3
        0.88734        0.32066   2   4
        0.88734        0.32367   2   5
        0.88734        0.33157   2   6
        0.88734        0.33314   2   7
        0.88734        0.31172   2   1
        0.88734        0.31579   2   2
        0.88734        0.31579   2   3
        0.88734        0.32254   2   4
        0.88734        0.32674   2   5
        0.88734        0.32975   2   6
        0.88734        0.32975   2   7
        0.89878        0.31176   2   1
        0.89878        0.31597   2   2
        0.89878        0.31597   2   3
        0.89878        0.32253   2   4
        0.89878        0.32662   2   5
        0.89878        0.32946   2   6
        0.89878        0.32946   2   7
        0.91022        0.31190   2   1
        0.91022        0.31646   2   2
        0.91022        0.31646   2   3
        0.91022        0.32248   2   4
        0.91022        0.32633   2   5
        0.91022        0.32864   2   6
        0.91022        0.32864   2   7
        0.92167        0.31210   2   1
        0.92167        0.31720   2   2
        0.92167        0.31720   2   3
        0.92167        0.32240   2   4
        0.92167        0.32609   2   5
        0.92167        0.32740   2   6
        0.92167        0.32740   2   7
        0.93311        0.31235   2   1
        0.93311        0.31797   2   2
        0.93311        0.31797   2   3
        0.93311        0.32230   2   4
        0.93311        0.32604   2   5
        0.93311        0.32604   2   6
        0.93311        0.32613   2   7
        0.94455        0.31261   2   1
        0.94455        0.31834   2   2
        0.94455        0.31834   2   3
        0.94455        0.32218   2   4
        0.94455        0.32506   2   5
        0.94455        0.32506   2   6
        0.94455        0.32660   2   7
        0.95599        0.31285   2   1
        0.95599        0.31783   2   2
        0.95599        0.31783   2   3
        0.95599        0.32206   2   4
        0.95599        0.32503   2   5
        0.95599        0.32503   2   6
        0.95599        0.32749   2   7
        0.96743        0.31305   2   1
        0.96743        0.31663   2   2
        0.96743        0.31663   2   3
        0.96743        0.32195   2   4
        0.96743        0.32582   2   5
        0.96743        0.32582   2   6
        0.96743        0.32869   2   7
        0.97887        0.31321   2   1
        0.97887        0.31531   2   2
        0.97887        0.31531   2   3
        0.97887        0.32185   2   4
        0.97887        0.32686   2   5
        0.97887        0.32686   2   6
        0.97887        0.32997   2   7
        0.99031        0.31332   2   1
        0.99031        0.31422   2   2
        0.99031        0.31422   2   3
        0.99031        0.32177   2   4
        0.99031        0.32779   2   5
        0.99031        0.32779   2   6
        0.99031        0.33110   2   7
        1.00175        0.31338   2   1
        1.00175        0.31353   2   2
        1.00175        0.31353   2   3
        1.00175        0.32172   2   4
        1.00175        0.32843   2   5
        1.00175        0.32843   2   6
        1.00175        0.33188   2   7
        1.01319        0.31329   2   1
        1.01319        0.31329   2   2
        1.01319        0.31340   2   3
        1.01319        0.32170   2   4
        1.01319        0.32865   2   5
        1.01319        0.32865   2   6
        1.01319        0.33215   2   7
