        0.00000       -0.60705   1   1
        0.00000       -0.60705   1   2
        0.00000       -0.60626   1   3
        0.00000       -0.60498   1   4
        0.00000       -0.60498   1   5
        0.00000       -0.60495   1   6
        0.00000       -0.60358   1   7
        0.01163       -0.60706   1   1
        0.01163       -0.60705   1   2
        0.01163       -0.60627   1   3
        0.01163       -0.60499   1   4
        0.01163       -0.60498   1   5
        0.01163       -0.60493   1   6
        0.01163       -0.60360   1   7
        0.02327       -0.60710   1   1
        0.02327       -0.60706   1   2
        0.02327       -0.60629   1   3
        0.02327       -0.60500   1   4
        0.02327       -0.60497   1   5
        0.02327       -0.60488   1   6
        0.02327       -0.60363   1   7
        0.03490       -0.60715   1   1
        0.03490       -0.60707   1   2
        0.03490       -0.60629   1   3
        0.03490       -0.60501   1   4
        0.03490       -0.60495   1   5
        0.03490       -0.60481   1   6
        0.03490       -0.60370   1   7
        0.04653       -0.60721   1   1
        0.04653       -0.60708   1   2
        0.04653       -0.60627   1   3
        0.04653       -0.60502   1   4
        0.04653       -0.60492   1   5
        0.04653       -0.60470   1   6
        0.04653       -0.60378   1   7
        0.05817       -0.60728   1   1
        0.05817       -0.60710   1   2
        0.05817       -0.60624   1   3
        0.05817       -0.60502   1   4
        0.05817       -0.60488   1   5
        0.05817       -0.60459   1   6
        0.05817       -0.60388   1   7
        0.06980       -0.60734   1   1
        0.06980       -0.60712   1   2
        0.06980       -0.60621   1   3
        0.06980       -0.60501   1   4
        0.06980       -0.60484   1   5
        0.06980       -0.60448   1   6
        0.06980       -0.60397   1   7
        0.08143       -0.60740   1   1
        0.08143       -0.60713   1   2
        0.08143       -0.60617   1   3
        0.08143       -0.60501   1   4
        0.08143       -0.60480   1   5
        0.08143       -0.60439   1   6
        0.08143       -0.60404   1   7
        0.09306       -0.60747   1   1
        0.09306       -0.60714   1   2
        0.09306       -0.60615   1   3
        0.09306       -0.60502   1   4
        0.09306       -0.60477   1   5
        0.09306       -0.60432   1   6
        0.09306       -0.60411   1   7
        0.10470       -0.60752   1   1
        0.10470       -0.60715   1   2
        0.10470       -0.60614   1   3
        0.10470       -0.60502   1   4
        0.10470       -0.60476   1   5
        0.10470       -0.60428   1   6
        0.10470       -0.60417   1   7
        0.11633       -0.60754   1   1
        0.11633       -0.60716   1   2
        0.11633       -0.60614   1   3
        0.11633       -0.60502   1   4
        0.11633       -0.60476   1   5
        0.11633       -0.60426   1   6
        0.11633       -0.60419   1   7
        0.11633       -0.60754   1   1
        0.11633       -0.60716   1   2
        0.11633       -0.60614   1   3
        0.11633       -0.60502   1   4
        0.11633       -0.60476   1   5
        0.11633       -0.60426   1   6
        0.11633       -0.60419   1   7
        0.12976       -0.60754   1   1
        0.12976       -0.60717   1   2
        0.12976       -0.60614   1   3
        0.12976       -0.60502   1   4
        0.12976       -0.60476   1   5
        0.12976       -0.60426   1   6
        0.12976       -0.60420   1   7
        0.14320       -0.60753   1   1
        0.14320       -0.60720   1   2
        0.14320       -0.60612   1   3
        0.14320       -0.60500   1   4
        0.14320       -0.60478   1   5
        0.14320       -0.60424   1   6
        0.14320       -0.60422   1   7
        0.15663       -0.60748   1   1
        0.15663       -0.60725   1   2
        0.15663       -0.60609   1   3
        0.15663       -0.60493   1   4
        0.15663       -0.60480   1   5
        0.15663       -0.60423   1   6
        0.15663       -0.60423   1   7
        0.17006       -0.60742   1   1
        0.17006       -0.60730   1   2
        0.17006       -0.60607   1   3
        0.17006       -0.60486   1   4
        0.17006       -0.60481   1   5
        0.17006       -0.60423   1   6
        0.17006       -0.60422   1   7
        0.18349       -0.60736   1   1
        0.18349       -0.60736   1   2
        0.18349       -0.60606   1   3
        0.18349       -0.60482   1   4
        0.18349       -0.60482   1   5
        0.18349       -0.60422   1   6
        0.18349       -0.60422   1   7
        0.18349       -0.60736   1   1
        0.18349       -0.60736   1   2
        0.18349       -0.60606   1   3
        0.18349       -0.60482   1   4
        0.18349       -0.60482   1   5
        0.18349       -0.60422   1   6
        0.18349       -0.60422   1   7
        0.19469       -0.60740   1   1
        0.19469       -0.60732   1   2
        0.19469       -0.60606   1   3
        0.19469       -0.60484   1   4
        0.19469       -0.60481   1   5
        0.19469       -0.60423   1   6
        0.19469       -0.60422   1   7
        0.20588       -0.60741   1   1
        0.20588       -0.60728   1   2
        0.20588       -0.60607   1   3
        0.20588       -0.60487   1   4
        0.20588       -0.60481   1   5
        0.20588       -0.60424   1   6
        0.20588       -0.60420   1   7
        0.21708       -0.60741   1   1
        0.21708       -0.60723   1   2
        0.21708       -0.60608   1   3
        0.21708       -0.60490   1   4
        0.21708       -0.60480   1   5
        0.21708       -0.60428   1   6
        0.21708       -0.60416   1   7
        0.22827       -0.60739   1   1
        0.22827       -0.60719   1   2
        0.22827       -0.60611   1   3
        0.22827       -0.60492   1   4
        0.22827       -0.60480   1   5
        0.22827       -0.60433   1   6
        0.22827       -0.60408   1   7
        0.23946       -0.60736   1   1
        0.23946       -0.60716   1   2
        0.23946       -0.60614   1   3
        0.23946       -0.60494   1   4
        0.23946       -0.60482   1   5
        0.23946       -0.60441   1   6
        0.23946       -0.60398   1   7
        0.25066       -0.60731   1   1
        0.25066       -0.60713   1   2
        0.25066       -0.60618   1   3
        0.25066       -0.60497   1   4
        0.25066       -0.60484   1   5
        0.25066       -0.60450   1   6
        0.25066       -0.60389   1   7
        0.26185       -0.60726   1   1
        0.26185       -0.60711   1   2
        0.26185       -0.60622   1   3
        0.26185       -0.60500   1   4
        0.26185       -0.60488   1   5
        0.26185       -0.60461   1   6
        0.26185       -0.60381   1   7
        0.27305       -0.60720   1   1
        0.27305       -0.60709   1   2
        0.27305       -0.60627   1   3
        0.27305       -0.60502   1   4
        0.27305       -0.60491   1   5
        0.27305       -0.60472   1   6
        0.27305       -0.60375   1   7
        0.28424       -0.60714   1   1
        0.28424       -0.60707   1   2
        0.28424       -0.60629   1   3
        0.28424       -0.60501   1   4
        0.28424       -0.60495   1   5
        0.28424       -0.60482   1   6
        0.28424       -0.60368   1   7
        0.29543       -0.60709   1   1
        0.29543       -0.60706   1   2
        0.29543       -0.60629   1   3
        0.29543       -0.60500   1   4
        0.29543       -0.60497   1   5
        0.29543       -0.60489   1   6
        0.29543       -0.60363   1   7
        0.30663       -0.60706   1   1
        0.30663       -0.60705   1   2
        0.30663       -0.60627   1   3
        0.30663       -0.60499   1   4
        0.30663       -0.60498   1   5
        0.30663       -0.60494   1   6
        0.30663       -0.60359   1   7
        0.31782       -0.60705   1   1
        0.31782       -0.60705   1   2
        0.31782       -0.60626   1   3
        0.31782       -0.60498   1   4
        0.31782       -0.60498   1   5
        0.31782       -0.60495   1   6
        0.31782       -0.60358   1   7
        0.31782       -0.60705   1   1
        0.31782       -0.60705   1   2
        0.31782       -0.60626   1   3
        0.31782       -0.60498   1   4
        0.31782       -0.60498   1   5
        0.31782       -0.60495   1   6
        0.31782       -0.60358   1   7
        0.32926       -0.60702   1   1
        0.32926       -0.60702   1   2
        0.32926       -0.60631   1   3
        0.32926       -0.60500   1   4
        0.32926       -0.60500   1   5
        0.32926       -0.60495   1   6
        0.32926       -0.60358   1   7
        0.34070       -0.60694   1   1
        0.34070       -0.60694   1   2
        0.34070       -0.60645   1   3
        0.34070       -0.60505   1   4
        0.34070       -0.60505   1   5
        0.34070       -0.60494   1   6
        0.34070       -0.60358   1   7
        0.35214       -0.60683   1   1
        0.35214       -0.60683   1   2
        0.35214       -0.60668   1   3
        0.35214       -0.60513   1   4
        0.35214       -0.60513   1   5
        0.35214       -0.60492   1   6
        0.35214       -0.60358   1   7
        0.36359       -0.60695   1   1
        0.36359       -0.60671   1   2
        0.36359       -0.60671   1   3
        0.36359       -0.60524   1   4
        0.36359       -0.60524   1   5
        0.36359       -0.60489   1   6
        0.36359       -0.60357   1   7
        0.37503       -0.60722   1   1
        0.37503       -0.60656   1   2
        0.37503       -0.60656   1   3
        0.37503       -0.60535   1   4
        0.37503       -0.60535   1   5
        0.37503       -0.60486   1   6
        0.37503       -0.60357   1   7
        0.38647       -0.60747   1   1
        0.38647       -0.60637   1   2
        0.38647       -0.60637   1   3
        0.38647       -0.60544   1   4
        0.38647       -0.60544   1   5
        0.38647       -0.60483   1   6
        0.38647       -0.60356   1   7
        0.39791       -0.60769   1   1
        0.39791       -0.60615   1   2
        0.39791       -0.60615   1   3
        0.39791       -0.60550   1   4
        0.39791       -0.60550   1   5
        0.39791       -0.60481   1   6
        0.39791       -0.60356   1   7
        0.40935       -0.60787   1   1
        0.40935       -0.60595   1   2
        0.40935       -0.60595   1   3
        0.40935       -0.60555   1   4
        0.40935       -0.60555   1   5
        0.40935       -0.60480   1   6
        0.40935       -0.60355   1   7
        0.42079       -0.60803   1   1
        0.42079       -0.60579   1   2
        0.42079       -0.60579   1   3
        0.42079       -0.60560   1   4
        0.42079       -0.60560   1   5
        0.42079       -0.60479   1   6
        0.42079       -0.60355   1   7
        0.43223       -0.60814   1   1
        0.43223       -0.60570   1   2
        0.43223       -0.60570   1   3
        0.43223       -0.60565   1   4
        0.43223       -0.60565   1   5
        0.43223       -0.60478   1   6
        0.43223       -0.60355   1   7
        0.44367       -0.60818   1   1
        0.44367       -0.60567   1   2
        0.44367       -0.60567   1   3
        0.44367       -0.60567   1   4
        0.44367       -0.60567   1   5
        0.44367       -0.60478   1   6
        0.44367       -0.60356   1   7
        0.44367       -0.60818   1   1
        0.44367       -0.60567   1   2
        0.44367       -0.60567   1   3
        0.44367       -0.60567   1   4
        0.44367       -0.60567   1   5
        0.44367       -0.60478   1   6
        0.44367       -0.60356   1   7
        0.45530       -0.60817   1   1
        0.45530       -0.60568   1   2
        0.45530       -0.60567   1   3
        0.45530       -0.60567   1   4
        0.45530       -0.60566   1   5
        0.45530       -0.60476   1   6
        0.45530       -0.60356   1   7
        0.46694       -0.60814   1   1
        0.46694       -0.60569   1   2
        0.46694       -0.60567   1   3
        0.46694       -0.60566   1   4
        0.46694       -0.60563   1   5
        0.46694       -0.60472   1   6
        0.46694       -0.60359   1   7
        0.47857       -0.60810   1   1
        0.47857       -0.60572   1   2
        0.47857       -0.60567   1   3
        0.47857       -0.60566   1   4
        0.47857       -0.60560   1   5
        0.47857       -0.60464   1   6
        0.47857       -0.60364   1   7
        0.49020       -0.60805   1   1
        0.49020       -0.60577   1   2
        0.49020       -0.60568   1   3
        0.49020       -0.60567   1   4
        0.49020       -0.60557   1   5
        0.49020       -0.60455   1   6
        0.49020       -0.60370   1   7
        0.50184       -0.60800   1   1
        0.50184       -0.60583   1   2
        0.50184       -0.60569   1   3
        0.50184       -0.60568   1   4
        0.50184       -0.60553   1   5
        0.50184       -0.60446   1   6
        0.50184       -0.60379   1   7
        0.51347       -0.60795   1   1
        0.51347       -0.60588   1   2
        0.51347       -0.60571   1   3
        0.51347       -0.60569   1   4
        0.51347       -0.60548   1   5
        0.51347       -0.60437   1   6
        0.51347       -0.60388   1   7
        0.52510       -0.60790   1   1
        0.52510       -0.60590   1   2
        0.52510       -0.60572   1   3
        0.52510       -0.60569   1   4
        0.52510       -0.60543   1   5
        0.52510       -0.60428   1   6
        0.52510       -0.60396   1   7
        0.53674       -0.60786   1   1
        0.53674       -0.60593   1   2
        0.53674       -0.60571   1   3
        0.53674       -0.60568   1   4
        0.53674       -0.60537   1   5
        0.53674       -0.60422   1   6
        0.53674       -0.60403   1   7
        0.54837       -0.60784   1   1
        0.54837       -0.60598   1   2
        0.54837       -0.60570   1   3
        0.54837       -0.60567   1   4
        0.54837       -0.60534   1   5
        0.54837       -0.60419   1   6
        0.54837       -0.60407   1   7
        0.56000       -0.60783   1   1
        0.56000       -0.60601   1   2
        0.56000       -0.60569   1   3
        0.56000       -0.60566   1   4
        0.56000       -0.60533   1   5
        0.56000       -0.60418   1   6
        0.56000       -0.60409   1   7
        0.56000       -0.60783   1   1
        0.56000       -0.60601   1   2
        0.56000       -0.60569   1   3
        0.56000       -0.60566   1   4
        0.56000       -0.60533   1   5
        0.56000       -0.60418   1   6
        0.56000       -0.60409   1   7
        0.57344       -0.60783   1   1
        0.57344       -0.60598   1   2
        0.57344       -0.60570   1   3
        0.57344       -0.60568   1   4
        0.57344       -0.60534   1   5
        0.57344       -0.60417   1   6
        0.57344       -0.60410   1   7
        0.58687       -0.60782   1   1
        0.58687       -0.60595   1   2
        0.58687       -0.60572   1   3
        0.58687       -0.60569   1   4
        0.58687       -0.60538   1   5
        0.58687       -0.60416   1   6
        0.58687       -0.60412   1   7
        0.60030       -0.60779   1   1
        0.60030       -0.60595   1   2
        0.60030       -0.60573   1   3
        0.60030       -0.60565   1   4
        0.60030       -0.60543   1   5
        0.60030       -0.60415   1   6
        0.60030       -0.60415   1   7
        0.61373       -0.60775   1   1
        0.61373       -0.60595   1   2
        0.61373       -0.60578   1   3
        0.61373       -0.60559   1   4
        0.61373       -0.60549   1   5
        0.61373       -0.60418   1   6
        0.61373       -0.60415   1   7
        0.62717       -0.60774   1   1
        0.62717       -0.60588   1   2
        0.62717       -0.60588   1   3
        0.62717       -0.60554   1   4
        0.62717       -0.60554   1   5
        0.62717       -0.60419   1   6
        0.62717       -0.60416   1   7
        0.62717       -0.60774   1   1
        0.62717       -0.60588   1   2
        0.62717       -0.60588   1   3
        0.62717       -0.60554   1   4
        0.62717       -0.60554   1   5
        0.62717       -0.60419   1   6
        0.62717       -0.60416   1   7
        0.63836       -0.60775   1   1
        0.63836       -0.60593   1   2
        0.63836       -0.60579   1   3
        0.63836       -0.60558   1   4
        0.63836       -0.60550   1   5
        0.63836       -0.60418   1   6
        0.63836       -0.60416   1   7
        0.64955       -0.60778   1   1
        0.64955       -0.60592   1   2
        0.64955       -0.60572   1   3
        0.64955       -0.60560   1   4
        0.64955       -0.60547   1   5
        0.64955       -0.60416   1   6
        0.64955       -0.60415   1   7
        0.66075       -0.60782   1   1
        0.66075       -0.60588   1   2
        0.66075       -0.60570   1   3
        0.66075       -0.60563   1   4
        0.66075       -0.60545   1   5
        0.66075       -0.60418   1   6
        0.66075       -0.60410   1   7
        0.67194       -0.60787   1   1
        0.67194       -0.60586   1   2
        0.67194       -0.60569   1   3
        0.67194       -0.60566   1   4
        0.67194       -0.60545   1   5
        0.67194       -0.60423   1   6
        0.67194       -0.60403   1   7
        0.68314       -0.60791   1   1
        0.68314       -0.60586   1   2
        0.68314       -0.60569   1   3
        0.68314       -0.60568   1   4
        0.68314       -0.60547   1   5
        0.68314       -0.60430   1   6
        0.68314       -0.60395   1   7
        0.69433       -0.60795   1   1
        0.69433       -0.60586   1   2
        0.69433       -0.60568   1   3
        0.69433       -0.60567   1   4
        0.69433       -0.60552   1   5
        0.69433       -0.60438   1   6
        0.69433       -0.60386   1   7
        0.70552       -0.60800   1   1
        0.70552       -0.60582   1   2
        0.70552       -0.60567   1   3
        0.70552       -0.60566   1   4
        0.70552       -0.60556   1   5
        0.70552       -0.60447   1   6
        0.70552       -0.60377   1   7
        0.71672       -0.60806   1   1
        0.71672       -0.60576   1   2
        0.71672       -0.60567   1   3
        0.71672       -0.60565   1   4
        0.71672       -0.60559   1   5
        0.71672       -0.60456   1   6
        0.71672       -0.60369   1   7
        0.72791       -0.60811   1   1
        0.72791       -0.60572   1   2
        0.72791       -0.60567   1   3
        0.72791       -0.60565   1   4
        0.72791       -0.60561   1   5
        0.72791       -0.60465   1   6
        0.72791       -0.60363   1   7
        0.73911       -0.60814   1   1
        0.73911       -0.60569   1   2
        0.73911       -0.60567   1   3
        0.73911       -0.60566   1   4
        0.73911       -0.60563   1   5
        0.73911       -0.60472   1   6
        0.73911       -0.60359   1   7
        0.75030       -0.60817   1   1
        0.75030       -0.60568   1   2
        0.75030       -0.60567   1   3
        0.75030       -0.60567   1   4
        0.75030       -0.60566   1   5
        0.75030       -0.60477   1   6
        0.75030       -0.60356   1   7
        0.76149       -0.60818   1   1
        0.76149       -0.60567   1   2
        0.76149       -0.60567   1   3
        0.76149       -0.60567   1   4
        0.76149       -0.60567   1   5
        0.76149       -0.60478   1   6
        0.76149       -0.60356   1   7
        0.76149       -0.60783   1   1
        0.76149       -0.60601   1   2
        0.76149       -0.60569   1   3
        0.76149       -0.60566   1   4
        0.76149       -0.60533   1   5
        0.76149       -0.60418   1   6
        0.76149       -0.60409   1   7
        0.77293       -0.60780   1   1
        0.77293       -0.60602   1   2
        0.77293       -0.60570   1   3
        0.77293       -0.60568   1   4
        0.77293       -0.60532   1   5
        0.77293       -0.60418   1   6
        0.77293       -0.60409   1   7
        0.78438       -0.60771   1   1
        0.78438       -0.60609   1   2
        0.78438       -0.60579   1   3
        0.78438       -0.60565   1   4
        0.78438       -0.60528   1   5
        0.78438       -0.60418   1   6
        0.78438       -0.60410   1   7
        0.79582       -0.60756   1   1
        0.79582       -0.60620   1   2
        0.79582       -0.60594   1   3
        0.79582       -0.60559   1   4
        0.79582       -0.60523   1   5
        0.79582       -0.60418   1   6
        0.79582       -0.60411   1   7
        0.80726       -0.60736   1   1
        0.80726       -0.60638   1   2
        0.80726       -0.60611   1   3
        0.80726       -0.60549   1   4
        0.80726       -0.60516   1   5
        0.80726       -0.60419   1   6
        0.80726       -0.60411   1   7
        0.81870       -0.60713   1   1
        0.81870       -0.60660   1   2
        0.81870       -0.60631   1   3
        0.81870       -0.60537   1   4
        0.81870       -0.60508   1   5
        0.81870       -0.60421   1   6
        0.81870       -0.60413   1   7
        0.83014       -0.60687   1   1
        0.83014       -0.60683   1   2
        0.83014       -0.60653   1   3
        0.83014       -0.60527   1   4
        0.83014       -0.60499   1   5
        0.83014       -0.60422   1   6
        0.83014       -0.60414   1   7
        0.84158       -0.60706   1   1
        0.84158       -0.60674   1   2
        0.84158       -0.60663   1   3
        0.84158       -0.60518   1   4
        0.84158       -0.60492   1   5
        0.84158       -0.60423   1   6
        0.84158       -0.60416   1   7
        0.85302       -0.60726   1   1
        0.85302       -0.60692   1   2
        0.85302       -0.60643   1   3
        0.85302       -0.60512   1   4
        0.85302       -0.60485   1   5
        0.85302       -0.60424   1   6
        0.85302       -0.60417   1   7
        0.86446       -0.60741   1   1
        0.86446       -0.60706   1   2
        0.86446       -0.60627   1   3
        0.86446       -0.60507   1   4
        0.86446       -0.60480   1   5
        0.86446       -0.60425   1   6
        0.86446       -0.60418   1   7
        0.87590       -0.60751   1   1
        0.87590       -0.60713   1   2
        0.87590       -0.60617   1   3
        0.87590       -0.60504   1   4
        0.87590       -0.60477   1   5
        0.87590       -0.60426   1   6
        0.87590       -0.60419   1   7
        0.88734       -0.60754   1   1
        0.88734       -0.60716   1   2
        0.88734       -0.60614   1   3
        0.88734       -0.60502   1   4
        0.88734       -0.60476   1   5
        0.88734       -0.60426   1   6
        0.88734       -0.60419   1   7
        0.88734       -0.60774   1   1
        0.88734       -0.60588   1   2
        0.88734       -0.60588   1   3
        0.88734       -0.60554   1   4
        0.88734       -0.60554   1   5
        0.88734       -0.60419   1   6
        0.88734       -0.60416   1   7
        0.89878       -0.60771   1   1
        0.89878       -0.60590   1   2
        0.89878       -0.60590   1   3
        0.89878       -0.60553   1   4
        0.89878       -0.60553   1   5
        0.89878       -0.60419   1   6
        0.89878       -0.60416   1   7
        0.91022       -0.60764   1   1
        0.91022       -0.60598   1   2
        0.91022       -0.60598   1   3
        0.91022       -0.60550   1   4
        0.91022       -0.60550   1   5
        0.91022       -0.60420   1   6
        0.91022       -0.60415   1   7
        0.92167       -0.60749   1   1
        0.92167       -0.60610   1   2
        0.92167       -0.60610   1   3
        0.92167       -0.60544   1   4
        0.92167       -0.60544   1   5
        0.92167       -0.60421   1   6
        0.92167       -0.60415   1   7
        0.93311       -0.60729   1   1
        0.93311       -0.60628   1   2
        0.93311       -0.60628   1   3
        0.93311       -0.60535   1   4
        0.93311       -0.60535   1   5
        0.93311       -0.60421   1   6
        0.93311       -0.60416   1   7
        0.94455       -0.60705   1   1
        0.94455       -0.60649   1   2
        0.94455       -0.60649   1   3
        0.94455       -0.60524   1   4
        0.94455       -0.60524   1   5
        0.94455       -0.60421   1   6
        0.94455       -0.60417   1   7
        0.95599       -0.60680   1   1
        0.95599       -0.60671   1   2
        0.95599       -0.60671   1   3
        0.95599       -0.60514   1   4
        0.95599       -0.60514   1   5
        0.95599       -0.60421   1   6
        0.95599       -0.60418   1   7
        0.96743       -0.60693   1   1
        0.96743       -0.60693   1   2
        0.96743       -0.60657   1   3
        0.96743       -0.60506   1   4
        0.96743       -0.60506   1   5
        0.96743       -0.60422   1   6
        0.96743       -0.60420   1   7
        0.97887       -0.60711   1   1
        0.97887       -0.60711   1   2
        0.97887       -0.60637   1   3
        0.97887       -0.60498   1   4
        0.97887       -0.60498   1   5
        0.97887       -0.60423   1   6
        0.97887       -0.60421   1   7
        0.99031       -0.60724   1   1
        0.99031       -0.60724   1   2
        0.99031       -0.60621   1   3
        0.99031       -0.60491   1   4
        0.99031       -0.60491   1   5
        0.99031       -0.60423   1   6
        0.99031       -0.60421   1   7
        1.00175       -0.60733   1   1
        1.00175       -0.60733   1   2
        1.00175       -0.60610   1   3
        1.00175       -0.60484   1   4
        1.00175       -0.60484   1   5
        1.00175       -0.60423   1   6
        1.00175       -0.60422   1   7
        1.01319       -0.60736   1   1
        1.01319       -0.60736   1   2
        1.01319       -0.60606   1   3
        1.01319       -0.60482   1   4
        1.01319       -0.60482   1   5
        1.01319       -0.60422   1   6
        1.01319       -0.60422   1   7
