    m    n    l ibas
     0     1     0     1     1     1
     0     2     0     1     2     2
    -1     1     1     1     3     3
     0     1     1     1     4     3
     1     1     1     1     5     3
    -1     2     1     1     6     4
     0     2     1     1     7     4
     1     2     1     1     8     4
    -1     3     1     1     9     5
     0     3     1     1    10     5
     1     3     1     1    11     5
    -2     1     2     1    12     6
    -1     1     2     1    13     6
     0     1     2     1    14     6
     1     1     2     1    15     6
     2     1     2     1    16     6
    -2     2     2     1    17     7
    -1     2     2     1    18     7
     0     2     2     1    19     7
     1     2     2     1    20     7
     2     2     2     1    21     7
    -3     1     3     1    22     8
    -2     1     3     1    23     8
    -1     1     3     1    24     8
     0     1     3     1    25     8
     1     1     3     1    26     8
     2     1     3     1    27     8
     3     1     3     1    28     8
    -3     2     3     1    29     9
    -2     2     3     1    30     9
    -1     2     3     1    31     9
     0     2     3     1    32     9
     1     2     3     1    33     9
     2     2     3     1    34     9
     3     2     3     1    35     9
    -4     1     4     1    36    10
    -3     1     4     1    37    10
    -2     1     4     1    38    10
    -1     1     4     1    39    10
     0     1     4     1    40    10
     1     1     4     1    41    10
     2     1     4     1    42    10
     3     1     4     1    43    10
     4     1     4     1    44    10
    -4     2     4     1    45    11
    -3     2     4     1    46    11
    -2     2     4     1    47    11
    -1     2     4     1    48    11
     0     2     4     1    49    11
     1     2     4     1    50    11
     2     2     4     1    51    11
     3     2     4     1    52    11
     4     2     4     1    53    11
     0     1     0     2    54    12
     0     2     0     2    55    13
    -1     1     1     2    56    14
     0     1     1     2    57    14
     1     1     1     2    58    14
    -1     2     1     2    59    15
     0     2     1     2    60    15
     1     2     1     2    61    15
    -2     1     2     2    62    16
    -1     1     2     2    63    16
     0     1     2     2    64    16
     1     1     2     2    65    16
     2     1     2     2    66    16
    -2     2     2     2    67    17
    -1     2     2     2    68    17
     0     2     2     2    69    17
     1     2     2     2    70    17
     2     2     2     2    71    17
    -3     1     3     2    72    18
    -2     1     3     2    73    18
    -1     1     3     2    74    18
     0     1     3     2    75    18
     1     1     3     2    76    18
     2     1     3     2    77    18
     3     1     3     2    78    18
    -3     2     3     2    79    19
    -2     2     3     2    80    19
    -1     2     3     2    81    19
     0     2     3     2    82    19
     1     2     3     2    83    19
     2     2     3     2    84    19
     3     2     3     2    85    19
    -4     1     4     2    86    20
    -3     1     4     2    87    20
    -2     1     4     2    88    20
    -1     1     4     2    89    20
     0     1     4     2    90    20
     1     1     4     2    91    20
     2     1     4     2    92    20
     3     1     4     2    93    20
     4     1     4     2    94    20
    -4     2     4     2    95    21
    -3     2     4     2    96    21
    -2     2     4     2    97    21
    -1     2     4     2    98    21
     0     2     4     2    99    21
     1     2     4     2   100    21
     2     2     4     2   101    21
     3     2     4     2   102    21
     4     2     4     2   103    21
