        0.00000       -0.53889   2   1
        0.00000       -0.16997   2   2
        0.00000       -0.15856   2   3
        0.00000        0.00488   2   4
        0.00000        0.00488   2   5
        0.00000        0.04194   2   6
        0.00000        0.11193   2   7
        0.00000        0.14516   2   8
        0.00000        0.20483   2   9
        0.00000        0.20483   2  10
        0.00000        0.20539   2  11
        0.00000        0.59067   2  12
        0.00000        0.89271   2  13
        0.00000        0.89271   2  14
        0.00000        1.28173   2  15
        0.00000        2.23002   2  16
        0.00000        2.41846   2  17
        0.00000        2.41846   2  18
        0.05556       -0.53261   2   1
        0.05556       -0.16765   2   2
        0.05556       -0.15678   2   3
        0.05556        0.00434   2   4
        0.05556        0.00596   2   5
        0.05556        0.04111   2   6
        0.05556        0.11226   2   7
        0.05556        0.14181   2   8
        0.05556        0.20076   2   9
        0.05556        0.20149   2  10
        0.05556        0.20388   2  11
        0.05556        0.60140   2  12
        0.05556        0.85868   2  13
        0.05556        0.90173   2  14
        0.05556        1.27296   2  15
        0.05556        2.20161   2  16
        0.05556        2.33388   2  17
        0.05556        2.40779   2  18
        0.11111       -0.51818   2   1
        0.11111       -0.16088   2   2
        0.11111       -0.15172   2   3
        0.11111        0.00288   2   4
        0.11111        0.00909   2   5
        0.11111        0.03868   2   6
        0.11111        0.11063   2   7
        0.11111        0.13463   2   8
        0.11111        0.19050   2   9
        0.11111        0.19075   2  10
        0.11111        0.20091   2  11
        0.11111        0.63434   2  12
        0.11111        0.77484   2  13
        0.11111        0.93045   2  14
        0.11111        1.25252   2  15
        0.11111        2.13342   2  16
        0.11111        2.14681   2  17
        0.11111        2.37906   2  18
        0.16667       -0.49793   2   1
        0.16667       -0.15012   2   2
        0.16667       -0.14427   2   3
        0.16667        0.00092   2   4
        0.16667        0.01400   2   5
        0.16667        0.03495   2   6
        0.16667        0.09859   2   7
        0.16667        0.13283   2   8
        0.16667        0.17534   2   9
        0.16667        0.17791   2  10
        0.16667        0.19599   2  11
        0.16667        0.67254   2  12
        0.16667        0.68686   2  13
        0.16667        0.97816   2  14
        0.16667        1.23513   2  15
        0.16667        1.97529   2  16
        0.16667        2.04792   2  17
        0.16667        2.32891   2  18
        0.22222       -0.46438   2   1
        0.22222       -0.13686   2   2
        0.22222       -0.13575   2   3
        0.22222       -0.00098   2   4
        0.22222        0.02014   2   5
        0.22222        0.03062   2   6
        0.22222        0.07795   2   7
        0.22222        0.13404   2   8
        0.22222        0.15807   2   9
        0.22222        0.16731   2  10
        0.22222        0.18926   2  11
        0.22222        0.57036   2  12
        0.22222        0.74750   2  13
        0.22222        1.03745   2  14
        0.22222        1.23088   2  15
        0.22222        1.86185   2  16
        0.22222        1.93618   2  17
        0.22222        2.23531   2  18
        0.27778       -0.41721   2   1
        0.27778       -0.13220   2   2
        0.27778       -0.11960   2   3
        0.27778       -0.00270   2   4
        0.27778        0.02506   2   5
        0.27778        0.02816   2   6
        0.27778        0.05599   2   7
        0.27778        0.12695   2   8
        0.27778        0.14166   2   9
        0.27778        0.16573   2  10
        0.27778        0.18103   2  11
        0.27778        0.47306   2  12
        0.27778        0.81193   2  13
        0.27778        1.10376   2  14
        0.27778        1.23575   2  15
        0.27778        1.76714   2  16
        0.27778        1.78169   2  17
        0.27778        2.08100   2  18
        0.33333       -0.36828   2   1
        0.33333       -0.13477   2   2
        0.33333       -0.10169   2   3
        0.33333       -0.00586   2   4
        0.33333        0.02243   2   5
        0.33333        0.03334   2   6
        0.33333        0.03842   2   7
        0.33333        0.11078   2   8
        0.33333        0.12863   2   9
        0.33333        0.17176   2  10
        0.33333        0.17284   2  11
        0.33333        0.38920   2  12
        0.33333        0.88603   2  13
        0.33333        1.18289   2  14
        0.33333        1.23945   2  15
        0.33333        1.59867   2  16
        0.33333        1.66878   2  17
        0.33333        1.88777   2  18
        0.38889       -0.32240   2   1
        0.38889       -0.14660   2   2
        0.38889       -0.08324   2   3
        0.38889       -0.01474   2   4
        0.38889        0.02012   2   5
        0.38889        0.03189   2   6
        0.38889        0.03733   2   7
        0.38889        0.09131   2   8
        0.38889        0.12080   2   9
        0.38889        0.16235   2  10
        0.38889        0.18278   2  11
        0.38889        0.32537   2  12
        0.38889        0.97351   2  13
        0.38889        1.22823   2  14
        0.38889        1.27925   2  15
        0.38889        1.46477   2  16
        0.38889        1.57258   2  17
        0.38889        1.70784   2  18
        0.44444       -0.27204   2   1
        0.44444       -0.17214   2   2
        0.44444       -0.06522   2   3
        0.44444       -0.02946   2   4
        0.44444        0.01888   2   5
        0.44444        0.03739   2   6
        0.44444        0.03902   2   7
        0.44444        0.07184   2   8
        0.44444        0.11811   2   9
        0.44444        0.15456   2  10
        0.44444        0.19204   2  11
        0.44444        0.28246   2  12
        0.44444        1.05968   2  13
        0.44444        1.18624   2  14
        0.44444        1.38159   2  15
        0.44444        1.42849   2  16
        0.44444        1.50466   2  17
        0.44444        1.57539   2  18
        0.50000       -0.22256   2   1
        0.50000       -0.21108   2   2
        0.50000       -0.05114   2   3
        0.50000       -0.04295   2   4
        0.50000        0.01852   2   5
        0.50000        0.03934   2   6
        0.50000        0.04625   2   7
        0.50000        0.05869   2   8
        0.50000        0.11792   2   9
        0.50000        0.15131   2  10
        0.50000        0.19647   2  11
        0.50000        0.26588   2  12
        0.50000        1.12139   2  13
        0.50000        1.13732   2  14
        0.50000        1.44187   2  15
        0.50000        1.46710   2  16
        0.50000        1.47090   2  17
        0.50000        1.48696   2  18
        0.50000       -0.22256   2   1
        0.50000       -0.21108   2   2
        0.50000       -0.05114   2   3
        0.50000       -0.04295   2   4
        0.50000        0.01852   2   5
        0.50000        0.03934   2   6
        0.50000        0.04625   2   7
        0.50000        0.05869   2   8
        0.50000        0.11792   2   9
        0.50000        0.15131   2  10
        0.50000        0.19647   2  11
        0.50000        0.26588   2  12
        0.50000        1.12139   2  13
        0.50000        1.13732   2  14
        0.50000        1.44187   2  15
        0.50000        1.46710   2  16
        0.50000        1.47090   2  17
        0.50000        1.48696   2  18
        0.55556       -0.21996   2   1
        0.55556       -0.20867   2   2
        0.55556       -0.05374   2   3
        0.55556       -0.04737   2   4
        0.55556        0.01923   2   5
        0.55556        0.03390   2   6
        0.55556        0.04836   2   7
        0.55556        0.06039   2   8
        0.55556        0.12627   2   9
        0.55556        0.15599   2  10
        0.55556        0.19739   2  11
        0.55556        0.26602   2  12
        0.55556        1.12488   2  13
        0.55556        1.14169   2  14
        0.55556        1.37661   2  15
        0.55556        1.39554   2  16
        0.55556        1.49865   2  17
        0.55556        1.52999   2  18
        0.61111       -0.21302   2   1
        0.61111       -0.20217   2   2
        0.61111       -0.05932   2   3
        0.61111       -0.05612   2   4
        0.61111        0.01412   2   5
        0.61111        0.01811   2   6
        0.61111        0.06062   2   7
        0.61111        0.07091   2   8
        0.61111        0.14346   2   9
        0.61111        0.16744   2  10
        0.61111        0.20029   2  11
        0.61111        0.26648   2  12
        0.61111        1.13449   2  13
        0.61111        1.15388   2  14
        0.61111        1.26860   2  15
        0.61111        1.28759   2  16
        0.61111        1.50529   2  17
        0.61111        1.53723   2  18
        0.66667       -0.20423   2   1
        0.66667       -0.19434   2   2
        0.66667       -0.06389   2   3
        0.66667       -0.06358   2   4
        0.66667        0.00134   2   5
        0.66667        0.00642   2   6
        0.66667        0.08065   2   7
        0.66667        0.08663   2   8
        0.66667        0.16104   2   9
        0.66667        0.18113   2  10
        0.66667        0.20509   2  11
        0.66667        0.26699   2  12
        0.66667        1.12748   2  13
        0.66667        1.14633   2  14
        0.66667        1.16237   2  15
        0.66667        1.18891   2  16
        0.66667        1.47580   2  17
        0.66667        1.50003   2  18
        0.72222       -0.19688   2   1
        0.72222       -0.18890   2   2
        0.72222       -0.06950   2   3
        0.72222       -0.06713   2   4
        0.72222       -0.00704   2   5
        0.72222        0.00659   2   6
        0.72222        0.10296   2   7
        0.72222        0.10319   2   8
        0.72222        0.17591   2   9
        0.72222        0.19388   2  10
        0.72222        0.21063   2  11
        0.72222        0.26663   2  12
        0.72222        1.00937   2  13
        0.72222        1.02908   2  14
        0.72222        1.17551   2  15
        0.72222        1.20704   2  16
        0.72222        1.42406   2  17
        0.72222        1.43941   2  18
        0.77778       -0.19324   2   1
        0.77778       -0.18744   2   2
        0.77778       -0.07700   2   3
        0.77778       -0.07388   2   4
        0.77778        0.00232   2   5
        0.77778        0.02198   2   6
        0.77778        0.11825   2   7
        0.77778        0.12506   2   8
        0.77778        0.18765   2   9
        0.77778        0.20391   2  10
        0.77778        0.21457   2  11
        0.77778        0.26414   2  12
        0.77778        0.90414   2  13
        0.77778        0.92233   2  14
        0.77778        1.20068   2  15
        0.77778        1.23690   2  16
        0.77778        1.37728   2  17
        0.77778        1.38983   2  18
        0.83333       -0.19338   2   1
        0.83333       -0.18910   2   2
        0.83333       -0.08599   2   3
        0.83333       -0.08394   2   4
        0.83333        0.02949   2   5
        0.83333        0.05256   2   6
        0.83333        0.13043   2   7
        0.83333        0.14527   2   8
        0.83333        0.19646   2   9
        0.83333        0.21041   2  10
        0.83333        0.21429   2  11
        0.83333        0.25801   2  12
        0.83333        0.82100   2  13
        0.83333        0.83704   2  14
        0.83333        1.22960   2  15
        0.83333        1.26605   2  16
        0.83333        1.35099   2  17
        0.83333        1.37125   2  18
        0.88889       -0.19539   2   1
        0.88889       -0.19194   2   2
        0.88889       -0.09415   2   3
        0.88889       -0.09324   2   4
        0.88889        0.06708   2   5
        0.88889        0.09252   2   6
        0.88889        0.13906   2   7
        0.88889        0.16210   2   8
        0.88889        0.19790   2   9
        0.88889        0.21107   2  10
        0.88889        0.21333   2  11
        0.88889        0.24574   2  12
        0.88889        0.75803   2  13
        0.88889        0.77163   2  14
        0.88889        1.25813   2  15
        0.88889        1.28571   2  16
        0.88889        1.33755   2  17
        0.88889        1.37683   2  18
        0.94444       -0.19716   2   1
        0.94444       -0.19416   2   2
        0.94444       -0.09968   2   3
        0.94444       -0.09946   2   4
        0.94444        0.10768   2   5
        0.94444        0.13312   2   6
        0.94444        0.14412   2   7
        0.94444        0.17386   2   8
        0.94444        0.18040   2   9
        0.94444        0.21328   2  10
        0.94444        0.21330   2  11
        0.94444        0.22590   2  12
        0.94444        0.71743   2  13
        0.94444        0.72915   2  14
        0.94444        1.28028   2  15
        0.94444        1.29062   2  16
        0.94444        1.32610   2  17
        0.94444        1.39018   2  18
        1.00000       -0.19777   2   1
        1.00000       -0.19493   2   2
        1.00000       -0.10162   2   3
        1.00000       -0.10162   2   4
        1.00000        0.13834   2   5
        1.00000        0.14640   2   6
        1.00000        0.15656   2   7
        1.00000        0.15656   2   8
        1.00000        0.17810   2   9
        1.00000        0.20800   2  10
        1.00000        0.21473   2  11
        1.00000        0.21473   2  12
        1.00000        0.70332   2  13
        1.00000        0.71440   2  14
        1.00000        1.28965   2  15
        1.00000        1.28965   2  16
        1.00000        1.31960   2  17
        1.00000        1.39668   2  18
        1.00000       -0.19777   2   1
        1.00000       -0.19493   2   2
        1.00000       -0.10162   2   3
        1.00000       -0.10162   2   4
        1.00000        0.13834   2   5
        1.00000        0.14640   2   6
        1.00000        0.15656   2   7
        1.00000        0.15656   2   8
        1.00000        0.17810   2   9
        1.00000        0.20800   2  10
        1.00000        0.21473   2  11
        1.00000        0.21473   2  12
        1.00000        0.70332   2  13
        1.00000        0.71440   2  14
        1.00000        1.28965   2  15
        1.00000        1.28965   2  16
        1.00000        1.31960   2  17
        1.00000        1.39668   2  18
        1.05439       -0.19847   2   1
        1.05439       -0.19294   2   2
        1.05439       -0.10029   2   3
        1.05439       -0.09901   2   4
        1.05439        0.10770   2   5
        1.05439        0.13387   2   6
        1.05439        0.15239   2   7
        1.05439        0.16712   2   8
        1.05439        0.17455   2   9
        1.05439        0.21354   2  10
        1.05439        0.21362   2  11
        1.05439        0.23049   2  12
        1.05439        0.70844   2  13
        1.05439        0.73639   2  14
        1.05439        1.27503   2  15
        1.05439        1.30132   2  16
        1.05439        1.31685   2  17
        1.05439        1.39521   2  18
        1.10879       -0.20424   2   1
        1.10879       -0.18425   2   2
        1.10879       -0.09648   2   3
        1.10879       -0.09155   2   4
        1.10879        0.06734   2   5
        1.10879        0.09961   2   6
        1.10879        0.14175   2   7
        1.10879        0.16650   2   8
        1.10879        0.16701   2   9
        1.10879        0.20900   2  10
        1.10879        0.21485   2  11
        1.10879        0.27557   2  12
        1.10879        0.71108   2  13
        1.10879        0.80688   2  14
        1.10879        1.24889   2  15
        1.10879        1.27618   2  16
        1.10879        1.32737   2  17
        1.10879        1.41775   2  18
        1.16318       -0.21892   2   1
        1.16318       -0.16996   2   2
        1.16318       -0.09054   2   3
        1.16318       -0.08045   2   4
        1.16318        0.03003   2   5
        1.16318        0.05905   2   6
        1.16318        0.12432   2   7
        1.16318        0.16058   2   8
        1.16318        0.16086   2   9
        1.16318        0.19956   2  10
        1.16318        0.21574   2  11
        1.16318        0.33038   2  12
        1.16318        0.71325   2  13
        1.16318        0.90625   2  14
        1.16318        1.18970   2  15
        1.16318        1.24322   2  16
        1.16318        1.35284   2  17
        1.16318        1.46493   2  18
        1.21757       -0.24809   2   1
        1.21757       -0.15258   2   2
        1.21757       -0.08314   2   3
        1.21757       -0.06732   2   4
        1.21757       -0.00290   2   5
        1.21757        0.03033   2   6
        1.21757        0.10484   2   7
        1.21757        0.15346   2   8
        1.21757        0.15542   2   9
        1.21757        0.18541   2  10
        1.21757        0.21600   2  11
        1.21757        0.39186   2  12
        1.21757        0.71685   2  13
        1.21757        1.01676   2  14
        1.21757        1.11380   2  15
        1.21757        1.22471   2  16
        1.21757        1.37654   2  17
        1.21757        1.52892   2  18
        1.27196       -0.28933   2   1
        1.27196       -0.13593   2   2
        1.27196       -0.07667   2   3
        1.27196       -0.05266   2   4
        1.27196       -0.03018   2   5
        1.27196        0.02097   2   6
        1.27196        0.08898   2   7
        1.27196        0.14556   2   8
        1.27196        0.15117   2   9
        1.27196        0.16836   2  10
        1.27196        0.21550   2  11
        1.27196        0.45535   2  12
        1.27196        0.72405   2  13
        1.27196        1.02571   2  14
        1.27196        1.15240   2  15
        1.27196        1.20716   2  16
        1.27196        1.41631   2  17
        1.27196        1.60635   2  18
        1.32636       -0.33396   2   1
        1.32636       -0.12468   2   2
        1.32636       -0.08038   2   3
        1.32636       -0.04303   2   4
        1.32636       -0.03572   2   5
        1.32636        0.02409   2   6
        1.32636        0.08184   2   7
        1.32636        0.13796   2   8
        1.32636        0.14828   2   9
        1.32636        0.15172   2  10
        1.32636        0.21436   2  11
        1.32636        0.51729   2  12
        1.32636        0.73509   2  13
        1.32636        0.94799   2  14
        1.32636        1.19193   2  15
        1.32636        1.32205   2  16
        1.32636        1.49492   2  17
        1.32636        1.69802   2  18
        1.38075       -0.37922   2   1
        1.38075       -0.12242   2   2
        1.38075       -0.09742   2   3
        1.38075       -0.03798   2   4
        1.38075       -0.01681   2   5
        1.38075        0.03083   2   6
        1.38075        0.08465   2   7
        1.38075        0.13121   2   8
        1.38075        0.14042   2   9
        1.38075        0.14807   2  10
        1.38075        0.21278   2  11
        1.38075        0.57974   2  12
        1.38075        0.74977   2  13
        1.38075        0.87364   2  14
        1.38075        1.18793   2  15
        1.38075        1.55621   2  16
        1.38075        1.61449   2  17
        1.38075        1.80148   2  18
        1.43514       -0.42492   2   1
        1.43514       -0.12865   2   2
        1.43514       -0.11540   2   3
        1.43514       -0.02779   2   4
        1.43514        0.00215   2   5
        1.43514        0.03451   2   6
        1.43514        0.09292   2   7
        1.43514        0.12547   2   8
        1.43514        0.14175   2   9
        1.43514        0.15146   2  10
        1.43514        0.21096   2  11
        1.43514        0.64545   2  12
        1.43514        0.77002   2  13
        1.43514        0.80477   2  14
        1.43514        1.19467   2  15
        1.43514        1.74830   2  16
        1.43514        1.82494   2  17
        1.43514        1.90240   2  18
        1.48954       -0.46566   2   1
        1.48954       -0.13962   2   2
        1.48954       -0.13074   2   3
        1.48954       -0.01731   2   4
        1.48954        0.01830   2   5
        1.48954        0.03103   2   6
        1.48954        0.10444   2   7
        1.48954        0.12062   2   8
        1.48954        0.15525   2   9
        1.48954        0.16009   2  10
        1.48954        0.20906   2  11
        1.48954        0.71306   2  12
        1.48954        0.73875   2  13
        1.48954        0.79744   2  14
        1.48954        1.20765   2  15
        1.48954        1.87495   2  16
        1.48954        1.98608   2  17
        1.48954        2.06361   2  18
        1.54393       -0.49593   2   1
        1.54393       -0.15141   2   2
        1.54393       -0.14289   2   3
        1.54393       -0.00819   2   4
        1.54393        0.02102   2   5
        1.54393        0.03157   2   6
        1.54393        0.11669   2   7
        1.54393        0.11867   2   8
        1.54393        0.17149   2   9
        1.54393        0.17501   2  10
        1.54393        0.20734   2  11
        1.54393        0.67869   2  12
        1.54393        0.77893   2  13
        1.54393        0.82780   2  14
        1.54393        1.22676   2  15
        1.54393        2.01187   2  16
        1.54393        2.06019   2  17
        1.54393        2.23084   2  18
        1.59832       -0.51734   2   1
        1.59832       -0.16131   2   2
        1.59832       -0.15161   2   3
        1.59832       -0.00117   2   4
        1.59832        0.01282   2   5
        1.59832        0.03800   2   6
        1.59832        0.11391   2   7
        1.59832        0.13233   2   8
        1.59832        0.18693   2   9
        1.59832        0.19090   2  10
        1.59832        0.20600   2  11
        1.59832        0.63081   2  12
        1.59832        0.83704   2  13
        1.59832        0.85771   2  14
        1.59832        1.25139   2  15
        1.59832        2.13599   2  16
        1.59832        2.18177   2  17
        1.59832        2.33542   2  18
        1.65271       -0.53272   2   1
        1.65271       -0.16775   2   2
        1.65271       -0.15683   2   3
        1.65271        0.00332   2   4
        1.65271        0.00695   2   5
        1.65271        0.04109   2   6
        1.65271        0.11239   2   7
        1.65271        0.14183   2   8
        1.65271        0.19971   2   9
        1.65271        0.20168   2  10
        1.65271        0.20514   2  11
        1.65271        0.60078   2  12
        1.65271        0.87794   2  13
        1.65271        0.88243   2  14
        1.65271        1.27317   2  15
        1.65271        2.20255   2  16
        1.65271        2.34710   2  17
        1.65271        2.39693   2  18
        1.70711       -0.53889   2   1
        1.70711       -0.16997   2   2
        1.70711       -0.15856   2   3
        1.70711        0.00488   2   4
        1.70711        0.00488   2   5
        1.70711        0.04194   2   6
        1.70711        0.11193   2   7
        1.70711        0.14516   2   8
        1.70711        0.20483   2   9
        1.70711        0.20483   2  10
        1.70711        0.20539   2  11
        1.70711        0.59067   2  12
        1.70711        0.89271   2  13
        1.70711        0.89271   2  14
        1.70711        1.28173   2  15
        1.70711        2.23002   2  16
        1.70711        2.41846   2  17
        1.70711        2.41846   2  18
        1.70711       -0.53889   2   1
        1.70711       -0.16997   2   2
        1.70711       -0.15856   2   3
        1.70711        0.00488   2   4
        1.70711        0.00488   2   5
        1.70711        0.04194   2   6
        1.70711        0.11193   2   7
        1.70711        0.14516   2   8
        1.70711        0.20483   2   9
        1.70711        0.20483   2  10
        1.70711        0.20539   2  11
        1.70711        0.59067   2  12
        1.70711        0.89271   2  13
        1.70711        0.89271   2  14
        1.70711        1.28173   2  15
        1.70711        2.23002   2  16
        1.70711        2.41846   2  17
        1.70711        2.41846   2  18
        1.76242       -0.53357   2   1
        1.76242       -0.16895   2   2
        1.76242       -0.15653   2   3
        1.76242        0.00540   2   4
        1.76242        0.00540   2   5
        1.76242        0.04291   2   6
        1.76242        0.10935   2   7
        1.76242        0.14462   2   8
        1.76242        0.20075   2   9
        1.76242        0.20075   2  10
        1.76242        0.20427   2  11
        1.76242        0.56067   2  12
        1.76242        0.90198   2  13
        1.76242        0.90198   2  14
        1.76242        1.33912   2  15
        1.76242        2.18099   2  16
        1.76242        2.35607   2  17
        1.76242        2.35607   2  18
        1.81773       -0.51938   2   1
        1.81773       -0.16641   2   2
        1.81773       -0.15050   2   3
        1.81773        0.00703   2   4
        1.81773        0.00703   2   5
        1.81773        0.04573   2   6
        1.81773        0.10190   2   7
        1.81773        0.14297   2   8
        1.81773        0.18932   2   9
        1.81773        0.18932   2  10
        1.81773        0.20099   2  11
        1.81773        0.49486   2  12
        1.81773        0.93059   2  13
        1.81773        0.93059   2  14
        1.81773        1.46190   2  15
        1.81773        2.06565   2  16
        1.81773        2.20453   2  17
        1.81773        2.20453   2  18
        1.87304       -0.49659   2   1
        1.87304       -0.16387   2   2
        1.87304       -0.14073   2   3
        1.87304        0.00991   2   4
        1.87304        0.00991   2   5
        1.87304        0.05016   2   6
        1.87304        0.09018   2   7
        1.87304        0.13979   2   8
        1.87304        0.17259   2   9
        1.87304        0.17259   2  10
        1.87304        0.19584   2  11
        1.87304        0.41675   2  12
        1.87304        0.97652   2  13
        1.87304        0.97652   2  14
        1.87304        1.58420   2  15
        1.87304        1.94588   2  16
        1.87304        2.02973   2  17
        1.87304        2.02973   2  18
        1.92835       -0.46268   2   1
        1.92835       -0.16457   2   2
        1.92835       -0.12777   2   3
        1.92835        0.01415   2   4
        1.92835        0.01415   2   5
        1.92835        0.05589   2   6
        1.92835        0.07484   2   7
        1.92835        0.13405   2   8
        1.92835        0.15305   2   9
        1.92835        0.15305   2  10
        1.92835        0.18936   2  11
        1.92835        0.33625   2  12
        1.92835        1.03392   2  13
        1.92835        1.03392   2  14
        1.92835        1.67867   2  15
        1.92835        1.85639   2  16
        1.92835        1.86578   2  17
        1.92835        1.86578   2  18
        1.98366       -0.42050   2   1
        1.98366       -0.17315   2   2
        1.98366       -0.11248   2   3
        1.98366        0.01965   2   4
        1.98366        0.01965   2   5
        1.98366        0.05691   2   6
        1.98366        0.06230   2   7
        1.98366        0.12468   2   8
        1.98366        0.13307   2   9
        1.98366        0.13307   2  10
        1.98366        0.18229   2  11
        1.98366        0.27052   2  12
        1.98366        1.10176   2  13
        1.98366        1.10176   2  14
        1.98366        1.71401   2  15
        1.98366        1.71401   2  16
        1.98366        1.71798   2  17
        1.98366        1.79521   2  18
        2.03897       -0.37568   2   1
        2.03897       -0.19258   2   2
        2.03897       -0.09639   2   3
        2.03897        0.02599   2   4
        2.03897        0.02599   2   5
        2.03897        0.03840   2   6
        2.03897        0.06836   2   7
        2.03897        0.11274   2   8
        2.03897        0.11498   2   9
        2.03897        0.11498   2  10
        2.03897        0.17566   2  11
        2.03897        0.22965   2  12
        2.03897        1.18311   2  13
        2.03897        1.18311   2  14
        2.03897        1.57841   2  15
        2.03897        1.57841   2  16
        2.03897        1.67348   2  17
        2.03897        1.75270   2  18
        2.09427       -0.32758   2   1
        2.09427       -0.22489   2   2
        2.09427       -0.08259   2   3
        2.09427        0.02301   2   4
        2.09427        0.03196   2   5
        2.09427        0.03196   2   6
        2.09427        0.07277   2   7
        2.09427        0.10144   2   8
        2.09427        0.10144   2   9
        2.09427        0.10202   2  10
        2.09427        0.17078   2  11
        2.09427        0.20796   2  12
        2.09427        1.27172   2  13
        2.09427        1.27172   2  14
        2.09427        1.46987   2  15
        2.09427        1.46987   2  16
        2.09427        1.60518   2  17
        2.09427        1.69939   2  18
        2.14958       -0.28534   2   1
        2.14958       -0.26148   2   2
        2.14958       -0.07668   2   3
        2.14958        0.01658   2   4
        2.14958        0.03468   2   5
        2.14958        0.03468   2   6
        2.14958        0.07439   2   7
        2.14958        0.09611   2   8
        2.14958        0.09611   2   9
        2.14958        0.09750   2  10
        2.14958        0.16896   2  11
        2.14958        0.20084   2  12
        2.14958        1.33375   2  13
        2.14958        1.33375   2  14
        2.14958        1.40569   2  15
        2.14958        1.40569   2  16
        2.14958        1.57385   2  17
        2.14958        1.67160   2  18
        2.14958       -0.28534   2   1
        2.14958       -0.26148   2   2
        2.14958       -0.07668   2   3
        2.14958        0.01658   2   4
        2.14958        0.03468   2   5
        2.14958        0.03468   2   6
        2.14958        0.07439   2   7
        2.14958        0.09611   2   8
        2.14958        0.09611   2   9
        2.14958        0.09750   2  10
        2.14958        0.16896   2  11
        2.14958        0.20084   2  12
        2.14958        1.33375   2  13
        2.14958        1.33375   2  14
        2.14958        1.40569   2  15
        2.14958        1.40569   2  16
        2.14958        1.57385   2  17
        2.14958        1.67160   2  18
        2.20514       -0.28169   2   1
        2.20514       -0.25832   2   2
        2.20514       -0.07693   2   3
        2.20514        0.00864   2   4
        2.20514        0.03105   2   5
        2.20514        0.04267   2   6
        2.20514        0.06016   2   7
        2.20514        0.08890   2   8
        2.20514        0.10908   2   9
        2.20514        0.11053   2  10
        2.20514        0.17146   2  11
        2.20514        0.20150   2  12
        2.20514        1.27734   2  13
        2.20514        1.31964   2  14
        2.20514        1.33937   2  15
        2.20514        1.40979   2  16
        2.20514        1.65595   2  17
        2.20514        1.70971   2  18
        2.26070       -0.27148   2   1
        2.26070       -0.25028   2   2
        2.26070       -0.07682   2   3
        2.26070       -0.00297   2   4
        2.26070        0.02124   2   5
        2.26070        0.03974   2   6
        2.26070        0.05366   2   7
        2.26070        0.08748   2   8
        2.26070        0.12381   2   9
        2.26070        0.13157   2  10
        2.26070        0.17804   2  11
        2.26070        0.20328   2  12
        2.26070        1.15660   2  13
        2.26070        1.19208   2  14
        2.26070        1.35594   2  15
        2.26070        1.42206   2  16
        2.26070        1.74401   2  17
        2.26070        1.78968   2  18
        2.31625       -0.25645   2   1
        2.31625       -0.23942   2   2
        2.31625       -0.07385   2   3
        2.31625       -0.01181   2   4
        2.31625        0.00759   2   5
        2.31625        0.02030   2   6
        2.31625        0.06089   2   7
        2.31625        0.09341   2   8
        2.31625        0.13948   2   9
        2.31625        0.15201   2  10
        2.31625        0.18679   2  11
        2.31625        0.20569   2  12
        2.31625        1.03007   2  13
        2.31625        1.06538   2  14
        2.31625        1.38248   2  15
        2.31625        1.44251   2  16
        2.31625        1.78247   2  17
        2.31625        1.83262   2  18
        2.37181       -0.23921   2   1
        2.37181       -0.22688   2   2
        2.37181       -0.06393   2   3
        2.37181       -0.01447   2   4
        2.37181       -0.00731   2   5
        2.37181        0.00273   2   6
        2.37181        0.06557   2   7
        2.37181        0.10309   2   8
        2.37181        0.15485   2   9
        2.37181        0.17060   2  10
        2.37181        0.19602   2  11
        2.37181        0.20793   2  12
        2.37181        0.91737   2  13
        2.37181        0.94470   2  14
        2.37181        1.41700   2  15
        2.37181        1.47142   2  16
        2.37181        1.76292   2  17
        2.37181        1.80216   2  18
        2.42736       -0.22413   2   1
        2.42736       -0.21537   2   2
        2.42736       -0.04354   2   3
        2.42736       -0.02127   2   4
        2.42736       -0.01277   2   5
        2.42736       -0.00734   2   6
        2.42736        0.07008   2   7
        2.42736        0.11236   2   8
        2.42736        0.16779   2   9
        2.42736        0.18663   2  10
        2.42736        0.20458   2  11
        2.42736        0.20893   2  12
        2.42736        0.81713   2  13
        2.42736        0.83757   2  14
        2.42736        1.45648   2  15
        2.42736        1.50930   2  16
        2.42736        1.69357   2  17
        2.42736        1.72796   2  18
        2.48292       -0.21529   2   1
        2.48292       -0.20711   2   2
        2.48292       -0.03281   2   3
        2.48292       -0.02588   2   4
        2.48292       -0.01445   2   5
        2.48292        0.01161   2   6
        2.48292        0.07484   2   7
        2.48292        0.11957   2   8
        2.48292        0.17360   2   9
        2.48292        0.19954   2  10
        2.48292        0.20816   2  11
        2.48292        0.21180   2  12
        2.48292        0.73120   2  13
        2.48292        0.74941   2  14
        2.48292        1.49697   2  15
        2.48292        1.55474   2  16
        2.48292        1.61900   2  17
        2.48292        1.66657   2  18
        2.53847       -0.21120   2   1
        2.53847       -0.20301   2   2
        2.53847       -0.04110   2   3
        2.53847       -0.03611   2   4
        2.53847        0.01877   2   5
        2.53847        0.03921   2   6
        2.53847        0.07991   2   7
        2.53847        0.12452   2   8
        2.53847        0.16790   2   9
        2.53847        0.20476   2  10
        2.53847        0.20891   2  11
        2.53847        0.21731   2  12
        2.53847        0.66479   2  13
        2.53847        0.68228   2  14
        2.53847        1.53364   2  15
        2.53847        1.58961   2  16
        2.53847        1.60108   2  17
        2.53847        1.65025   2  18
        2.59403       -0.20863   2   1
        2.59403       -0.20240   2   2
        2.59403       -0.04573   2   3
        2.59403       -0.04294   2   4
        2.59403        0.05274   2   5
        2.59403        0.06328   2   6
        2.59403        0.08711   2   7
        2.59403        0.12764   2   8
        2.59403        0.15291   2   9
        2.59403        0.19776   2  10
        2.59403        0.21449   2  11
        2.59403        0.22085   2  12
        2.59403        0.62369   2  13
        2.59403        0.63578   2  14
        2.59403        1.56007   2  15
        2.59403        1.61340   2  16
        2.59403        1.63675   2  17
        2.59403        1.65890   2  18
        2.64958       -0.20735   2   1
        2.64958       -0.20287   2   2
        2.64958       -0.04687   2   3
        2.64958       -0.04567   2   4
        2.64958        0.06945   2   5
        2.64958        0.07400   2   6
        2.64958        0.09236   2   7
        2.64958        0.12815   2   8
        2.64958        0.14271   2   9
        2.64958        0.19295   2  10
        2.64958        0.21631   2  11
        2.64958        0.22209   2  12
        2.64958        0.61086   2  13
        2.64958        0.61688   2  14
        2.64958        1.56982   2  15
        2.64958        1.64824   2  16
        2.64958        1.65027   2  17
        2.64958        1.65097   2  18
        2.64958       -0.20735   2   1
        2.64958       -0.20287   2   2
        2.64958       -0.04687   2   3
        2.64958       -0.04567   2   4
        2.64958        0.06945   2   5
        2.64958        0.07400   2   6
        2.64958        0.09236   2   7
        2.64958        0.12815   2   8
        2.64958        0.14271   2   9
        2.64958        0.19295   2  10
        2.64958        0.21631   2  11
        2.64958        0.22209   2  12
        2.64958        0.61086   2  13
        2.64958        0.61688   2  14
        2.64958        1.56982   2  15
        2.64958        1.64824   2  16
        2.64958        1.65027   2  17
        2.64958        1.65097   2  18
        2.70514       -0.20339   2   1
        2.70514       -0.19929   2   2
        2.70514       -0.04846   2   3
        2.70514       -0.04694   2   4
        2.70514        0.06400   2   5
        2.70514        0.06612   2   6
        2.70514        0.08753   2   7
        2.70514        0.12599   2   8
        2.70514        0.14006   2   9
        2.70514        0.19188   2  10
        2.70514        0.23418   2  11
        2.70514        0.23908   2  12
        2.70514        0.61128   2  13
        2.70514        0.61739   2  14
        2.70514        1.53359   2  15
        2.70514        1.58718   2  16
        2.70514        1.59425   2  17
        2.70514        1.61587   2  18
        2.76070       -0.19206   2   1
        2.76070       -0.18910   2   2
        2.76070       -0.05313   2   3
        2.76070       -0.05064   2   4
        2.76070        0.04399   2   5
        2.76070        0.04666   2   6
        2.76070        0.08539   2   7
        2.76070        0.12634   2   8
        2.76070        0.13762   2   9
        2.76070        0.19132   2  10
        2.76070        0.27472   2  11
        2.76070        0.27793   2  12
        2.76070        0.61217   2  13
        2.76070        0.61852   2  14
        2.76070        1.43855   2  15
        2.76070        1.44737   2  16
        2.76070        1.46265   2  17
        2.76070        1.52463   2  18
        2.81625       -0.17426   2   1
        2.81625       -0.17333   2   2
        2.81625       -0.06040   2   3
        2.81625       -0.05626   2   4
        2.81625        0.01777   2   5
        2.81625        0.02359   2   6
        2.81625        0.08827   2   7
        2.81625        0.13212   2   8
        2.81625        0.13687   2   9
        2.81625        0.19161   2  10
        2.81625        0.32618   2  11
        2.81625        0.32821   2  12
        2.81625        0.61390   2  13
        2.81625        0.62055   2  14
        2.81625        1.30307   2  15
        2.81625        1.30676   2  16
        2.81625        1.33720   2  17
        2.81625        1.41050   2  18
        2.87181       -0.15329   2   1
        2.87181       -0.15096   2   2
        2.87181       -0.06928   2   3
        2.87181       -0.06285   2   4
        2.87181       -0.00825   2   5
        2.87181        0.00103   2   6
        2.87181        0.09308   2   7
        2.87181        0.13689   2   8
        2.87181        0.14182   2   9
        2.87181        0.19238   2  10
        2.87181        0.38325   2  11
        2.87181        0.38444   2  12
        2.87181        0.61841   2  13
        2.87181        0.62530   2  14
        2.87181        1.19121   2  15
        2.87181        1.19416   2  16
        2.87181        1.22697   2  17
        2.87181        1.29589   2  18
        2.92736       -0.13133   2   1
        2.92736       -0.12433   2   2
        2.92736       -0.07874   2   3
        2.92736       -0.06937   2   4
        2.92736       -0.03154   2   5
        2.92736       -0.01860   2   6
        2.92736        0.09840   2   7
        2.92736        0.13721   2   8
        2.92736        0.15377   2   9
        2.92736        0.19364   2  10
        2.92736        0.44324   2  11
        2.92736        0.44367   2  12
        2.92736        0.62727   2  13
        2.92736        0.63405   2  14
        2.92736        1.09066   2  15
        2.92736        1.10611   2  16
        2.92736        1.12963   2  17
        2.92736        1.18721   2  18
        2.98292       -0.11068   2   1
        2.98292       -0.09814   2   2
        2.98292       -0.08774   2   3
        2.98292       -0.07493   2   4
        2.98292       -0.05010   2   5
        2.98292       -0.03341   2   6
        2.98292        0.10323   2   7
        2.98292        0.13771   2   8
        2.98292        0.16561   2   9
        2.98292        0.19609   2  10
        2.98292        0.50729   2  11
        2.98292        0.50766   2  12
        2.98292        0.64087   2  13
        2.98292        0.64686   2  14
        2.98292        0.99286   2  15
        2.98292        1.01383   2  16
        2.98292        1.03686   2  17
        2.98292        1.08616   2  18
        3.03847       -0.09590   2   1
        3.03847       -0.09325   2   2
        3.03847       -0.08181   2   3
        3.03847       -0.07383   2   4
        3.03847       -0.06263   2   5
        3.03847       -0.04337   2   6
        3.03847        0.10691   2   7
        3.03847        0.13831   2   8
        3.03847        0.17422   2   9
        3.03847        0.20078   2  10
        3.03847        0.57515   2  11
        3.03847        0.57688   2  12
        3.03847        0.66122   2  13
        3.03847        0.66518   2  14
        3.03847        0.90293   2  15
        3.03847        0.91728   2  16
        3.03847        0.94679   2  17
        3.03847        0.99878   2  18
        3.09403       -0.10014   2   1
        3.09403       -0.08310   2   2
        3.09403       -0.08233   2   3
        3.09403       -0.07465   2   4
        3.09403       -0.05660   2   5
        3.09403       -0.04922   2   6
        3.09403        0.10914   2   7
        3.09403        0.13879   2   8
        3.09403        0.17836   2   9
        3.09403        0.20631   2  10
        3.09403        0.63436   2  11
        3.09403        0.63676   2  12
        3.09403        0.69492   2  13
        3.09403        0.69679   2  14
        3.09403        0.82384   2  15
        3.09403        0.83007   2  16
        3.09403        0.87721   2  17
        3.09403        0.93644   2  18
        3.14958       -0.10179   2   1
        3.14958       -0.08105   2   2
        3.14958       -0.07946   2   3
        3.14958       -0.07946   2   4
        3.14958       -0.05115   2   5
        3.14958       -0.05115   2   6
        3.14958        0.10987   2   7
        3.14958        0.13897   2   8
        3.14958        0.17948   2   9
        3.14958        0.20878   2  10
        3.14958        0.65820   2  11
        3.14958        0.65820   2  12
        3.14958        0.73893   2  13
        3.14958        0.74509   2  14
        3.14958        0.76611   2  15
        3.14958        0.76611   2  16
        3.14958        0.84952   2  17
        3.14958        0.91269   2  18
        3.14958       -0.10179   2   1
        3.14958       -0.08105   2   2
        3.14958       -0.07946   2   3
        3.14958       -0.07946   2   4
        3.14958       -0.05115   2   5
        3.14958       -0.05115   2   6
        3.14958        0.10987   2   7
        3.14958        0.13897   2   8
        3.14958        0.17948   2   9
        3.14958        0.20878   2  10
        3.14958        0.65820   2  11
        3.14958        0.65820   2  12
        3.14958        0.73893   2  13
        3.14958        0.74509   2  14
        3.14958        0.76611   2  15
        3.14958        0.76611   2  16
        3.14958        0.84952   2  17
        3.14958        0.91269   2  18
        3.20398       -0.10021   2   1
        3.20398       -0.08392   2   2
        3.20398       -0.07954   2   3
        3.20398       -0.07647   2   4
        3.20398       -0.05428   2   5
        3.20398       -0.05166   2   6
        3.20398        0.10918   2   7
        3.20398        0.13878   2   8
        3.20398        0.17848   2   9
        3.20398        0.20630   2  10
        3.20398        0.61893   2  11
        3.20398        0.66430   2  12
        3.20398        0.66450   2  13
        3.20398        0.75073   2  14
        3.20398        0.76935   2  15
        3.20398        0.85047   2  16
        3.20398        0.87001   2  17
        3.20398        0.94076   2  18
        3.25837       -0.09580   2   1
        3.25837       -0.08895   2   2
        3.25837       -0.07961   2   3
        3.25837       -0.07150   2   4
        3.25837       -0.06371   2   5
        3.25837       -0.05275   2   6
        3.25837        0.10722   2   7
        3.25837        0.13799   2   8
        3.25837        0.17557   2   9
        3.25837        0.19940   2  10
        3.25837        0.54631   2  11
        3.25837        0.58230   2  12
        3.25837        0.68355   2  13
        3.25837        0.76606   2  14
        3.25837        0.78106   2  15
        3.25837        0.88431   2  16
        3.25837        0.96534   2  17
        3.25837        1.03034   2  18
        3.31276       -0.09843   2   1
        3.31276       -0.08817   2   2
        3.31276       -0.07956   2   3
        3.31276       -0.07932   2   4
        3.31276       -0.06386   2   5
        3.31276       -0.05373   2   6
        3.31276        0.10431   2   7
        3.31276        0.13606   2   8
        3.31276        0.17105   2   9
        3.31276        0.18938   2  10
        3.31276        0.47393   2  11
        3.31276        0.50769   2  12
        3.31276        0.71674   2  13
        3.31276        0.78906   2  14
        3.31276        0.80314   2  15
        3.31276        0.90131   2  16
        3.31276        1.08529   2  17
        3.31276        1.14749   2  18
        3.36716       -0.11170   2   1
        3.36716       -0.10076   2   2
        3.36716       -0.07962   2   3
        3.36716       -0.07849   2   4
        3.36716       -0.05415   2   5
        3.36716       -0.05409   2   6
        3.36716        0.10106   2   7
        3.36716        0.13234   2   8
        3.36716        0.16567   2   9
        3.36716        0.17781   2  10
        3.36716        0.41042   2  11
        3.36716        0.44193   2  12
        3.36716        0.76183   2  13
        3.36716        0.82188   2  14
        3.36716        0.83393   2  15
        3.36716        0.92405   2  16
        3.36716        1.20669   2  17
        3.36716        1.26969   2  18
        3.42155       -0.12986   2   1
        3.42155       -0.12572   2   2
        3.42155       -0.07993   2   3
        3.42155       -0.06751   2   4
        3.42155       -0.05327   2   5
        3.42155       -0.04240   2   6
        3.42155        0.09826   2   7
        3.42155        0.12621   2   8
        3.42155        0.16080   2   9
        3.42155        0.16601   2  10
        3.42155        0.35786   2  11
        3.42155        0.38554   2  12
        3.42155        0.81415   2  13
        3.42155        0.86110   2  14
        3.42155        0.87131   2  15
        3.42155        0.95204   2  16
        3.42155        1.33564   2  17
        3.42155        1.40168   2  18
        3.47594       -0.15287   2   1
        3.47594       -0.15067   2   2
        3.47594       -0.08044   2   3
        3.47594       -0.05476   2   4
        3.47594       -0.05030   2   5
        3.47594       -0.02954   2   6
        3.47594        0.09642   2   7
        3.47594        0.11741   2   8
        3.47594        0.15466   2   9
        3.47594        0.15780   2  10
        3.47594        0.31616   2  11
        3.47594        0.33797   2  12
        3.47594        0.86872   2  13
        3.47594        0.90390   2  14
        3.47594        0.91590   2  15
        3.47594        0.98179   2  16
        3.47594        1.48161   2  17
        3.47594        1.55460   2  18
        3.53033       -0.17969   2   1
        3.53033       -0.17313   2   2
        3.53033       -0.08091   2   3
        3.53033       -0.04488   2   4
        3.53033       -0.04032   2   5
        3.53033       -0.01650   2   6
        3.53033        0.09575   2   7
        3.53033        0.10642   2   8
        3.53033        0.14373   2   9
        3.53033        0.15713   2  10
        3.53033        0.28175   2  11
        3.53033        0.29668   2  12
        3.53033        0.92504   2  13
        3.53033        0.95491   2  14
        3.53033        0.97133   2  15
        3.53033        1.01645   2  16
        3.53033        1.63737   2  17
        3.53033        1.72084   2  18
        3.58473       -0.20703   2   1
        3.58473       -0.19634   2   2
        3.58473       -0.08093   2   3
        3.58473       -0.03722   2   4
        3.58473       -0.02426   2   5
        3.58473       -0.00413   2   6
        3.58473        0.09421   2   7
        3.58473        0.09616   2   8
        3.58473        0.13299   2   9
        3.58473        0.15810   2  10
        3.58473        0.25029   2  11
        3.58473        0.26096   2  12
        3.58473        0.98909   2  13
        3.58473        1.01866   2  14
        3.58473        1.04207   2  15
        3.58473        1.06330   2  16
        3.58473        1.77852   2  17
        3.58473        1.87188   2  18
        3.63912       -0.23337   2   1
        3.63912       -0.21857   2   2
        3.63912       -0.08028   2   3
        3.63912       -0.02767   2   4
        3.63912       -0.00693   2   5
        3.63912        0.00772   2   6
        3.63912        0.08145   2   7
        3.63912        0.09706   2   8
        3.63912        0.12246   2   9
        3.63912        0.15859   2  10
        3.63912        0.21969   2  11
        3.63912        0.23387   2  12
        3.63912        1.06534   2  13
        3.63912        1.09086   2  14
        3.63912        1.12262   2  15
        3.63912        1.12844   2  16
        3.63912        1.86487   2  17
        3.63912        1.96270   2  18
        3.69351       -0.25535   2   1
        3.69351       -0.23674   2   2
        3.69351       -0.07915   2   3
        3.69351       -0.01649   2   4
        3.69351        0.01006   2   5
        3.69351        0.02102   2   6
        3.69351        0.06834   2   7
        3.69351        0.09753   2   8
        3.69351        0.11245   2   9
        3.69351        0.15372   2  10
        3.69351        0.19438   2  11
        3.69351        0.21538   2  12
        3.69351        1.15074   2  13
        3.69351        1.16568   2  14
        3.69351        1.18962   2  15
        3.69351        1.22297   2  16
        3.69351        1.86052   2  17
        3.69351        1.95025   2  18
        3.74791       -0.27157   2   1
        3.74791       -0.24987   2   2
        3.74791       -0.07789   2   3
        3.74791       -0.00402   2   4
        3.74791        0.02305   2   5
        3.74791        0.03907   2   6
        3.74791        0.05513   2   7
        3.74791        0.09674   2   8
        3.74791        0.10387   2   9
        3.74791        0.13773   2  10
        3.74791        0.17913   2  11
        3.74791        0.20527   2  12
        3.74791        1.23671   2  13
        3.74791        1.24306   2  14
        3.74791        1.26136   2  15
        3.74791        1.31256   2  16
        3.74791        1.77902   2  17
        3.74791        1.83883   2  18
        3.80230       -0.28180   2   1
        3.80230       -0.25839   2   2
        3.80230       -0.07699   2   3
        3.80230        0.00869   2   4
        3.80230        0.03151   2   5
        3.80230        0.04244   2   6
        3.80230        0.05998   2   7
        3.80230        0.09494   2   8
        3.80230        0.09810   2   9
        3.80230        0.11516   2  10
        3.80230        0.17145   2  11
        3.80230        0.20160   2  12
        3.80230        1.30614   2  13
        3.80230        1.30860   2  14
        3.80230        1.34295   2  15
        3.80230        1.37999   2  16
        3.80230        1.66240   2  17
        3.80230        1.71337   2  18
        3.85669       -0.28534   2   1
        3.85669       -0.26148   2   2
        3.85669       -0.07668   2   3
        3.85669        0.01658   2   4
        3.85669        0.03468   2   5
        3.85669        0.03468   2   6
        3.85669        0.07439   2   7
        3.85669        0.09611   2   8
        3.85669        0.09611   2   9
        3.85669        0.09750   2  10
        3.85669        0.16896   2  11
        3.85669        0.20084   2  12
        3.85669        1.33375   2  13
        3.85669        1.33375   2  14
        3.85669        1.40569   2  15
        3.85669        1.40569   2  16
        3.85669        1.57385   2  17
        3.85669        1.67160   2  18
        3.85669       -0.22256   2   1
        3.85669       -0.21108   2   2
        3.85669       -0.05114   2   3
        3.85669       -0.04295   2   4
        3.85669        0.01852   2   5
        3.85669        0.03934   2   6
        3.85669        0.04625   2   7
        3.85669        0.05869   2   8
        3.85669        0.11792   2   9
        3.85669        0.15131   2  10
        3.85669        0.19647   2  11
        3.85669        0.26588   2  12
        3.85669        1.12139   2  13
        3.85669        1.13732   2  14
        3.85669        1.44187   2  15
        3.85669        1.46710   2  16
        3.85669        1.47090   2  17
        3.85669        1.48696   2  18
        3.91200       -0.22085   2   1
        3.91200       -0.20957   2   2
        3.91200       -0.05193   2   3
        3.91200       -0.04391   2   4
        3.91200        0.01480   2   5
        3.91200        0.03273   2   6
        3.91200        0.05077   2   7
        3.91200        0.06188   2   8
        3.91200        0.12511   2   9
        3.91200        0.15532   2  10
        3.91200        0.19641   2  11
        3.91200        0.26538   2  12
        3.91200        1.06789   2  13
        3.91200        1.08561   2  14
        3.91200        1.46999   2  15
        3.91200        1.48745   2  16
        3.91200        1.49115   2  17
        3.91200        1.51699   2  18
        3.96731       -0.21639   2   1
        3.96731       -0.20569   2   2
        3.96731       -0.05232   2   3
        3.96731       -0.04398   2   4
        3.96731        0.00521   2   5
        3.96731        0.01793   2   6
        3.96731        0.06238   2   7
        3.96731        0.07020   2   8
        3.96731        0.14147   2   9
        3.96731        0.16561   2  10
        3.96731        0.19618   2  11
        3.96731        0.26389   2  12
        3.96731        0.96532   2  13
        3.96731        0.98458   2  14
        3.96731        1.47844   2  15
        3.96731        1.50345   2  16
        3.96731        1.56919   2  17
        3.96731        1.60005   2  18
        4.02262       -0.21109   2   1
        4.02262       -0.20157   2   2
        4.02262       -0.04817   2   3
        4.02262       -0.03823   2   4
        4.02262       -0.00719   2   5
        4.02262        0.00118   2   6
        4.02262        0.07738   2   7
        4.02262        0.08082   2   8
        4.02262        0.16039   2   9
        4.02262        0.17891   2  10
        4.02262        0.19491   2  11
        4.02262        0.26062   2  12
        4.02262        0.86509   2  13
        4.02262        0.88299   2  14
        4.02262        1.49202   2  15
        4.02262        1.52357   2  16
        4.02262        1.64386   2  17
        4.02262        1.67449   2  18
        4.07793       -0.20712   2   1
        4.07793       -0.19926   2   2
        4.07793       -0.03618   2   3
        4.07793       -0.02390   2   4
        4.07793       -0.01984   2   5
        4.07793       -0.01452   2   6
        4.07793        0.09105   2   7
        4.07793        0.09275   2   8
        4.07793        0.17856   2   9
        4.07793        0.19065   2  10
        4.07793        0.19251   2  11
        4.07793        0.25382   2  12
        4.07793        0.78016   2  13
        4.07793        0.79487   2  14
        4.07793        1.50997   2  15
        4.07793        1.55124   2  16
        4.07793        1.70194   2  17
        4.07793        1.73071   2  18
        4.13324       -0.20555   2   1
        4.13324       -0.19925   2   2
        4.13324       -0.03101   2   3
        4.13324       -0.02769   2   4
        4.13324       -0.01478   2   5
        4.13324       -0.00018   2   6
        4.13324        0.09923   2   7
        4.13324        0.10654   2   8
        4.13324        0.18181   2   9
        4.13324        0.19423   2  10
        4.13324        0.20465   2  11
        4.13324        0.24216   2  12
        4.13324        0.70980   2  13
        4.13324        0.72125   2  14
        4.13324        1.53052   2  15
        4.13324        1.58430   2  16
        4.13324        1.73067   2  17
        4.13324        1.75532   2  18
        4.18855       -0.20598   2   1
        4.18855       -0.20073   2   2
        4.18855       -0.03962   2   3
        4.18855       -0.03754   2   4
        4.18855        0.01491   2   5
        4.18855        0.03087   2   6
        4.18855        0.10392   2   7
        4.18855        0.11749   2   8
        4.18855        0.16766   2   9
        4.18855        0.20624   2  10
        4.18855        0.21410   2  11
        4.18855        0.22495   2  12
        4.18855        0.65494   2  13
        4.18855        0.66352   2  14
        4.18855        1.55020   2  15
        4.18855        1.61702   2  16
        4.18855        1.71611   2  17
        4.18855        1.73161   2  18
        4.24386       -0.20694   2   1
        4.24386       -0.20227   2   2
        4.24386       -0.04503   2   3
        4.24386       -0.04362   2   4
        4.24386        0.04764   2   5
        4.24386        0.06062   2   6
        4.24386        0.10175   2   7
        4.24386        0.12501   2   8
        4.24386        0.15077   2   9
        4.24386        0.20424   2  10
        4.24386        0.21376   2  11
        4.24386        0.22006   2  12
        4.24386        0.62143   2  13
        4.24386        0.62806   2  14
        4.24386        1.56455   2  15
        4.24386        1.64130   2  16
        4.24386        1.67401   2  17
        4.24386        1.67730   2  18
        4.29917       -0.20735   2   1
        4.29917       -0.20287   2   2
        4.29917       -0.04687   2   3
        4.29917       -0.04567   2   4
        4.29917        0.06945   2   5
        4.29917        0.07400   2   6
        4.29917        0.09236   2   7
        4.29917        0.12815   2   8
        4.29917        0.14271   2   9
        4.29917        0.19295   2  10
        4.29917        0.21631   2  11
        4.29917        0.22209   2  12
        4.29917        0.61086   2  13
        4.29917        0.61688   2  14
        4.29917        1.56982   2  15
        4.29917        1.64824   2  16
        4.29917        1.65027   2  17
        4.29917        1.65097   2  18
        4.29917       -0.19777   2   1
        4.29917       -0.19493   2   2
        4.29917       -0.10162   2   3
        4.29917       -0.10162   2   4
        4.29917        0.13834   2   5
        4.29917        0.14640   2   6
        4.29917        0.15656   2   7
        4.29917        0.15656   2   8
        4.29917        0.17810   2   9
        4.29917        0.20800   2  10
        4.29917        0.21473   2  11
        4.29917        0.21473   2  12
        4.29917        0.70332   2  13
        4.29917        0.71440   2  14
        4.29917        1.28965   2  15
        4.29917        1.28965   2  16
        4.29917        1.31960   2  17
        4.29917        1.39668   2  18
        4.35448       -0.19430   2   1
        4.35448       -0.19183   2   2
        4.35448       -0.10150   2   3
        4.35448       -0.10150   2   4
        4.35448        0.13093   2   5
        4.35448        0.13093   2   6
        4.35448        0.13836   2   7
        4.35448        0.14577   2   8
        4.35448        0.17823   2   9
        4.35448        0.20803   2  10
        4.35448        0.24471   2  11
        4.35448        0.24471   2  12
        4.35448        0.70352   2  13
        4.35448        0.71475   2  14
        4.35448        1.26858   2  15
        4.35448        1.26858   2  16
        4.35448        1.29184   2  17
        4.35448        1.36797   2  18
        4.40979       -0.18425   2   1
        4.40979       -0.18296   2   2
        4.40979       -0.10101   2   3
        4.40979       -0.10101   2   4
        4.40979        0.09212   2   5
        4.40979        0.09212   2   6
        4.40979        0.13843   2   7
        4.40979        0.14379   2   8
        4.40979        0.17861   2   9
        4.40979        0.20812   2  10
        4.40979        0.29657   2  11
        4.40979        0.29657   2  12
        4.40979        0.70395   2  13
        4.40979        0.71524   2  14
        4.40979        1.21196   2  15
        4.40979        1.21196   2  16
        4.40979        1.22229   2  17
        4.40979        1.29623   2  18
        4.46510       -0.16923   2   1
        4.46510       -0.16837   2   2
        4.46510       -0.09990   2   3
        4.46510       -0.09990   2   4
        4.46510        0.05562   2   5
        4.46510        0.05562   2   6
        4.46510        0.13854   2   7
        4.46510        0.14024   2   8
        4.46510        0.17911   2   9
        4.46510        0.20825   2  10
        4.46510        0.35476   2  11
        4.46510        0.35476   2  12
        4.46510        0.70508   2  13
        4.46510        0.71630   2  14
        4.46510        1.13471   2  15
        4.46510        1.13471   2  16
        4.46510        1.13710   2  17
        4.46510        1.20821   2  18
        4.52041       -0.15203   2   1
        4.52041       -0.14790   2   2
        4.52041       -0.09791   2   3
        4.52041       -0.09791   2   4
        4.52041        0.02353   2   5
        4.52041        0.02353   2   6
        4.52041        0.13486   2   7
        4.52041        0.13866   2   8
        4.52041        0.17949   2   9
        4.52041        0.20840   2  10
        4.52041        0.41684   2  11
        4.52041        0.41684   2  12
        4.52041        0.70837   2  13
        4.52041        0.71991   2  14
        4.52041        1.05046   2  15
        4.52041        1.05046   2  16
        4.52041        1.05292   2  17
        4.52041        1.12039   2  18
        4.57572       -0.13377   2   1
        4.57572       -0.12516   2   2
        4.57572       -0.09462   2   3
        4.57572       -0.09462   2   4
        4.57572       -0.00400   2   5
        4.57572       -0.00400   2   6
        4.57572        0.12767   2   7
        4.57572        0.13878   2   8
        4.57572        0.17962   2   9
        4.57572        0.20855   2  10
        4.57572        0.48238   2  11
        4.57572        0.48238   2  12
        4.57572        0.71433   2  13
        4.57572        0.72595   2  14
        4.57572        0.96623   2  15
        4.57572        0.96623   2  16
        4.57572        0.97625   2  17
        4.57572        1.04014   2  18
        4.63103       -0.11747   2   1
        4.63103       -0.10353   2   2
        4.63103       -0.08955   2   3
        4.63103       -0.08955   2   4
        4.63103       -0.02685   2   5
        4.63103       -0.02685   2   6
        4.63103        0.11957   2   7
        4.63103        0.13888   2   8
        4.63103        0.17957   2   9
        4.63103        0.20867   2  10
        4.63103        0.55071   2  11
        4.63103        0.55071   2  12
        4.63103        0.72263   2  13
        4.63103        0.73280   2  14
        4.63103        0.88450   2  15
        4.63103        0.88450   2  16
        4.63103        0.91243   2  17
        4.63103        0.97461   2  18
        4.68634       -0.10598   2   1
        4.68634       -0.08726   2   2
        4.68634       -0.08324   2   3
        4.68634       -0.08324   2   4
        4.68634       -0.04385   2   5
        4.68634       -0.04385   2   6
        4.68634        0.11267   2   7
        4.68634        0.13894   2   8
        4.68634        0.17950   2   9
        4.68634        0.20875   2  10
        4.68634        0.61782   2  11
        4.68634        0.61782   2  12
        4.68634        0.73289   2  13
        4.68634        0.74056   2  14
        4.68634        0.80926   2  15
        4.68634        0.80926   2  16
        4.68634        0.86727   2  17
        4.68634        0.92973   2  18
        4.74165       -0.10179   2   1
        4.74165       -0.08105   2   2
        4.74165       -0.07946   2   3
        4.74165       -0.07946   2   4
        4.74165       -0.05115   2   5
        4.74165       -0.05115   2   6
        4.74165        0.10987   2   7
        4.74165        0.13897   2   8
        4.74165        0.17948   2   9
        4.74165        0.20878   2  10
        4.74165        0.65820   2  11
        4.74165        0.65820   2  12
        4.74165        0.73893   2  13
        4.74165        0.74509   2  14
        4.74165        0.76611   2  15
        4.74165        0.76611   2  16
        4.74165        0.84952   2  17
        4.74165        0.91269   2  18
