        0.00000       -0.56475   1   1
        0.00000       -0.28998   1   2
        0.00000       -0.28030   1   3
        0.00000       -0.12870   1   4
        0.00000       -0.12870   1   5
        0.00000       -0.09618   1   6
        0.00000       -0.05473   1   7
        0.00000       -0.03017   1   8
        0.00000        0.03695   1   9
        0.00000        0.04004   1  10
        0.00000        0.04004   1  11
        0.00000        0.55396   1  12
        0.00000        0.86000   1  13
        0.00000        0.86000   1  14
        0.00000        1.19308   1  15
        0.00000        2.17213   1  16
        0.00000        2.34848   1  17
        0.00000        2.34848   1  18
        0.05556       -0.55860   1   1
        0.05556       -0.28787   1   2
        0.05556       -0.27836   1   3
        0.05556       -0.12896   1   4
        0.05556       -0.12767   1   5
        0.05556       -0.09677   1   6
        0.05556       -0.05444   1   7
        0.05556       -0.03211   1   8
        0.05556        0.03393   1   9
        0.05556        0.03635   1  10
        0.05556        0.03911   1  11
        0.05556        0.56315   1  12
        0.05556        0.82219   1  13
        0.05556        0.86820   1  14
        0.05556        1.18435   1  15
        0.05556        2.14505   1  16
        0.05556        2.27059   1  17
        0.05556        2.34059   1  18
        0.11111       -0.54424   1   1
        0.11111       -0.28181   1   2
        0.11111       -0.27268   1   3
        0.11111       -0.12957   1   4
        0.11111       -0.12465   1   5
        0.11111       -0.09849   1   6
        0.11111       -0.05553   1   7
        0.11111       -0.03575   1   8
        0.11111        0.02540   1   9
        0.11111        0.02640   1  10
        0.11111        0.03629   1  11
        0.11111        0.59200   1  12
        0.11111        0.72923   1  13
        0.11111        0.89450   1  14
        0.11111        1.16582   1  15
        0.11111        2.07717   1  16
        0.11111        2.09709   1  17
        0.11111        2.31678   1  18
        0.16667       -0.52390   1   1
        0.16667       -0.27242   1   2
        0.16667       -0.26371   1   3
        0.16667       -0.13010   1   4
        0.16667       -0.11991   1   5
        0.16667       -0.10112   1   6
        0.16667       -0.06411   1   7
        0.16667       -0.03474   1   8
        0.16667        0.01287   1   9
        0.16667        0.01290   1  10
        0.16667        0.03160   1  11
        0.16667        0.61715   1  12
        0.16667        0.63898   1  13
        0.16667        0.93873   1  14
        0.16667        1.15455   1  15
        0.16667        1.93428   1  16
        0.16667        1.98665   1  17
        0.16667        2.26808   1  18
        0.22222       -0.49086   1   1
        0.22222       -0.26047   1   2
        0.22222       -0.25256   1   3
        0.22222       -0.12990   1   4
        0.22222       -0.11394   1   5
        0.22222       -0.10404   1   6
        0.22222       -0.08010   1   7
        0.22222       -0.02972   1   8
        0.22222       -0.00145   1   9
        0.22222       -0.00118   1  10
        0.22222        0.02513   1  11
        0.22222        0.50478   1  12
        0.22222        0.69601   1  13
        0.22222        0.99468   1  14
        0.22222        1.15948   1  15
        0.22222        1.82089   1  16
        0.22222        1.86829   1  17
        0.22222        2.17238   1  18
        0.27778       -0.44521   1   1
        0.27778       -0.24702   1   2
        0.27778       -0.24132   1   3
        0.27778       -0.12827   1   4
        0.27778       -0.10837   1   5
        0.27778       -0.10570   1   6
        0.27778       -0.09962   1   7
        0.27778       -0.02996   1   8
        0.27778       -0.01533   1   9
        0.27778       -0.00797   1  10
        0.27778        0.01705   1  11
        0.27778        0.39582   1  12
        0.27778        0.75831   1  13
        0.27778        1.05844   1  14
        0.27778        1.17269   1  15
        0.27778        1.70753   1  16
        0.27778        1.72904   1  17
        0.27778        2.01751   1  18
        0.33333       -0.39848   1   1
        0.33333       -0.23674   1   2
        0.33333       -0.22878   1   3
        0.33333       -0.12533   1   4
        0.33333       -0.11936   1   5
        0.33333       -0.10868   1   6
        0.33333       -0.10137   1   7
        0.33333       -0.04331   1   8
        0.33333       -0.02619   1   9
        0.33333        0.00108   1  10
        0.33333        0.00761   1  11
        0.33333        0.29541   1  12
        0.33333        0.83100   1  13
        0.33333        1.13531   1  14
        0.33333        1.18142   1  15
        0.33333        1.53666   1  16
        0.33333        1.62528   1  17
        0.33333        1.82826   1  18
        0.38889       -0.35590   1   1
        0.38889       -0.23469   1   2
        0.38889       -0.21277   1   3
        0.38889       -0.14104   1   4
        0.38889       -0.11717   1   5
        0.38889       -0.10885   1   6
        0.38889       -0.09850   1   7
        0.38889       -0.06031   1   8
        0.38889       -0.03146   1   9
        0.38889       -0.00277   1  10
        0.38889        0.01811   1  11
        0.38889        0.20933   1  12
        0.38889        0.91695   1  13
        0.38889        1.17310   1  14
        0.38889        1.22939   1  15
        0.38889        1.41055   1  16
        0.38889        1.53037   1  17
        0.38889        1.65401   1  18
        0.44444       -0.31229   1   1
        0.44444       -0.24363   1   2
        0.44444       -0.19587   1   3
        0.44444       -0.16022   1   4
        0.44444       -0.10787   1   5
        0.44444       -0.10716   1   6
        0.44444       -0.09875   1   7
        0.44444       -0.07735   1   8
        0.44444       -0.03007   1   9
        0.44444       -0.01331   1  10
        0.44444        0.04245   1  11
        0.44444        0.13834   1  12
        0.44444        1.00303   1  13
        0.44444        1.13287   1  14
        0.44444        1.33048   1  15
        0.44444        1.37778   1  16
        0.44444        1.46162   1  17
        0.44444        1.52443   1  18
        0.50000       -0.27125   1   1
        0.50000       -0.26969   1   2
        0.50000       -0.17860   1   3
        0.50000       -0.17830   1   4
        0.50000       -0.10697   1   5
        0.50000       -0.09971   1   6
        0.50000       -0.09596   1   7
        0.50000       -0.09096   1   8
        0.50000       -0.02489   1   9
        0.50000       -0.02138   1  10
        0.50000        0.07088   1  11
        0.50000        0.09224   1  12
        0.50000        1.06778   1  13
        0.50000        1.08153   1  14
        0.50000        1.39314   1  15
        0.50000        1.41819   1  16
        0.50000        1.42571   1  17
        0.50000        1.43400   1  18
        0.50000       -0.27125   1   1
        0.50000       -0.26969   1   2
        0.50000       -0.17860   1   3
        0.50000       -0.17830   1   4
        0.50000       -0.10697   1   5
        0.50000       -0.09971   1   6
        0.50000       -0.09596   1   7
        0.50000       -0.09096   1   8
        0.50000       -0.02489   1   9
        0.50000       -0.02138   1  10
        0.50000        0.07088   1  11
        0.50000        0.09224   1  12
        0.50000        1.06778   1  13
        0.50000        1.08153   1  14
        0.50000        1.39314   1  15
        0.50000        1.41819   1  16
        0.50000        1.42571   1  17
        0.50000        1.43400   1  18
        0.55556       -0.26902   1   1
        0.55556       -0.26832   1   2
        0.55556       -0.18138   1   3
        0.55556       -0.18116   1   4
        0.55556       -0.10291   1   5
        0.55556       -0.10046   1   6
        0.55556       -0.09967   1   7
        0.55556       -0.09252   1   8
        0.55556       -0.01872   1   9
        0.55556       -0.01509   1  10
        0.55556        0.07240   1  11
        0.55556        0.09348   1  12
        0.55556        1.07185   1  13
        0.55556        1.08612   1  14
        0.55556        1.32648   1  15
        0.55556        1.34661   1  16
        0.55556        1.44884   1  17
        0.55556        1.47636   1  18
        0.61111       -0.26607   1   1
        0.61111       -0.26410   1   2
        0.61111       -0.18620   1   3
        0.61111       -0.18537   1   4
        0.61111       -0.11566   1   5
        0.61111       -0.11298   1   6
        0.61111       -0.08709   1   7
        0.61111       -0.08065   1   8
        0.61111       -0.00537   1   9
        0.61111       -0.00157   1  10
        0.61111        0.07707   1  11
        0.61111        0.09723   1  12
        0.61111        1.08323   1  13
        0.61111        1.09916   1  14
        0.61111        1.21455   1  15
        0.61111        1.23231   1  16
        0.61111        1.45326   1  17
        0.61111        1.48000   1  18
        0.66667       -0.26716   1   1
        0.66667       -0.26125   1   2
        0.66667       -0.18711   1   3
        0.66667       -0.18572   1   4
        0.66667       -0.12676   1   5
        0.66667       -0.12558   1   6
        0.66667       -0.07048   1   7
        0.66667       -0.06468   1   8
        0.66667        0.00897   1   9
        0.66667        0.01283   1  10
        0.66667        0.08476   1  11
        0.66667        0.10327   1  12
        0.66667        1.07249   1  13
        0.66667        1.08990   1  14
        0.66667        1.10923   1  15
        0.66667        1.12884   1  16
        0.66667        1.42180   1  17
        0.66667        1.44170   1  18
        0.72222       -0.27315   1   1
        0.72222       -0.26365   1   2
        0.72222       -0.18822   1   3
        0.72222       -0.18578   1   4
        0.72222       -0.12523   1   5
        0.72222       -0.12502   1   6
        0.72222       -0.05422   1   7
        0.72222       -0.04830   1   8
        0.72222        0.02180   1   9
        0.72222        0.02546   1  10
        0.72222        0.09460   1  11
        0.72222        0.11088   1  12
        0.72222        0.94463   1  13
        0.72222        0.96314   1  14
        0.72222        1.12911   1  15
        0.72222        1.15202   1  16
        0.72222        1.37064   1  17
        0.72222        1.38284   1  18
        0.77778       -0.28163   1   1
        0.77778       -0.26948   1   2
        0.77778       -0.19579   1   3
        0.77778       -0.19345   1   4
        0.77778       -0.10529   1   5
        0.77778       -0.10447   1   6
        0.77778       -0.03997   1   7
        0.77778       -0.03328   1   8
        0.77778        0.03262   1   9
        0.77778        0.03563   1  10
        0.77778        0.10533   1  11
        0.77778        0.11887   1  12
        0.77778        0.83162   1  13
        0.77778        0.85040   1  14
        0.77778        1.15866   1  15
        0.77778        1.18478   1  16
        0.77778        1.32863   1  17
        0.77778        1.33775   1  18
        0.83333       -0.29023   1   1
        0.83333       -0.27615   1   2
        0.83333       -0.20585   1   3
        0.83333       -0.20431   1   4
        0.83333       -0.07529   1   5
        0.83333       -0.07161   1   6
        0.83333       -0.02876   1   7
        0.83333       -0.02078   1   8
        0.83333        0.04137   1   9
        0.83333        0.04335   1  10
        0.83333        0.11564   1  11
        0.83333        0.12585   1  12
        0.83333        0.74015   1  13
        0.83333        0.75873   1  14
        0.83333        1.19227   1  15
        0.83333        1.21959   1  16
        0.83333        1.30949   1  17
        0.83333        1.32267   1  18
        0.88889       -0.29732   1   1
        0.88889       -0.28185   1   2
        0.88889       -0.21452   1   3
        0.88889       -0.21377   1   4
        0.88889       -0.04406   1   5
        0.88889       -0.03660   1   6
        0.88889       -0.02087   1   7
        0.88889       -0.01149   1   8
        0.88889        0.04774   1   9
        0.88889        0.04868   1  10
        0.88889        0.12415   1  11
        0.88889        0.13034   1  12
        0.88889        0.66875   1  13
        0.88889        0.68713   1  14
        0.88889        1.22523   1  15
        0.88889        1.24847   1  16
        0.88889        1.30186   1  17
        0.88889        1.32642   1  18
        0.94444       -0.30179   1   1
        0.94444       -0.28544   1   2
        0.94444       -0.22016   1   3
        0.94444       -0.21996   1   4
        0.94444       -0.02037   1   5
        0.94444       -0.01558   1   6
        0.94444       -0.00966   1   7
        0.94444       -0.00467   1   8
        0.94444        0.05132   1   9
        0.94444        0.05158   1  10
        0.94444        0.12948   1  11
        0.94444        0.13151   1  12
        0.94444        0.62049   1  13
        0.94444        0.63901   1  14
        0.94444        1.25118   1  15
        0.94444        1.26146   1  16
        0.94444        1.29273   1  17
        0.94444        1.33580   1  18
        1.00000       -0.30327   1   1
        1.00000       -0.28662   1   2
        1.00000       -0.22210   1   3
        1.00000       -0.22210   1   4
        1.00000       -0.01551   1   5
        1.00000       -0.00942   1   6
        1.00000       -0.00487   1   7
        1.00000        0.00373   1   8
        1.00000        0.05234   1   9
        1.00000        0.05234   1  10
        1.00000        0.13118   1  11
        1.00000        0.13118   1  12
        1.00000        0.60295   1  13
        1.00000        0.62164   1  14
        1.00000        1.26302   1  15
        1.00000        1.26302   1  16
        1.00000        1.28568   1  17
        1.00000        1.34099   1  18
        1.00000       -0.30327   1   1
        1.00000       -0.28662   1   2
        1.00000       -0.22210   1   3
        1.00000       -0.22210   1   4
        1.00000       -0.01551   1   5
        1.00000       -0.00942   1   6
        1.00000       -0.00487   1   7
        1.00000        0.00373   1   8
        1.00000        0.05234   1   9
        1.00000        0.05234   1  10
        1.00000        0.13118   1  11
        1.00000        0.13118   1  12
        1.00000        0.60295   1  13
        1.00000        0.62164   1  14
        1.00000        1.26302   1  15
        1.00000        1.26302   1  16
        1.00000        1.28568   1  17
        1.00000        1.34099   1  18
        1.05439       -0.30199   1   1
        1.05439       -0.28540   1   2
        1.05439       -0.22091   1   3
        1.05439       -0.21939   1   4
        1.05439       -0.02078   1   5
        1.05439       -0.01797   1   6
        1.05439       -0.00712   1   7
        1.05439       -0.00201   1   8
        1.05439        0.05067   1   9
        1.05439        0.05244   1  10
        1.05439        0.11056   1  11
        1.05439        0.14993   1  12
        1.05439        0.61096   1  13
        1.05439        0.64628   1  14
        1.05439        1.24566   1  15
        1.05439        1.27488   1  16
        1.05439        1.27933   1  17
        1.05439        1.34275   1  18
        1.10879       -0.29977   1   1
        1.10879       -0.28065   1   2
        1.10879       -0.21748   1   3
        1.10879       -0.21156   1   4
        1.10879       -0.05234   1   5
        1.10879       -0.02665   1   6
        1.10879       -0.01178   1   7
        1.10879       -0.00688   1   8
        1.10879        0.04535   1   9
        1.10879        0.05263   1  10
        1.10879        0.06045   1  11
        1.10879        0.19292   1  12
        1.10879        0.61581   1  13
        1.10879        0.72529   1  14
        1.10879        1.21308   1  15
        1.10879        1.23193   1  16
        1.10879        1.30049   1  17
        1.10879        1.37024   1  18
        1.16318       -0.30099   1   1
        1.16318       -0.27111   1   2
        1.16318       -0.21212   1   3
        1.16318       -0.19967   1   4
        1.16318       -0.08763   1   5
        1.16318       -0.04079   1   6
        1.16318       -0.02028   1   7
        1.16318       -0.01256   1   8
        1.16318        0.00422   1   9
        1.16318        0.03603   1  10
        1.16318        0.05266   1  11
        1.16318        0.24835   1  12
        1.16318        0.62042   1  13
        1.16318        0.83289   1  14
        1.16318        1.14146   1  15
        1.16318        1.20155   1  16
        1.16318        1.32447   1  17
        1.16318        1.41607   1  18
        1.21757       -0.31080   1   1
        1.21757       -0.25874   1   2
        1.21757       -0.20535   1   3
        1.21757       -0.18553   1   4
        1.21757       -0.12103   1   5
        1.21757       -0.05778   1   6
        1.21757       -0.05557   1   7
        1.21757       -0.01945   1   8
        1.21757       -0.01580   1   9
        1.21757        0.02319   1  10
        1.21757        0.05228   1  11
        1.21757        0.31165   1  12
        1.21757        0.62785   1  13
        1.21757        0.95096   1  14
        1.21757        1.06199   1  15
        1.21757        1.17797   1  16
        1.21757        1.34757   1  17
        1.21757        1.47596   1  18
        1.27196       -0.33371   1   1
        1.27196       -0.24729   1   2
        1.27196       -0.19880   1   3
        1.27196       -0.17125   1   4
        1.27196       -0.15023   1   5
        1.27196       -0.08491   1   6
        1.27196       -0.06981   1   7
        1.27196       -0.02636   1   8
        1.27196       -0.02141   1   9
        1.27196        0.00830   1  10
        1.27196        0.05139   1  11
        1.27196        0.37765   1  12
        1.27196        0.63985   1  13
        1.27196        0.97255   1  14
        1.27196        1.09142   1  15
        1.27196        1.15421   1  16
        1.27196        1.38792   1  17
        1.27196        1.54930   1  18
        1.32636       -0.36865   1   1
        1.32636       -0.24086   1   2
        1.32636       -0.19962   1   3
        1.32636       -0.16775   1   4
        1.32636       -0.15747   1   5
        1.32636       -0.08920   1   6
        1.32636       -0.07774   1   7
        1.32636       -0.03227   1   8
        1.32636       -0.02545   1   9
        1.32636       -0.00587   1  10
        1.32636        0.05008   1  11
        1.32636        0.44321   1  12
        1.32636        0.65608   1  13
        1.32636        0.89403   1  14
        1.32636        1.13255   1  15
        1.32636        1.25948   1  16
        1.32636        1.46491   1  17
        1.32636        1.63901   1  18
        1.38075       -0.41044   1   1
        1.38075       -0.24223   1   2
        1.38075       -0.21550   1   3
        1.38075       -0.16581   1   4
        1.38075       -0.14308   1   5
        1.38075       -0.08383   1   6
        1.38075       -0.07679   1   7
        1.38075       -0.03733   1   8
        1.38075       -0.02734   1   9
        1.38075       -0.01452   1  10
        1.38075        0.04842   1  11
        1.38075        0.50981   1  12
        1.38075        0.67699   1  13
        1.38075        0.81967   1  14
        1.38075        1.12004   1  15
        1.38075        1.48806   1  16
        1.38075        1.57903   1  17
        1.38075        1.74234   1  18
        1.43514       -0.45386   1   1
        1.43514       -0.25034   1   2
        1.43514       -0.23425   1   3
        1.43514       -0.15724   1   4
        1.43514       -0.12824   1   5
        1.43514       -0.08910   1   6
        1.43514       -0.06332   1   7
        1.43514       -0.04214   1   8
        1.43514       -0.02418   1   9
        1.43514       -0.01262   1  10
        1.43514        0.04651   1  11
        1.43514        0.57984   1  12
        1.43514        0.70520   1  13
        1.43514        0.75185   1  14
        1.43514        1.11833   1  15
        1.43514        1.70730   1  16
        1.43514        1.75367   1  17
        1.43514        1.84383   1  18
        1.48954       -0.49264   1   1
        1.48954       -0.26163   1   2
        1.48954       -0.25063   1   3
        1.48954       -0.14812   1   4
        1.48954       -0.11486   1   5
        1.48954       -0.09944   1   6
        1.48954       -0.05212   1   7
        1.48954       -0.04671   1   8
        1.48954       -0.01273   1   9
        1.48954       -0.00143   1  10
        1.48954        0.04453   1  11
        1.48954        0.65351   1  12
        1.48954        0.68871   1  13
        1.48954        0.74081   1  14
        1.48954        1.12454   1  15
        1.48954        1.83129   1  16
        1.48954        1.92880   1  17
        1.48954        1.99734   1  18
        1.54393       -0.52213   1   1
        1.54393       -0.27288   1   2
        1.54393       -0.26358   1   3
        1.54393       -0.14014   1   4
        1.54393       -0.11088   1   5
        1.54393       -0.10492   1   6
        1.54393       -0.05047   1   7
        1.54393       -0.04422   1   8
        1.54393        0.00476   1   9
        1.54393        0.01290   1  10
        1.54393        0.04274   1  11
        1.54393        0.63238   1  12
        1.54393        0.72822   1  13
        1.54393        0.77948   1  14
        1.54393        1.13955   1  15
        1.54393        1.96508   1  16
        1.54393        2.00516   1  17
        1.54393        2.17167   1  18
        1.59832       -0.54347   1   1
        1.59832       -0.28204   1   2
        1.59832       -0.27284   1   3
        1.59832       -0.13400   1   4
        1.59832       -0.12042   1   5
        1.59832       -0.09924   1   6
        1.59832       -0.05301   1   7
        1.59832       -0.03732   1   8
        1.59832        0.02236   1   9
        1.59832        0.02561   1  10
        1.59832        0.04132   1  11
        1.59832        0.58895   1  12
        1.59832        0.79571   1  13
        1.59832        0.81681   1  14
        1.59832        1.16270   1  15
        1.59832        2.08147   1  16
        1.59832        2.12701   1  17
        1.59832        2.27640   1  18
        1.65271       -0.55870   1   1
        1.65271       -0.28795   1   2
        1.65271       -0.27843   1   3
        1.65271       -0.13007   1   4
        1.65271       -0.12659   1   5
        1.65271       -0.09680   1   6
        1.65271       -0.05434   1   7
        1.65271       -0.03211   1   8
        1.65271        0.03403   1   9
        1.65271        0.03529   1  10
        1.65271        0.04038   1  11
        1.65271        0.56262   1  12
        1.65271        0.84307   1  13
        1.65271        0.84737   1  14
        1.65271        1.18441   1  15
        1.65271        2.14607   1  16
        1.65271        2.28199   1  17
        1.65271        2.33113   1  18
        1.70711       -0.56475   1   1
        1.70711       -0.28998   1   2
        1.70711       -0.28030   1   3
        1.70711       -0.12870   1   4
        1.70711       -0.12870   1   5
        1.70711       -0.09618   1   6
        1.70711       -0.05473   1   7
        1.70711       -0.03017   1   8
        1.70711        0.03695   1   9
        1.70711        0.04004   1  10
        1.70711        0.04004   1  11
        1.70711        0.55396   1  12
        1.70711        0.86000   1  13
        1.70711        0.86000   1  14
        1.70711        1.19308   1  15
        1.70711        2.17213   1  16
        1.70711        2.34848   1  17
        1.70711        2.34848   1  18
        1.70711       -0.56475   1   1
        1.70711       -0.28998   1   2
        1.70711       -0.28030   1   3
        1.70711       -0.12870   1   4
        1.70711       -0.12870   1   5
        1.70711       -0.09618   1   6
        1.70711       -0.05473   1   7
        1.70711       -0.03017   1   8
        1.70711        0.03695   1   9
        1.70711        0.04004   1  10
        1.70711        0.04004   1  11
        1.70711        0.55396   1  12
        1.70711        0.86000   1  13
        1.70711        0.86000   1  14
        1.70711        1.19308   1  15
        1.70711        2.17213   1  16
        1.70711        2.34848   1  17
        1.70711        2.34848   1  18
        1.76242       -0.55959   1   1
        1.76242       -0.28828   1   2
        1.76242       -0.27853   1   3
        1.76242       -0.12807   1   4
        1.76242       -0.12807   1   5
        1.76242       -0.09520   1   6
        1.76242       -0.05682   1   7
        1.76242       -0.03040   1   8
        1.76242        0.03586   1   9
        1.76242        0.03675   1  10
        1.76242        0.03675   1  11
        1.76242        0.51857   1  12
        1.76242        0.86856   1  13
        1.76242        0.86856   1  14
        1.76242        1.25538   1  15
        1.76242        2.12496   1  16
        1.76242        2.28877   1  17
        1.76242        2.28877   1  18
        1.81773       -0.54538   1   1
        1.81773       -0.28396   1   2
        1.81773       -0.27326   1   3
        1.81773       -0.12608   1   4
        1.81773       -0.12608   1   5
        1.81773       -0.09236   1   6
        1.81773       -0.06286   1   7
        1.81773       -0.03143   1   8
        1.81773        0.02742   1   9
        1.81773        0.02742   1  10
        1.81773        0.03267   1  11
        1.81773        0.44145   1  12
        1.81773        0.89467   1  13
        1.81773        0.89467   1  14
        1.81773        1.38912   1  15
        1.81773        2.01538   1  16
        1.81773        2.14070   1  17
        1.81773        2.14070   1  18
        1.87304       -0.52244   1   1
        1.87304       -0.27801   1   2
        1.87304       -0.26475   1   3
        1.87304       -0.12260   1   4
        1.87304       -0.12260   1   5
        1.87304       -0.08783   1   6
        1.87304       -0.07233   1   7
        1.87304       -0.03326   1   8
        1.87304        0.01338   1   9
        1.87304        0.01338   1  10
        1.87304        0.02759   1  11
        1.87304        0.35019   1  12
        1.87304        0.93696   1  13
        1.87304        0.93696   1  14
        1.87304        1.52162   1  15
        1.87304        1.90350   1  16
        1.87304        1.96541   1  17
        1.87304        1.96541   1  18
        1.92835       -0.48945   1   1
        1.92835       -0.27127   1   2
        1.92835       -0.25347   1   3
        1.92835       -0.11747   1   4
        1.92835       -0.11747   1   5
        1.92835       -0.08481   1   6
        1.92835       -0.08185   1   7
        1.92835       -0.03504   1   8
        1.92835       -0.00364   1   9
        1.92835       -0.00364   1  10
        1.92835        0.02103   1  11
        1.92835        0.25306   1  12
        1.92835        0.99163   1  13
        1.92835        0.99163   1  14
        1.92835        1.61836   1  15
        1.92835        1.80197   1  16
        1.92835        1.80197   1  17
        1.92835        1.81918   1  18
        1.98366       -0.44909   1   1
        1.98366       -0.26726   1   2
        1.98366       -0.24019   1   3
        1.98366       -0.11061   1   4
        1.98366       -0.11061   1   5
        1.98366       -0.09956   1   6
        1.98366       -0.07493   1   7
        1.98366       -0.03687   1   8
        1.98366       -0.02195   1   9
        1.98366       -0.02195   1  10
        1.98366        0.01363   1  11
        1.98366        0.16403   1  12
        1.98366        1.05751   1  13
        1.98366        1.05751   1  14
        1.98366        1.65694   1  15
        1.98366        1.65731   1  16
        1.98366        1.65731   1  17
        1.98366        1.75422   1  18
        2.03897       -0.40589   1   1
        2.03897       -0.27104   1   2
        2.03897       -0.22618   1   3
        2.03897       -0.11497   1   4
        2.03897       -0.10199   1   5
        2.03897       -0.10199   1   6
        2.03897       -0.06803   1   7
        2.03897       -0.03998   1   8
        2.03897       -0.03998   1   9
        2.03897       -0.03941   1  10
        2.03897        0.00631   1  11
        2.03897        0.09565   1  12
        2.03897        1.13568   1  13
        2.03897        1.13568   1  14
        2.03897        1.53032   1  15
        2.03897        1.53032   1  16
        2.03897        1.62066   1  17
        2.03897        1.69996   1  18
        2.09427       -0.36150   1   1
        2.09427       -0.28605   1   2
        2.09427       -0.21411   1   3
        2.09427       -0.12795   1   4
        2.09427       -0.09207   1   5
        2.09427       -0.09207   1   6
        2.09427       -0.06265   1   7
        2.09427       -0.05605   1   8
        2.09427       -0.05605   1   9
        2.09427       -0.04081   1  10
        2.09427        0.00056   1  11
        2.09427        0.04858   1  12
        2.09427        1.22138   1  13
        2.09427        1.22138   1  14
        2.09427        1.42352   1  15
        2.09427        1.42352   1  16
        2.09427        1.55246   1  17
        2.09427        1.65139   1  18
        2.14958       -0.32813   1   1
        2.14958       -0.30752   1   2
        2.14958       -0.20892   1   3
        2.14958       -0.13344   1   4
        2.14958       -0.08541   1   5
        2.14958       -0.08541   1   6
        2.14958       -0.06483   1   7
        2.14958       -0.06483   1   8
        2.14958       -0.06055   1   9
        2.14958       -0.04012   1  10
        2.14958       -0.00170   1  11
        2.14958        0.02928   1  12
        2.14958        1.28432   1  13
        2.14958        1.28432   1  14
        2.14958        1.35611   1  15
        2.14958        1.35611   1  16
        2.14958        1.51973   1  17
        2.14958        1.62925   1  18
        2.14958       -0.32813   1   1
        2.14958       -0.30752   1   2
        2.14958       -0.20892   1   3
        2.14958       -0.13344   1   4
        2.14958       -0.08541   1   5
        2.14958       -0.08541   1   6
        2.14958       -0.06483   1   7
        2.14958       -0.06483   1   8
        2.14958       -0.06055   1   9
        2.14958       -0.04012   1  10
        2.14958       -0.00170   1  11
        2.14958        0.02928   1  12
        2.14958        1.28432   1  13
        2.14958        1.28432   1  14
        2.14958        1.35611   1  15
        2.14958        1.35611   1  16
        2.14958        1.51973   1  17
        2.14958        1.62925   1  18
        2.20514       -0.32485   1   1
        2.20514       -0.30511   1   2
        2.20514       -0.20860   1   3
        2.20514       -0.13564   1   4
        2.20514       -0.08970   1   5
        2.20514       -0.08667   1   6
        2.20514       -0.08293   1   7
        2.20514       -0.06295   1   8
        2.20514       -0.04254   1   9
        2.20514       -0.03418   1  10
        2.20514        0.00176   1  11
        2.20514        0.03089   1  12
        2.20514        1.22570   1  13
        2.20514        1.26687   1  14
        2.20514        1.28999   1  15
        2.20514        1.36023   1  16
        2.20514        1.60264   1  17
        2.20514        1.66460   1  18
        2.26070       -0.31611   1   1
        2.26070       -0.29995   1   2
        2.26070       -0.20614   1   3
        2.26070       -0.14000   1   4
        2.26070       -0.10247   1   5
        2.26070       -0.10048   1   6
        2.26070       -0.08844   1   7
        2.26070       -0.05863   1   8
        2.26070       -0.02329   1   9
        2.26070       -0.01954   1  10
        2.26070        0.01024   1  11
        2.26070        0.03518   1  12
        2.26070        1.10083   1  13
        2.26070        1.13437   1  14
        2.26070        1.30686   1  15
        2.26070        1.37257   1  16
        2.26070        1.69485   1  17
        2.26070        1.72939   1  18
        2.31625       -0.30457   1   1
        2.31625       -0.29547   1   2
        2.31625       -0.19765   1   3
        2.31625       -0.14158   1   4
        2.31625       -0.12074   1   5
        2.31625       -0.11448   1   6
        2.31625       -0.08858   1   7
        2.31625       -0.05398   1   8
        2.31625       -0.00530   1   9
        2.31625       -0.00053   1  10
        2.31625        0.02062   1  11
        2.31625        0.04110   1  12
        2.31625        0.96944   1  13
        2.31625        1.00249   1  14
        2.31625        1.33425   1  15
        2.31625        1.39297   1  16
        2.31625        1.73090   1  17
        2.31625        1.76037   1  18
        2.37181       -0.29521   1   1
        2.37181       -0.29226   1   2
        2.37181       -0.17873   1   3
        2.37181       -0.13719   1   4
        2.37181       -0.13486   1   5
        2.37181       -0.12916   1   6
        2.37181       -0.08668   1   7
        2.37181       -0.05012   1   8
        2.37181        0.01087   1   9
        2.37181        0.02093   1  10
        2.37181        0.03087   1  11
        2.37181        0.04773   1  12
        2.37181        0.85118   1  13
        2.37181        0.87555   1  14
        2.37181        1.37045   1  15
        2.37181        1.42107   1  16
        2.37181        1.71018   1  17
        2.37181        1.72821   1  18
        2.42736       -0.29532   1   1
        2.42736       -0.28743   1   2
        2.42736       -0.15124   1   3
        2.42736       -0.14877   1   4
        2.42736       -0.14301   1   5
        2.42736       -0.11639   1   6
        2.42736       -0.08306   1   7
        2.42736       -0.04696   1   8
        2.42736        0.02480   1   9
        2.42736        0.03990   1  10
        2.42736        0.04282   1  11
        2.42736        0.05380   1  12
        2.42736        0.74363   1  13
        2.42736        0.76141   1  14
        2.42736        1.41276   1  15
        2.42736        1.45681   1  16
        2.42736        1.64760   1  17
        2.42736        1.66311   1  18
        2.48292       -0.29827   1   1
        2.48292       -0.28722   1   2
        2.48292       -0.16242   1   3
        2.48292       -0.15500   1   4
        2.48292       -0.11282   1   5
        2.48292       -0.08937   1   6
        2.48292       -0.07830   1   7
        2.48292       -0.04273   1   8
        2.48292        0.03617   1   9
        2.48292        0.04712   1  10
        2.48292        0.05407   1  11
        2.48292        0.06422   1  12
        2.48292        0.64846   1  13
        2.48292        0.66650   1  14
        2.48292        1.45700   1  15
        2.48292        1.49943   1  16
        2.48292        1.58105   1  17
        2.48292        1.61543   1  18
        2.53847       -0.30124   1   1
        2.53847       -0.28995   1   2
        2.53847       -0.17042   1   3
        2.53847       -0.16434   1   4
        2.53847       -0.07679   1   5
        2.53847       -0.07362   1   6
        2.53847       -0.06671   1   7
        2.53847       -0.02991   1   8
        2.53847        0.04473   1   9
        2.53847        0.05219   1  10
        2.53847        0.05406   1  11
        2.53847        0.07467   1  12
        2.53847        0.57207   1  13
        2.53847        0.59269   1  14
        2.53847        1.49729   1  15
        2.53847        1.54394   1  16
        2.53847        1.55251   1  17
        2.53847        1.60586   1  18
        2.59403       -0.30296   1   1
        2.59403       -0.29282   1   2
        2.59403       -0.17508   1   3
        2.59403       -0.17039   1   4
        2.59403       -0.07012   1   5
        2.59403       -0.06142   1   6
        2.59403       -0.04188   1   7
        2.59403       -0.01136   1   8
        2.59403        0.05025   1   9
        2.59403        0.05498   1  10
        2.59403        0.05652   1  11
        2.59403        0.07577   1  12
        2.59403        0.52199   1  13
        2.59403        0.53989   1  14
        2.59403        1.52637   1  15
        2.59403        1.56985   1  16
        2.59403        1.57911   1  17
        2.59403        1.61250   1  18
        2.64958       -0.30344   1   1
        2.64958       -0.29399   1   2
        2.64958       -0.17657   1   3
        2.64958       -0.17252   1   4
        2.64958       -0.06811   1   5
        2.64958       -0.06137   1   6
        2.64958       -0.02100   1   7
        2.64958       -0.01096   1   8
        2.64958        0.05227   1   9
        2.64958        0.05575   1  10
        2.64958        0.06592   1  11
        2.64958        0.06941   1  12
        2.64958        0.50479   1  13
        2.64958        0.51838   1  14
        2.64958        1.53711   1  15
        2.64958        1.59262   1  16
        2.64958        1.59936   1  17
        2.64958        1.60325   1  18
        2.64958       -0.30344   1   1
        2.64958       -0.29399   1   2
        2.64958       -0.17657   1   3
        2.64958       -0.17252   1   4
        2.64958       -0.06811   1   5
        2.64958       -0.06137   1   6
        2.64958       -0.02100   1   7
        2.64958       -0.01096   1   8
        2.64958        0.05227   1   9
        2.64958        0.05575   1  10
        2.64958        0.06592   1  11
        2.64958        0.06941   1  12
        2.64958        0.50479   1  13
        2.64958        0.51838   1  14
        2.64958        1.53711   1  15
        2.64958        1.59262   1  16
        2.64958        1.59936   1  17
        2.64958        1.60325   1  18
        2.70514       -0.30012   1   1
        2.70514       -0.29045   1   2
        2.70514       -0.17756   1   3
        2.70514       -0.17338   1   4
        2.70514       -0.06730   1   5
        2.70514       -0.06049   1   6
        2.70514       -0.02210   1   7
        2.70514       -0.01263   1   8
        2.70514        0.01403   1   9
        2.70514        0.01814   1  10
        2.70514        0.10950   1  11
        2.70514        0.11276   1  12
        2.70514        0.50583   1  13
        2.70514        0.51942   1  14
        2.70514        1.50015   1  15
        2.70514        1.54102   1  16
        2.70514        1.54204   1  17
        2.70514        1.55859   1  18
        2.76070       -0.29060   1   1
        2.76070       -0.28034   1   2
        2.76070       -0.18051   1   3
        2.76070       -0.17591   1   4
        2.76070       -0.06489   1   5
        2.76070       -0.05796   1   6
        2.76070       -0.03521   1   7
        2.76070       -0.03077   1   8
        2.76070       -0.01290   1   9
        2.76070       -0.00384   1  10
        2.76070        0.16372   1  11
        2.76070        0.16681   1  12
        2.76070        0.50862   1  13
        2.76070        0.52219   1  14
        2.76070        1.39833   1  15
        2.76070        1.40213   1  16
        2.76070        1.41486   1  17
        2.76070        1.46496   1  18
        2.81625       -0.27577   1   1
        2.81625       -0.26464   1   2
        2.81625       -0.18510   1   3
        2.81625       -0.17977   1   4
        2.81625       -0.06773   1   5
        2.81625       -0.06545   1   6
        2.81625       -0.05990   1   7
        2.81625       -0.05196   1   8
        2.81625       -0.01601   1   9
        2.81625       -0.00579   1  10
        2.81625        0.22318   1  11
        2.81625        0.22621   1  12
        2.81625        0.51353   1  13
        2.81625        0.52699   1  14
        2.81625        1.25850   1  15
        2.81625        1.25862   1  16
        2.81625        1.29634   1  17
        2.81625        1.34907   1  18
        2.87181       -0.25673   1   1
        2.87181       -0.24466   1   2
        2.87181       -0.19051   1   3
        2.87181       -0.18397   1   4
        2.87181       -0.09731   1   5
        2.87181       -0.09608   1   6
        2.87181       -0.05552   1   7
        2.87181       -0.04690   1   8
        2.87181       -0.01577   1   9
        2.87181       -0.00540   1  10
        2.87181        0.28620   1  11
        2.87181        0.28905   1  12
        2.87181        0.52251   1  13
        2.87181        0.53567   1  14
        2.87181        1.14556   1  15
        2.87181        1.14924   1  16
        2.87181        1.18286   1  17
        2.87181        1.23324   1  18
        2.92736       -0.23560   1   1
        2.92736       -0.22278   1   2
        2.92736       -0.19599   1   3
        2.92736       -0.18751   1   4
        2.92736       -0.12363   1   5
        2.92736       -0.12317   1   6
        2.92736       -0.05028   1   7
        2.92736       -0.04070   1   8
        2.92736       -0.01479   1   9
        2.92736       -0.00422   1  10
        2.92736        0.35125   1  11
        2.92736        0.35369   1  12
        2.92736        0.53695   1  13
        2.92736        0.54941   1  14
        2.92736        1.04769   1  15
        2.92736        1.05792   1  16
        2.92736        1.07869   1  17
        2.92736        1.12374   1  18
        2.98292       -0.21552   1   1
        2.98292       -0.20280   1   2
        2.98292       -0.20108   1   3
        2.98292       -0.18940   1   4
        2.98292       -0.14569   1   5
        2.98292       -0.14284   1   6
        2.98292       -0.04560   1   7
        2.98292       -0.03495   1   8
        2.98292       -0.01326   1   9
        2.98292       -0.00221   1  10
        2.98292        0.42037   1  11
        2.98292        0.42265   1  12
        2.98292        0.55697   1  13
        2.98292        0.56805   1  14
        2.98292        0.94776   1  15
        2.98292        0.95980   1  16
        2.98292        0.97910   1  17
        2.98292        1.02153   1  18
        3.03847       -0.20650   1   1
        3.03847       -0.19812   1   2
        3.03847       -0.19406   1   3
        3.03847       -0.18305   1   4
        3.03847       -0.16162   1   5
        3.03847       -0.15601   1   6
        3.03847       -0.04213   1   7
        3.03847       -0.03065   1   8
        3.03847       -0.01134   1   9
        3.03847        0.00056   1  10
        3.03847        0.49439   1  11
        3.03847        0.49705   1  12
        3.03847        0.58389   1  13
        3.03847        0.59248   1  14
        3.03847        0.85018   1  15
        3.03847        0.85685   1  16
        3.03847        0.88542   1  17
        3.03847        0.93239   1  18
        3.09403       -0.20905   1   1
        3.09403       -0.19196   1   2
        3.09403       -0.18813   1   3
        3.09403       -0.17907   1   4
        3.09403       -0.16760   1   5
        3.09403       -0.16336   1   6
        3.09403       -0.04009   1   7
        3.09403       -0.02817   1   8
        3.09403       -0.00964   1   9
        3.09403        0.00318   1  10
        3.09403        0.56124   1  11
        3.09403        0.56342   1  12
        3.09403        0.62292   1  13
        3.09403        0.62821   1  14
        3.09403        0.76090   1  15
        3.09403        0.76424   1  16
        3.09403        0.81532   1  17
        3.09403        0.86798   1  18
        3.14958       -0.20993   1   1
        3.14958       -0.18809   1   2
        3.14958       -0.18505   1   3
        3.14958       -0.18505   1   4
        3.14958       -0.16542   1   5
        3.14958       -0.16542   1   6
        3.14958       -0.03943   1   7
        3.14958       -0.02738   1   8
        3.14958       -0.00896   1   9
        3.14958        0.00427   1  10
        3.14958        0.58959   1  11
        3.14958        0.58959   1  12
        3.14958        0.67684   1  13
        3.14958        0.68403   1  14
        3.14958        0.69079   1  15
        3.14958        0.69079   1  16
        3.14958        0.78690   1  17
        3.14958        0.84296   1  18
        3.14958       -0.20993   1   1
        3.14958       -0.18809   1   2
        3.14958       -0.18505   1   3
        3.14958       -0.18505   1   4
        3.14958       -0.16542   1   5
        3.14958       -0.16542   1   6
        3.14958       -0.03943   1   7
        3.14958       -0.02738   1   8
        3.14958       -0.00896   1   9
        3.14958        0.00427   1  10
        3.14958        0.58959   1  11
        3.14958        0.58959   1  12
        3.14958        0.67684   1  13
        3.14958        0.68403   1  14
        3.14958        0.69079   1  15
        3.14958        0.69079   1  16
        3.14958        0.78690   1  17
        3.14958        0.84296   1  18
        3.20398       -0.20914   1   1
        3.20398       -0.19282   1   2
        3.20398       -0.18559   1   3
        3.20398       -0.17973   1   4
        3.20398       -0.16611   1   5
        3.20398       -0.16583   1   6
        3.20398       -0.04006   1   7
        3.20398       -0.02811   1   8
        3.20398       -0.00969   1   9
        3.20398        0.00322   1  10
        3.20398        0.54431   1  11
        3.20398        0.59019   1  12
        3.20398        0.59516   1  13
        3.20398        0.69355   1  14
        3.20398        0.69396   1  15
        3.20398        0.77898   1  16
        3.20398        0.81439   1  17
        3.20398        0.87230   1  18
        3.25837       -0.20721   1   1
        3.25837       -0.19775   1   2
        3.25837       -0.18691   1   3
        3.25837       -0.17397   1   4
        3.25837       -0.16781   1   5
        3.25837       -0.16687   1   6
        3.25837       -0.04188   1   7
        3.25837       -0.03010   1   8
        3.25837       -0.01239   1   9
        3.25837        0.00070   1  10
        3.25837        0.46287   1  11
        3.25837        0.49894   1  12
        3.25837        0.61311   1  13
        3.25837        0.70606   1  14
        3.25837        0.71167   1  15
        3.25837        0.81358   1  16
        3.25837        0.91539   1  17
        3.25837        0.96455   1  18
        3.31276       -0.20707   1   1
        3.31276       -0.20106   1   2
        3.31276       -0.18876   1   3
        3.31276       -0.17319   1   4
        3.31276       -0.16813   1   5
        3.31276       -0.16586   1   6
        3.31276       -0.04459   1   7
        3.31276       -0.03281   1   8
        3.31276       -0.01779   1   9
        3.31276       -0.00216   1  10
        3.31276        0.38083   1  11
        3.31276        0.41356   1  12
        3.31276        0.64503   1  13
        3.31276        0.72954   1  14
        3.31276        0.73682   1  15
        3.31276        0.83267   1  16
        3.31276        1.03939   1  17
        3.31276        1.08596   1  18
        3.36716       -0.21287   1   1
        3.36716       -0.20307   1   2
        3.36716       -0.19135   1   3
        3.36716       -0.17477   1   4
        3.36716       -0.16910   1   5
        3.36716       -0.16015   1   6
        3.36716       -0.04764   1   7
        3.36716       -0.03521   1   8
        3.36716       -0.02556   1   9
        3.36716       -0.00518   1  10
        3.36716        0.30676   1  11
        3.36716        0.33726   1  12
        3.36716        0.68964   1  13
        3.36716        0.76201   1  14
        3.36716        0.77024   1  15
        3.36716        0.85715   1  16
        3.36716        1.16488   1  17
        3.36716        1.21243   1  18
        3.42155       -0.22269   1   1
        3.42155       -0.20995   1   2
        3.42155       -0.19452   1   3
        3.42155       -0.17282   1   4
        3.42155       -0.16922   1   5
        3.42155       -0.15336   1   6
        3.42155       -0.05003   1   7
        3.42155       -0.03586   1   8
        3.42155       -0.03471   1   9
        3.42155       -0.00899   1  10
        3.42155        0.24284   1  11
        3.42155        0.27111   1  12
        3.42155        0.74209   1  13
        3.42155        0.80073   1  14
        3.42155        0.80876   1  15
        3.42155        0.88747   1  16
        3.42155        1.29694   1  17
        3.42155        1.34587   1  18
        3.47594       -0.23501   1   1
        3.47594       -0.22251   1   2
        3.47594       -0.19776   1   3
        3.47594       -0.16804   1   4
        3.47594       -0.16739   1   5
        3.47594       -0.14579   1   6
        3.47594       -0.05030   1   7
        3.47594       -0.04416   1   8
        3.47594       -0.03398   1   9
        3.47594       -0.01413   1  10
        3.47594        0.19011   1  11
        3.47594        0.21336   1  12
        3.47594        0.79736   1  13
        3.47594        0.84640   1  14
        3.47594        0.85207   1  15
        3.47594        0.91991   1  16
        3.47594        1.44538   1  17
        3.47594        1.49893   1  18
        3.53033       -0.24897   1   1
        3.53033       -0.23911   1   2
        3.53033       -0.20093   1   3
        3.53033       -0.16523   1   4
        3.53033       -0.15937   1   5
        3.53033       -0.13838   1   6
        3.53033       -0.05321   1   7
        3.53033       -0.04780   1   8
        3.53033       -0.03000   1   9
        3.53033       -0.02071   1  10
        3.53033        0.14631   1  11
        3.53033        0.16214   1  12
        3.53033        0.85574   1  13
        3.53033        0.90199   1  14
        3.53033        0.90426   1  15
        3.53033        0.95697   1  16
        3.53033        1.60279   1  17
        3.53033        1.66699   1  18
        3.58473       -0.26505   1   1
        3.58473       -0.25827   1   2
        3.58473       -0.20383   1   3
        3.58473       -0.16075   1   4
        3.58473       -0.14871   1   5
        3.58473       -0.13126   1   6
        3.58473       -0.06180   1   7
        3.58473       -0.04338   1   8
        3.58473       -0.02854   1   9
        3.58473       -0.02521   1  10
        3.58473        0.10843   1  11
        3.58473        0.11714   1  12
        3.58473        0.92278   1  13
        3.58473        0.96833   1  14
        3.58473        0.97160   1  15
        3.58473        1.00577   1  16
        3.58473        1.74175   1  17
        3.58473        1.81808   1  18
        3.63912       -0.28365   1   1
        3.63912       -0.27576   1   2
        3.63912       -0.20599   1   3
        3.63912       -0.15488   1   4
        3.63912       -0.13539   1   5
        3.63912       -0.12331   1   6
        3.63912       -0.06966   1   7
        3.63912       -0.03820   1   8
        3.63912       -0.03738   1   9
        3.63912       -0.02140   1  10
        3.63912        0.07536   1  11
        3.63912        0.07896   1  12
        3.63912        1.00160   1  13
        3.63912        1.04126   1  14
        3.63912        1.05773   1  15
        3.63912        1.06703   1  16
        3.63912        1.82279   1  17
        3.63912        1.90338   1  18
        3.69351       -0.30176   1   1
        3.69351       -0.28883   1   2
        3.69351       -0.20734   1   3
        3.69351       -0.14812   1   4
        3.69351       -0.11966   1   5
        3.69351       -0.11380   1   6
        3.69351       -0.07605   1   7
        3.69351       -0.04682   1   8
        3.69351       -0.03349   1   9
        3.69351       -0.02123   1  10
        3.69351        0.04291   1  11
        3.69351        0.05328   1  12
        3.69351        1.08956   1  13
        3.69351        1.11763   1  14
        3.69351        1.13609   1  15
        3.69351        1.15620   1  16
        3.69351        1.81634   1  17
        3.69351        1.88572   1  18
        3.74791       -0.31586   1   1
        3.74791       -0.29850   1   2
        3.74791       -0.20820   1   3
        3.74791       -0.14123   1   4
        3.74791       -0.10284   1   5
        3.74791       -0.10183   1   6
        3.74791       -0.08078   1   7
        3.74791       -0.05574   1   8
        3.74791       -0.03221   1   9
        3.74791       -0.02784   1  10
        3.74791        0.01689   1  11
        3.74791        0.03793   1  12
        3.74791        1.17970   1  13
        3.74791        1.19553   1  14
        3.74791        1.20896   1  15
        3.74791        1.25345   1  16
        3.74791        1.73581   1  17
        3.74791        1.77776   1  18
        3.80230       -0.32494   1   1
        3.80230       -0.30508   1   2
        3.80230       -0.20874   1   3
        3.80230       -0.13566   1   4
        3.80230       -0.09145   1   5
        3.80230       -0.08410   1   6
        3.80230       -0.08267   1   7
        3.80230       -0.06235   1   8
        3.80230       -0.04364   1   9
        3.80230       -0.03550   1  10
        3.80230        0.00221   1  11
        3.80230        0.03103   1  12
        3.80230        1.25425   1  13
        3.80230        1.25946   1  14
        3.80230        1.29214   1  15
        3.80230        1.32781   1  16
        3.80230        1.61021   1  17
        3.80230        1.66803   1  18
        3.85669       -0.32813   1   1
        3.85669       -0.30752   1   2
        3.85669       -0.20892   1   3
        3.85669       -0.13344   1   4
        3.85669       -0.08541   1   5
        3.85669       -0.08541   1   6
        3.85669       -0.06483   1   7
        3.85669       -0.06483   1   8
        3.85669       -0.06055   1   9
        3.85669       -0.04012   1  10
        3.85669       -0.00170   1  11
        3.85669        0.02928   1  12
        3.85669        1.28432   1  13
        3.85669        1.28432   1  14
        3.85669        1.35611   1  15
        3.85669        1.35611   1  16
        3.85669        1.51973   1  17
        3.85669        1.62925   1  18
        3.85669       -0.27125   1   1
        3.85669       -0.26969   1   2
        3.85669       -0.17860   1   3
        3.85669       -0.17830   1   4
        3.85669       -0.10697   1   5
        3.85669       -0.09971   1   6
        3.85669       -0.09596   1   7
        3.85669       -0.09096   1   8
        3.85669       -0.02489   1   9
        3.85669       -0.02138   1  10
        3.85669        0.07088   1  11
        3.85669        0.09224   1  12
        3.85669        1.06778   1  13
        3.85669        1.08153   1  14
        3.85669        1.39314   1  15
        3.85669        1.41819   1  16
        3.85669        1.42571   1  17
        3.85669        1.43400   1  18
        3.91200       -0.27092   1   1
        3.91200       -0.27007   1   2
        3.91200       -0.17778   1   3
        3.91200       -0.17754   1   4
        3.91200       -0.11180   1   5
        3.91200       -0.10487   1   6
        3.91200       -0.09237   1   7
        3.91200       -0.08766   1   8
        3.91200       -0.01970   1   9
        3.91200       -0.01598   1  10
        3.91200        0.07138   1  11
        3.91200        0.09249   1  12
        3.91200        1.01130   1  13
        3.91200        1.02651   1  14
        3.91200        1.42151   1  15
        3.91200        1.43812   1  16
        3.91200        1.44101   1  17
        3.91200        1.47352   1  18
        3.96731       -0.27213   1   1
        3.96731       -0.27102   1   2
        3.96731       -0.17305   1   3
        3.96731       -0.17285   1   4
        3.96731       -0.12324   1   5
        3.96731       -0.11695   1   6
        3.96731       -0.08311   1   7
        3.96731       -0.07898   1   8
        3.96731       -0.00733   1   9
        3.96731       -0.00331   1  10
        3.96731        0.07303   1  11
        3.96731        0.09340   1  12
        3.96731        0.90326   1  13
        3.96731        0.91985   1  14
        3.96731        1.43121   1  15
        3.96731        1.45026   1  16
        3.96731        1.52591   1  17
        3.96731        1.55874   1  18
        4.02262       -0.27700   1   1
        4.02262       -0.27343   1   2
        4.02262       -0.16079   1   3
        4.02262       -0.16070   1   4
        4.02262       -0.13683   1   5
        4.02262       -0.13117   1   6
        4.02262       -0.07124   1   7
        4.02262       -0.06753   1   8
        4.02262        0.00750   1   9
        4.02262        0.01162   1  10
        4.02262        0.07536   1  11
        4.02262        0.09442   1  12
        4.02262        0.79660   1  13
        4.02262        0.81304   1  14
        4.02262        1.44677   1  15
        4.02262        1.46999   1  16
        4.02262        1.60295   1  17
        4.02262        1.63501   1  18
        4.07793       -0.28393   1   1
        4.07793       -0.27818   1   2
        4.07793       -0.14993   1   3
        4.07793       -0.14482   1   4
        4.07793       -0.14129   1   5
        4.07793       -0.14022   1   6
        4.07793       -0.05920   1   7
        4.07793       -0.05554   1   8
        4.07793        0.02197   1   9
        4.07793        0.02602   1  10
        4.07793        0.07687   1  11
        4.07793        0.09386   1  12
        4.07793        0.70397   1  13
        4.07793        0.71930   1  14
        4.07793        1.46735   1  15
        4.07793        1.49665   1  16
        4.07793        1.66290   1  17
        4.07793        1.69316   1  18
        4.13324       -0.29133   1   1
        4.13324       -0.28392   1   2
        4.13324       -0.16111   1   3
        4.13324       -0.15645   1   4
        4.13324       -0.11664   1   5
        4.13324       -0.11378   1   6
        4.13324       -0.04794   1   7
        4.13324       -0.04388   1   8
        4.13324        0.03453   1   9
        4.13324        0.03841   1  10
        4.13324        0.07660   1  11
        4.13324        0.09071   1  12
        4.13324        0.62452   1  13
        4.13324        0.63891   1  14
        4.13324        1.49101   1  15
        4.13324        1.52822   1  16
        4.13324        1.69170   1  17
        4.13324        1.71837   1  18
        4.18855       -0.29776   1   1
        4.18855       -0.28920   1   2
        4.18855       -0.16955   1   3
        4.18855       -0.16522   1   4
        4.18855       -0.09170   1   5
        4.18855       -0.08661   1   6
        4.18855       -0.03706   1   7
        4.18855       -0.03182   1   8
        4.18855        0.04418   1   9
        4.18855        0.04787   1  10
        4.18855        0.07424   1  11
        4.18855        0.08463   1  12
        4.18855        0.55992   1  13
        4.18855        0.57380   1  14
        4.18855        1.51393   1  15
        4.18855        1.55976   1  16
        4.18855        1.67349   1  17
        4.18855        1.69239   1  18
        4.24386       -0.30200   1   1
        4.24386       -0.29277   1   2
        4.24386       -0.17479   1   3
        4.24386       -0.17068   1   4
        4.24386       -0.07404   1   5
        4.24386       -0.06756   1   6
        4.24386       -0.02643   1   7
        4.24386       -0.01850   1   8
        4.24386        0.05022   1   9
        4.24386        0.05376   1  10
        4.24386        0.06932   1  11
        4.24386        0.07537   1  12
        4.24386        0.51843   1  13
        4.24386        0.53207   1  14
        4.24386        1.53085   1  15
        4.24386        1.58365   1  16
        4.24386        1.62543   1  17
        4.24386        1.63423   1  18
        4.29917       -0.30344   1   1
        4.29917       -0.29399   1   2
        4.29917       -0.17657   1   3
        4.29917       -0.17252   1   4
        4.29917       -0.06811   1   5
        4.29917       -0.06137   1   6
        4.29917       -0.02100   1   7
        4.29917       -0.01096   1   8
        4.29917        0.05227   1   9
        4.29917        0.05575   1  10
        4.29917        0.06592   1  11
        4.29917        0.06941   1  12
        4.29917        0.50479   1  13
        4.29917        0.51838   1  14
        4.29917        1.53711   1  15
        4.29917        1.59262   1  16
        4.29917        1.59936   1  17
        4.29917        1.60325   1  18
        4.29917       -0.30327   1   1
        4.29917       -0.28662   1   2
        4.29917       -0.22210   1   3
        4.29917       -0.22210   1   4
        4.29917       -0.01551   1   5
        4.29917       -0.00942   1   6
        4.29917       -0.00487   1   7
        4.29917        0.00373   1   8
        4.29917        0.05234   1   9
        4.29917        0.05234   1  10
        4.29917        0.13118   1  11
        4.29917        0.13118   1  12
        4.29917        0.60295   1  13
        4.29917        0.62164   1  14
        4.29917        1.26302   1  15
        4.29917        1.26302   1  16
        4.29917        1.28568   1  17
        4.29917        1.34099   1  18
        4.35448       -0.30034   1   1
        4.35448       -0.28353   1   2
        4.35448       -0.22171   1   3
        4.35448       -0.22171   1   4
        4.35448       -0.01597   1   5
        4.35448       -0.00940   1   6
        4.35448       -0.00528   1   7
        4.35448        0.00375   1   8
        4.35448        0.02940   1   9
        4.35448        0.02940   1  10
        4.35448        0.15853   1  11
        4.35448        0.15853   1  12
        4.35448        0.60389   1  13
        4.35448        0.62260   1  14
        4.35448        1.23904   1  15
        4.35448        1.23904   1  16
        4.35448        1.25730   1  17
        4.35448        1.31205   1  18
        4.40979       -0.29192   1   1
        4.40979       -0.27463   1   2
        4.40979       -0.22047   1   3
        4.40979       -0.22047   1   4
        4.40979       -0.01738   1   5
        4.40979       -0.00935   1   6
        4.40979       -0.00882   1   7
        4.40979       -0.00882   1   8
        4.40979       -0.00655   1   9
        4.40979        0.00381   1  10
        4.40979        0.20999   1  11
        4.40979        0.20999   1  12
        4.40979        0.60634   1  13
        4.40979        0.62489   1  14
        4.40979        1.17528   1  15
        4.40979        1.17528   1  16
        4.40979        1.18627   1  17
        4.40979        1.23978   1  18
        4.46510       -0.27874   1   1
        4.46510       -0.26072   1   2
        4.46510       -0.21817   1   3
        4.46510       -0.21817   1   4
        4.46510       -0.04614   1   5
        4.46510       -0.04614   1   6
        4.46510       -0.01987   1   7
        4.46510       -0.00927   1   8
        4.46510       -0.00880   1   9
        4.46510        0.00390   1  10
        4.46510        0.26932   1  11
        4.46510        0.26932   1  12
        4.46510        0.61082   1  13
        4.46510        0.62894   1  14
        4.46510        1.08979   1  15
        4.46510        1.08979   1  16
        4.46510        1.09899   1  17
        4.46510        1.15107   1  18
        4.52041       -0.26198   1   1
        4.52041       -0.24304   1   2
        4.52041       -0.21449   1   3
        4.52041       -0.21449   1   4
        4.52041       -0.08002   1   5
        4.52041       -0.08002   1   6
        4.52041       -0.02356   1   7
        4.52041       -0.01221   1   8
        4.52041       -0.00918   1   9
        4.52041        0.00401   1  10
        4.52041        0.33365   1  11
        4.52041        0.33365   1  12
        4.52041        0.61917   1  13
        4.52041        0.63692   1  14
        4.52041        0.99811   1  15
        4.52041        0.99811   1  16
        4.52041        1.01166   1  17
        4.52041        1.06212   1  18
        4.57572       -0.24375   1   1
        4.57572       -0.22381   1   2
        4.57572       -0.20907   1   3
        4.57572       -0.20907   1   4
        4.57572       -0.10970   1   5
        4.57572       -0.10970   1   6
        4.57572       -0.02835   1   7
        4.57572       -0.01669   1   8
        4.57572       -0.00909   1   9
        4.57572        0.00411   1  10
        4.57572        0.40193   1  11
        4.57572        0.40193   1  12
        4.57572        0.63170   1  13
        4.57572        0.64858   1  14
        4.57572        0.90749   1  15
        4.57572        0.90749   1  16
        4.57572        0.93052   1  17
        4.57572        0.97992   1  18
        4.63103       -0.22688   1   1
        4.63103       -0.20601   1   2
        4.63103       -0.20158   1   3
        4.63103       -0.20158   1   4
        4.63103       -0.13477   1   5
        4.63103       -0.13477   1   6
        4.63103       -0.03354   1   7
        4.63103       -0.02165   1   8
        4.63103       -0.00902   1   9
        4.63103        0.00420   1  10
        4.63103        0.47331   1  11
        4.63103        0.47331   1  12
        4.63103        0.64743   1  13
        4.63103        0.66189   1  14
        4.63103        0.82002   1  15
        4.63103        0.82002   1  16
        4.63103        0.86113   1  17
        4.63103        0.91133   1  18
        4.68634       -0.21455   1   1
        4.68634       -0.19297   1   2
        4.68634       -0.19210   1   3
        4.68634       -0.19210   1   4
        4.68634       -0.15484   1   5
        4.68634       -0.15484   1   6
        4.68634       -0.03776   1   7
        4.68634       -0.02575   1   8
        4.68634       -0.00897   1   9
        4.68634        0.00425   1  10
        4.68634        0.54455   1  11
        4.68634        0.54455   1  12
        4.68634        0.66577   1  13
        4.68634        0.67613   1  14
        4.68634        0.73907   1  15
        4.68634        0.73907   1  16
        4.68634        0.80921   1  17
        4.68634        0.86246   1  18
        4.74165       -0.20993   1   1
        4.74165       -0.18809   1   2
        4.74165       -0.18505   1   3
        4.74165       -0.18505   1   4
        4.74165       -0.16542   1   5
        4.74165       -0.16542   1   6
        4.74165       -0.03943   1   7
        4.74165       -0.02738   1   8
        4.74165       -0.00896   1   9
        4.74165        0.00427   1  10
        4.74165        0.58959   1  11
        4.74165        0.58959   1  12
        4.74165        0.67684   1  13
        4.74165        0.68403   1  14
        4.74165        0.69079   1  15
        4.74165        0.69079   1  16
        4.74165        0.78690   1  17
        4.74165        0.84296   1  18
