# total DOS (states/eV/cell) and number of states below E, for each spin; E (eV) from the Fermi energy
# (from the top of the valence band for an insulator)
# made by dos_table.py on 2026-09-30 04:48 from /home/takao/ecalj/Samples/DOS/ZnS_work
#   E(eV)     dos_spin1  nstates_spin1
  -13.2488     0.00000        0.00000
  -13.2300     0.00000        0.00000
  -13.2111     0.00000        0.00000
  -13.1922     0.00000        0.00000
  -13.1733     0.00000        0.00000
  -13.1545     0.00000        0.00000
  -13.1356     0.00000        0.00000
  -13.1167     0.00067        0.00000
  -13.0978     0.00773        0.00003
  -13.0790     0.02856        0.00029
  -13.0601     0.06551        0.00110
  -13.0412     0.11859        0.00276
  -13.0224     0.18778        0.00558
  -13.0035     0.25808        0.00985
  -12.9846     0.28287        0.01532
  -12.9657     0.28121        0.02053
  -12.9469     0.29896        0.02594
  -12.9280     0.32459        0.03182
  -12.9091     0.35113        0.03819
  -12.8902     0.37840        0.04507
  -12.8714     0.40643        0.05248
  -12.8525     0.43519        0.06041
  -12.8336     0.46470        0.06890
  -12.8148     0.49476        0.07796
  -12.7959     0.52445        0.08758
  -12.7770     0.55288        0.09775
  -12.7581     0.57986        0.10845
  -12.7393     0.60541        0.11964
  -12.7204     0.63017        0.13131
  -12.7015     0.65653        0.14343
  -12.6825     0.68540        0.15609
  -12.6638     0.71543        0.16931
  -12.6449     0.74613        0.18310
  -12.6259     0.77748        0.19747
  -12.6072     0.80949        0.21245
  -12.5883     0.84215        0.22803
  -12.5693     0.87547        0.24424
  -12.5504     0.90944        0.26108
  -12.5317     0.94404        0.27857
  -12.5127     0.97927        0.29672
  -12.4938     1.02139        0.31553
  -12.4751     1.07679        0.33527
  -12.4561     1.14028        0.35618
  -12.4372     1.20661        0.37832
  -12.4183     1.27591        0.40173
  -12.3995     1.34819        0.42648
  -12.3806     1.42389        0.45262
  -12.3617     1.50525        0.48023
  -12.3428     1.59424        0.50945
  -12.3240     1.69050        0.54041
  -12.3051     1.79350        0.57326
  -12.2862     1.90318        0.60812
  -12.2674     2.01926        0.64511
  -12.2485     2.14157        0.68434
  -12.2296     2.27143        0.72595
  -12.2107     2.49352        0.77009
  -12.1919     3.09637        0.82008
  -12.1730     3.63617        0.88697
  -12.1541     3.56402        0.95734
  -12.1352     3.41616        1.02151
  -12.1164     3.45063        1.08630
  -12.0975     3.48917        1.15177
  -12.0786     3.53323        1.21801
  -12.0598     3.58300        1.28515
  -12.0409     3.63027        1.35327
  -12.0220     3.75997        1.42219
  -12.0031     3.95809        1.49520
  -11.9843     4.07511        1.57161
  -11.9654     4.17315        1.64904
  -11.9465     4.48298        1.72914
  -11.9276     5.25926        1.81827
  -11.9088     4.58382        1.92767
  -11.8899     1.91599        1.99130
  -11.8710     0.23039        2.00000
  -11.8522     0.00000        2.00000
  -11.8333     0.00000        2.00000
  -11.8144     0.00000        2.00000
  -11.7955     0.00000        2.00000
  -11.7767     0.00000        2.00000
  -11.7578     0.00000        2.00000
  -11.7389     0.00000        2.00000
  -11.7199     0.00000        2.00000
  -11.7012     0.00000        2.00000
  -11.6823     0.00000        2.00000
  -11.6633     0.00000        2.00000
  -11.6446     0.00000        2.00000
  -11.6257     0.00000        2.00000
  -11.6067     0.00000        2.00000
  -11.5878     0.00000        2.00000
  -11.5691     0.00000        2.00000
  -11.5501     0.00000        2.00000
  -11.5312     0.00000        2.00000
  -11.5123     0.00000        2.00000
  -11.4935     0.00000        2.00000
  -11.4746     0.00000        2.00000
  -11.4557     0.00000        2.00000
  -11.4369     0.00000        2.00000
  -11.4180     0.00000        2.00000
  -11.3991     0.00000        2.00000
  -11.3802     0.00000        2.00000
  -11.3614     0.00000        2.00000
  -11.3425     0.00000        2.00000
  -11.3236     0.00000        2.00000
  -11.3047     0.00000        2.00000
  -11.2859     0.00000        2.00000
  -11.2670     0.00000        2.00000
  -11.2481     0.00000        2.00000
  -11.2293     0.00000        2.00000
  -11.2104     0.00000        2.00000
  -11.1915     0.00000        2.00000
  -11.1726     0.00000        2.00000
  -11.1538     0.00000        2.00000
  -11.1349     0.00000        2.00000
  -11.1160     0.00000        2.00000
  -11.0971     0.00000        2.00000
  -11.0783     0.00000        2.00000
  -11.0594     0.00000        2.00000
  -11.0405     0.00000        2.00000
  -11.0217     0.00000        2.00000
  -11.0028     0.00000        2.00000
  -10.9839     0.00000        2.00000
  -10.9650     0.00000        2.00000
  -10.9462     0.00000        2.00000
  -10.9273     0.00000        2.00000
  -10.9084     0.00000        2.00000
  -10.8895     0.00000        2.00000
  -10.8707     0.00000        2.00000
  -10.8518     0.00000        2.00000
  -10.8329     0.00000        2.00000
  -10.8141     0.00000        2.00000
  -10.7952     0.00000        2.00000
  -10.7763     0.00000        2.00000
  -10.7573     0.00000        2.00000
  -10.7386     0.00000        2.00000
  -10.7197     0.00000        2.00000
  -10.7007     0.00000        2.00000
  -10.6820     0.00000        2.00000
  -10.6631     0.00000        2.00000
  -10.6441     0.00000        2.00000
  -10.6252     0.00000        2.00000
  -10.6065     0.00000        2.00000
  -10.5875     0.00000        2.00000
  -10.5686     0.00000        2.00000
  -10.5497     0.00000        2.00000
  -10.5309     0.00000        2.00000
  -10.5120     0.00000        2.00000
  -10.4931     0.00000        2.00000
  -10.4743     0.00000        2.00000
  -10.4554     0.00000        2.00000
  -10.4365     0.00000        2.00000
  -10.4176     0.00000        2.00000
  -10.3988     0.00000        2.00000
  -10.3799     0.00000        2.00000
  -10.3610     0.00000        2.00000
  -10.3421     0.00000        2.00000
  -10.3233     0.00000        2.00000
  -10.3044     0.00000        2.00000
  -10.2855     0.00000        2.00000
  -10.2667     0.00000        2.00000
  -10.2478     0.00000        2.00000
  -10.2289     0.00000        2.00000
  -10.2100     0.00000        2.00000
  -10.1912     0.00000        2.00000
  -10.1723     0.00000        2.00000
  -10.1534     0.00000        2.00000
  -10.1345     0.00000        2.00000
  -10.1157     0.00000        2.00000
  -10.0968     0.00000        2.00000
  -10.0779     0.00000        2.00000
  -10.0591     0.00000        2.00000
  -10.0402     0.00000        2.00000
  -10.0213     0.00000        2.00000
  -10.0024     0.00000        2.00000
   -9.9836     0.00000        2.00000
   -9.9647     0.00000        2.00000
   -9.9458     0.00000        2.00000
   -9.9268     0.00000        2.00000
   -9.9081     0.00000        2.00000
   -9.8892     0.00000        2.00000
   -9.8702     0.00000        2.00000
   -9.8515     0.00000        2.00000
   -9.8326     0.00000        2.00000
   -9.8137     0.00000        2.00000
   -9.7947     0.00000        2.00000
   -9.7760     0.00000        2.00000
   -9.7571     0.00000        2.00000
   -9.7381     0.00000        2.00000
   -9.7192     0.00000        2.00000
   -9.7005     0.00000        2.00000
   -9.6815     0.00000        2.00000
   -9.6626     0.00000        2.00000
   -9.6439     0.00000        2.00000
   -9.6249     0.00000        2.00000
   -9.6060     0.00000        2.00000
   -9.5871     0.00000        2.00000
   -9.5683     0.00000        2.00000
   -9.5494     0.00000        2.00000
   -9.5305     0.00000        2.00000
   -9.5116     0.00000        2.00000
   -9.4928     0.00000        2.00000
   -9.4739     0.00000        2.00000
   -9.4550     0.00000        2.00000
   -9.4362     0.00000        2.00000
   -9.4173     0.00000        2.00000
   -9.3984     0.00000        2.00000
   -9.3795     0.00000        2.00000
   -9.3607     0.00000        2.00000
   -9.3418     0.00000        2.00000
   -9.3229     0.00000        2.00000
   -9.3040     0.00000        2.00000
   -9.2852     0.00000        2.00000
   -9.2663     0.00000        2.00000
   -9.2474     0.00000        2.00000
   -9.2286     0.00000        2.00000
   -9.2097     0.00000        2.00000
   -9.1908     0.00000        2.00000
   -9.1719     0.00000        2.00000
   -9.1531     0.00000        2.00000
   -9.1342     0.00000        2.00000
   -9.1153     0.00000        2.00000
   -9.0964     0.00000        2.00000
   -9.0776     0.00000        2.00000
   -9.0587     0.00000        2.00000
   -9.0398     0.00000        2.00000
   -9.0210     0.00000        2.00000
   -9.0021     0.00000        2.00000
   -8.9832     0.00000        2.00000
   -8.9642     0.00000        2.00000
   -8.9455     0.00000        2.00000
   -8.9266     0.00000        2.00000
   -8.9076     0.00000        2.00000
   -8.8889     0.00000        2.00000
   -8.8700     0.00000        2.00000
   -8.8510     0.00000        2.00000
   -8.8321     0.00000        2.00000
   -8.8134     0.00000        2.00000
   -8.7944     0.00000        2.00000
   -8.7755     0.00000        2.00000
   -8.7566     0.00000        2.00000
   -8.7378     0.00000        2.00000
   -8.7189     0.00000        2.00000
   -8.7000     0.00000        2.00000
   -8.6812     0.00000        2.00000
   -8.6623     0.00000        2.00000
   -8.6434     0.00000        2.00000
   -8.6245     0.00000        2.00000
   -8.6057     0.00000        2.00000
   -8.5868     0.00000        2.00000
   -8.5679     0.00000        2.00000
   -8.5490     0.00000        2.00000
   -8.5302     0.00000        2.00000
   -8.5113     0.00000        2.00000
   -8.4924     0.00000        2.00000
   -8.4736     0.00000        2.00000
   -8.4547     0.00000        2.00000
   -8.4358     0.00000        2.00000
   -8.4169     0.00000        2.00000
   -8.3981     0.00000        2.00000
   -8.3792     0.00000        2.00000
   -8.3603     0.00000        2.00000
   -8.3414     0.00000        2.00000
   -8.3226     0.00000        2.00000
   -8.3037     0.00000        2.00000
   -8.2848     0.00000        2.00000
   -8.2660     0.00000        2.00000
   -8.2471     0.00000        2.00000
   -8.2282     0.00000        2.00000
   -8.2093     0.00000        2.00000
   -8.1905     0.00000        2.00000
   -8.1716     0.00000        2.00000
   -8.1527     0.00000        2.00000
   -8.1338     0.00000        2.00000
   -8.1150     0.00000        2.00000
   -8.0961     0.00000        2.00000
   -8.0772     0.00000        2.00000
   -8.0584     0.00000        2.00000
   -8.0395     0.00000        2.00000
   -8.0206     0.00000        2.00000
   -8.0016     0.00000        2.00000
   -7.9829     0.00000        2.00000
   -7.9640     0.00000        2.00000
   -7.9450     0.00000        2.00000
   -7.9261     0.00000        2.00000
   -7.9074     0.00000        2.00000
   -7.8884     0.00000        2.00000
   -7.8695     0.00000        2.00000
   -7.8508     0.00000        2.00000
   -7.8318     0.00000        2.00000
   -7.8129     0.00000        2.00000
   -7.7940     0.00000        2.00000
   -7.7752     0.00000        2.00000
   -7.7563     0.00000        2.00000
   -7.7374     0.00000        2.00000
   -7.7185     0.00000        2.00000
   -7.6997     0.00000        2.00000
   -7.6808     0.00000        2.00000
   -7.6619     0.00000        2.00000
   -7.6431     0.00000        2.00000
   -7.6242     0.00000        2.00000
   -7.6053     0.00000        2.00000
   -7.5864     0.00000        2.00000
   -7.5676     0.00000        2.00000
   -7.5487     0.00000        2.00000
   -7.5298     0.00000        2.00000
   -7.5109     0.00000        2.00000
   -7.4921     0.00000        2.00000
   -7.4732     0.00000        2.00000
   -7.4543     0.00000        2.00000
   -7.4355     0.00000        2.00000
   -7.4166     0.00000        2.00000
   -7.3977     0.00000        2.00000
   -7.3788     0.00000        2.00000
   -7.3600     0.00000        2.00000
   -7.3411     0.00000        2.00000
   -7.3222     0.00000        2.00000
   -7.3033     0.00000        2.00000
   -7.2845     0.00000        2.00000
   -7.2656     0.00000        2.00000
   -7.2467     0.00000        2.00000
   -7.2279     0.00000        2.00000
   -7.2090     0.00000        2.00000
   -7.1901     0.00000        2.00000
   -7.1712     0.00000        2.00000
   -7.1524     0.00000        2.00000
   -7.1335     0.00000        2.00000
   -7.1146     0.00000        2.00000
   -7.0958     0.00000        2.00000
   -7.0769     0.00000        2.00000
   -7.0580     0.00000        2.00000
   -7.0390     0.00000        2.00000
   -7.0203     0.00000        2.00000
   -7.0014     0.00000        2.00000
   -6.9824     0.00000        2.00000
   -6.9635     0.00000        2.00000
   -6.9448     0.00000        2.00000
   -6.9258     0.00000        2.00000
   -6.9069     0.00000        2.00000
   -6.8882     0.00000        2.00000
   -6.8692     0.00000        2.00000
   -6.8503     0.00000        2.00000
   -6.8314     0.00000        2.00000
   -6.8126     0.00000        2.00000
   -6.7937     0.00000        2.00000
   -6.7748     0.00000        2.00000
   -6.7559     0.00000        2.00000
   -6.7371     0.00000        2.00000
   -6.7182     0.00000        2.00000
   -6.6993     0.00000        2.00000
   -6.6805     0.00000        2.00000
   -6.6616     0.00000        2.00000
   -6.6427     0.00000        2.00000
   -6.6238     0.00000        2.00000
   -6.6050     0.00000        2.00000
   -6.5861     0.00000        2.00000
   -6.5672     0.00000        2.00000
   -6.5483     0.00000        2.00000
   -6.5295     0.00000        2.00000
   -6.5106     0.00000        2.00000
   -6.4917     0.00000        2.00000
   -6.4729     0.00000        2.00000
   -6.4540     0.00000        2.00000
   -6.4351     0.00000        2.00000
   -6.4162     0.00000        2.00000
   -6.3974     0.00000        2.00000
   -6.3785     0.00000        2.00000
   -6.3596     0.00003        2.00000
   -6.3407     0.39191        2.00000
   -6.3219     2.57536        2.01479
   -6.3030     7.30686        2.09722
   -6.2841     9.85955        2.29062
   -6.2653    10.27662        2.46941
   -6.2464    12.08962        2.67856
   -6.2275    14.64876        2.92579
   -6.2085    19.58132        3.23154
   -6.1898    33.07884        3.66497
   -6.1709    32.43389        4.48025
   -6.1520    17.85255        4.88933
   -6.1330    13.37132        5.15417
   -6.1143    12.70360        5.39409
   -6.0954    12.54125        5.63372
   -6.0764    12.07366        5.86751
   -6.0577    11.82911        6.08949
   -6.0388    11.37964        6.31405
   -6.0198     9.85136        6.51907
   -6.0009     8.43843        6.68593
   -5.9822     7.75645        6.83761
   -5.9632     7.82737        6.97873
   -5.9443     7.74958        7.13309
   -5.9254     7.44021        7.27128
   -5.9066     7.98562        7.41395
   -5.8877     9.92009        7.57273
   -5.8688    10.52376        7.78843
   -5.8500     5.28956        7.96999
   -5.8311     3.86497        7.98811
   -5.8122    16.91323        8.11589
   -5.7933    36.27220        8.62657
   -5.7745    41.19033        9.48515
   -5.7556    29.00529       10.18148
   -5.7367    15.98392       10.58008
   -5.7178     8.08724       10.78486
   -5.6990     5.15720       10.88536
   -5.6801     5.03333       10.97954
   -5.6612     5.16551       11.07537
   -5.6424     5.25761       11.17454
   -5.6235     5.09427       11.27384
   -5.6046     4.98755       11.36684
   -5.5857     4.99919       11.46212
   -5.5669     4.89882       11.55556
   -5.5480     4.78636       11.64705
   -5.5291     4.52659       11.73624
   -5.5102     3.99890       11.81792
   -5.4914     3.66489       11.88720
   -5.4725     2.58937       11.95627
   -5.4536     1.05025       11.98495
   -5.4348     0.38858       11.99591
   -5.4159     0.10823       11.99961
   -5.3970     0.01022       12.00000
   -5.3781     0.00000       12.00000
   -5.3593     0.00000       12.00000
   -5.3404     0.00000       12.00000
   -5.3215     0.00000       12.00000
   -5.3027     0.00000       12.00000
   -5.2838     0.00000       12.00000
   -5.2649     0.00011       12.00000
   -5.2459     0.00096       12.00000
   -5.2272     0.00319       12.00004
   -5.2083     0.00696       12.00012
   -5.1893     0.01226       12.00030
   -5.1704     0.01909       12.00059
   -5.1517     0.02746       12.00102
   -5.1327     0.03736       12.00162
   -5.1138     0.04879       12.00243
   -5.0951     0.06176       12.00347
   -5.0761     0.07626       12.00476
   -5.0572     0.09230       12.00634
   -5.0383     0.10987       12.00825
   -5.0195     0.12897       12.01049
   -5.0006     0.14961       12.01311
   -4.9817     0.17178       12.01614
   -4.9628     0.20669       12.01960
   -4.9440     0.27352       12.02394
   -4.9251     0.35612       12.02992
   -4.9062     0.42973       12.03739
   -4.8874     0.49371       12.04615
   -4.8685     0.54810       12.05602
   -4.8496     0.59494       12.06684
   -4.8307     0.63943       12.07848
   -4.8119     0.68501       12.09097
   -4.7930     0.73197       12.10434
   -4.7741     0.78029       12.11861
   -4.7552     0.82999       12.13380
   -4.7364     0.88106       12.14994
   -4.7175     0.93349       12.16705
   -4.6986     0.98730       12.18518
   -4.6798     1.04409       12.20432
   -4.6609     1.15596       12.22459
   -4.6420     1.35810       12.24796
   -4.6231     1.60680       12.27586
   -4.6043     1.88083       12.30862
   -4.5854     2.29066       12.34686
   -4.5665     4.15209       12.39509
   -4.5476     4.87445       12.50360
   -4.5288     3.61592       12.57910
   -4.5099     2.94234       12.64009
   -4.4910     2.45226       12.69017
   -4.4722     2.13959       12.73267
   -4.4533     1.97485       12.77094
   -4.4344     1.86670       12.80721
   -4.4155     1.74551       12.84140
   -4.3967     1.60366       12.87311
   -4.3778     1.46812       12.90194
   -4.3589     1.38713       12.92853
   -4.3399     1.34507       12.95430
   -4.3212     1.30462       12.97930
   -4.3023     1.26531       13.00355
   -4.2833     1.22714       13.02707
   -4.2646     1.19009       13.04987
   -4.2457     1.15417       13.07199
   -4.2267     1.11939       13.09344
   -4.2078     1.08573       13.11425
   -4.1891     1.05321       13.13443
   -4.1701     1.01346       13.15401
   -4.1512     0.95020       13.17269
   -4.1323     0.87673       13.18988
   -4.1135     0.81510       13.20578
   -4.0946     0.76615       13.22065
   -4.0757     0.72986       13.23470
   -4.0569     0.70498       13.24820
   -4.0380     0.68666       13.26132
   -4.0191     0.67070       13.27412
   -4.0002     0.65646       13.28664
   -3.9814     0.64395       13.29890
   -3.9625     0.63317       13.31094
   -3.9436     0.62409       13.32280
   -3.9247     0.61637       13.33450
   -3.9059     0.60921       13.34607
   -3.8870     0.60219       13.35750
   -3.8681     0.59526       13.36880
   -3.8493     0.58841       13.37997
   -3.8304     0.58158       13.39101
   -3.8115     0.57471       13.40193
   -3.7926     0.56776       13.41271
   -3.7738     0.56069       13.42336
   -3.7549     0.55350       13.43387
   -3.7360     0.54618       13.44425
   -3.7171     0.53875       13.45449
   -3.6983     0.53120       13.46459
   -3.6794     0.52352       13.47454
   -3.6605     0.51573       13.48435
   -3.6417     0.50782       13.49401
   -3.6228     0.49978       13.50352
   -3.6039     0.49163       13.51288
   -3.5850     0.48335       13.52208
   -3.5662     0.47495       13.53113
   -3.5473     0.46644       13.54001
   -3.5284     0.45780       13.54873
   -3.5096     0.44905       13.55729
   -3.4907     0.44022       13.56568
   -3.4718     0.43149       13.57391
   -3.4529     0.42295       13.58197
   -3.4341     0.41462       13.58988
   -3.4152     0.40650       13.59762
   -3.3963     0.39858       13.60522
   -3.3773     0.39087       13.61267
   -3.3586     0.38216       13.61998
   -3.3397     0.37022       13.62710
   -3.3207     0.35661       13.63395
   -3.3020     0.34396       13.64056
   -3.2831     0.33235       13.64694
   -3.2641     0.32177       13.65310
   -3.2452     0.31223       13.65908
   -3.2265     0.30373       13.66489
   -3.2075     0.29626       13.67055
   -3.1886     0.28983       13.67607
   -3.1697     0.28444       13.68149
   -3.1509     0.28008       13.68681
   -3.1320     0.27675       13.69206
   -3.1131     0.27415       13.69726
   -3.0943     0.27193       13.70241
   -3.0754     0.27406       13.70752
   -3.0565     0.28966       13.71276
   -3.0376     0.32402       13.71846
   -3.0188     0.37745       13.72499
   -2.9999     0.44995       13.73271
   -2.9810     0.54152       13.74197
   -2.9621     0.65442       13.75315
   -2.9433     0.79710       13.76668
   -2.9244     0.97685       13.78324
   -2.9055     1.19474       13.80355
   -2.8867     1.45078       13.82834
   -2.8678     1.72272       13.85832
   -2.8489     1.83220       13.89337
   -2.8300     1.75470       13.92748
   -2.8112     1.65882       13.95961
   -2.7923     1.58142       13.99010
   -2.7734     1.52251       14.01931
   -2.7545     1.48191       14.04758
   -2.7357     1.45650       14.07525
   -2.7168     1.44097       14.10256
   -2.6979     1.42996       14.12964
   -2.6791     1.42057       14.15654
   -2.6602     1.41312       14.18327
   -2.6413     1.40786       14.20988
   -2.6224     1.40478       14.23642
   -2.6036     1.40388       14.26291
   -2.5847     1.40517       14.28941
   -2.5658     1.40863       14.31596
   -2.5468     1.41417       14.34259
   -2.5281     1.42165       14.36934
   -2.5092     1.43100       14.39625
   -2.4902     1.48571       14.42336
   -2.4715     1.75586       14.45234
   -2.4526     1.90927       14.48964
   -2.4337     1.78522       14.52441
   -2.4147     1.68186       14.55703
   -2.3960     1.59928       14.58790
   -2.3771     1.53730       14.61740
   -2.3581     1.49522       14.64593
   -2.3392     1.47128       14.67385
   -2.3205     1.45991       14.70147
   -2.3015     1.45759       14.72896
   -2.2826     1.46532       14.75649
   -2.2639     1.48328       14.78427
   -2.2449     1.51147       14.81249
   -2.2260     1.54986       14.84133
   -2.2071     1.59415       14.87099
   -2.1883     1.63769       14.90151
   -2.1694     1.67918       14.93282
   -2.1505     1.71974       14.96490
   -2.1316     1.75935       14.99773
   -2.1128     1.79802       15.03131
   -2.0939     1.83575       15.06561
   -2.0750     1.87254       15.10061
   -2.0562     1.90941       15.13630
   -2.0373     1.94809       15.17269
   -2.0184     1.99230       15.20984
   -1.9995     2.03270       15.24790
   -1.9807     2.05458       15.28657
   -1.9618     2.05552       15.32546
   -1.9429     2.03549       15.36416
   -1.9240     2.00124       15.40229
   -1.9052     1.97312       15.43971
   -1.8863     1.96100       15.47678
   -1.8674     1.95509       15.51373
   -1.8486     1.94907       15.55058
   -1.8297     1.94262       15.58731
   -1.8108     1.93574       15.62391
   -1.7919     1.92851       15.66038
   -1.7731     1.92133       15.69671
   -1.7542     1.91510       15.73291
   -1.7353     1.91085       15.76901
   -1.7164     1.90698       15.80505
   -1.6976     1.90132       15.84100
   -1.6787     1.89419       15.87682
   -1.6598     1.88644       15.91250
   -1.6410     1.87850       15.94803
   -1.6221     1.87037       15.98341
   -1.6032     1.86211       16.01864
   -1.5842     1.85488       16.05371
   -1.5655     1.85242       16.08866
   -1.5466     1.85798       16.12363
   -1.5276     1.87046       16.15879
   -1.5089     1.88760       16.19424
   -1.4900     1.90853       16.23005
   -1.4710     1.92838       16.26629
   -1.4521     1.94434       16.30285
   -1.4334     1.95916       16.33969
   -1.4144     1.97261       16.37680
   -1.3955     1.98208       16.41415
   -1.3766     1.98772       16.45162
   -1.3578     1.99127       16.48918
   -1.3389     1.99282       16.52679
   -1.3200     1.99209       16.56441
   -1.3012     1.98907       16.60199
   -1.2823     1.98399       16.63950
   -1.2634     1.97717       16.67689
   -1.2445     1.96960       16.71414
   -1.2257     1.96185       16.75124
   -1.2068     1.95362       16.78819
   -1.1879     1.94486       16.82499
   -1.1690     1.93553       16.86161
   -1.1502     1.92565       16.89805
   -1.1313     1.91522       16.93430
   -1.1124     1.90272       16.97035
   -1.0936     1.89013       17.00613
   -1.0747     1.88913       17.04170
   -1.0558     1.89690       17.07744
   -1.0369     1.90041       17.11331
   -1.0181     1.89728       17.14918
   -0.9992     1.88717       17.18493
   -0.9803     1.87006       17.22042
   -0.9614     1.84596       17.25552
   -0.9426     1.81486       17.29011
   -0.9237     1.77677       17.32403
   -0.9048     1.73161       17.35718
   -0.8860     1.67716       17.38940
   -0.8671     1.59892       17.42049
   -0.8482     1.49639       17.44976
   -0.8293     1.40000       17.47698
   -0.8105     1.32999       17.50261
   -0.7916     1.28603       17.52718
   -0.7727     1.24759       17.55116
   -0.7538     1.20549       17.57428
   -0.7350     1.16839       17.59666
   -0.7161     1.13320       17.61839
   -0.6972     1.09766       17.63944
   -0.6784     1.06203       17.65982
   -0.6595     1.02650       17.67953
   -0.6406     0.99108       17.69857
   -0.6216     0.95577       17.71694
   -0.6029     0.92058       17.73465
   -0.5840     0.88549       17.75169
   -0.5650     0.85052       17.76808
   -0.5461     0.81565       17.78380
   -0.5274     0.78071       17.79887
   -0.5084     0.74499       17.81327
   -0.4895     0.70890       17.82699
   -0.4708     0.67346       17.84003
   -0.4518     0.63890       17.85241
   -0.4329     0.60537       17.86415
   -0.4140     0.57296       17.87527
   -0.3952     0.54209       17.88578
   -0.3763     0.51357       17.89573
   -0.3574     0.48781       17.90517
   -0.3385     0.46482       17.91414
   -0.3197     0.44461       17.92271
   -0.3008     0.42718       17.93093
   -0.2819     0.41253       17.93884
   -0.2631     0.40065       17.94650
   -0.2442     0.39155       17.95396
   -0.2253     0.38523       17.96128
   -0.2064     0.38043       17.96851
   -0.1876     0.36491       17.97564
   -0.1687     0.32188       17.98228
   -0.1498     0.25373       17.98779
   -0.1309     0.18816       17.99186
   -0.1121     0.13792       17.99490
   -0.0932     0.09577       17.99706
   -0.0743     0.06138       17.99851
   -0.0555     0.03474       17.99938
   -0.0366     0.01584       17.99982
   -0.0177     0.00470       17.99998
    0.0012     0.00053       18.00000
    0.0200     0.00000       18.00000
    0.0389     0.00000       18.00000
    0.0578     0.00000       18.00000
    0.0767     0.00000       18.00000
    0.0955     0.00000       18.00000
    0.1144     0.00000       18.00000
    0.1333     0.00000       18.00000
    0.1521     0.00000       18.00000
    0.1710     0.00000       18.00000
    0.1899     0.00000       18.00000
    0.2088     0.00000       18.00000
    0.2276     0.00000       18.00000
    0.2465     0.00000       18.00000
    0.2654     0.00000       18.00000
    0.2842     0.00000       18.00000
    0.3031     0.00000       18.00000
    0.3220     0.00000       18.00000
    0.3410     0.00000       18.00000
    0.3597     0.00000       18.00000
    0.3786     0.00000       18.00000
    0.3976     0.00000       18.00000
    0.4165     0.00000       18.00000
    0.4352     0.00000       18.00000
    0.4542     0.00000       18.00000
    0.4731     0.00000       18.00000
    0.4918     0.00000       18.00000
    0.5108     0.00000       18.00000
    0.5297     0.00000       18.00000
    0.5486     0.00000       18.00000
    0.5674     0.00000       18.00000
    0.5863     0.00000       18.00000
    0.6052     0.00000       18.00000
    0.6241     0.00000       18.00000
    0.6429     0.00000       18.00000
    0.6618     0.00000       18.00000
    0.6807     0.00000       18.00000
    0.6995     0.00000       18.00000
    0.7184     0.00000       18.00000
    0.7373     0.00000       18.00000
    0.7562     0.00000       18.00000
    0.7750     0.00000       18.00000
    0.7939     0.00000       18.00000
    0.8128     0.00000       18.00000
    0.8317     0.00000       18.00000
    0.8505     0.00000       18.00000
    0.8694     0.00000       18.00000
    0.8883     0.00000       18.00000
    0.9071     0.00000       18.00000
    0.9260     0.00000       18.00000
    0.9449     0.00000       18.00000
    0.9638     0.00000       18.00000
    0.9826     0.00000       18.00000
    1.0015     0.00000       18.00000
    1.0204     0.00000       18.00000
    1.0393     0.00000       18.00000
    1.0581     0.00000       18.00000
    1.0770     0.00000       18.00000
    1.0959     0.00000       18.00000
    1.1147     0.00000       18.00000
    1.1336     0.00000       18.00000
    1.1525     0.00000       18.00000
    1.1715     0.00000       18.00000
    1.1902     0.00000       18.00000
    1.2091     0.00000       18.00000
    1.2280     0.00000       18.00000
    1.2470     0.00000       18.00000
    1.2657     0.00000       18.00000
    1.2846     0.00000       18.00000
    1.3036     0.00000       18.00000
    1.3223     0.00000       18.00000
    1.3412     0.00000       18.00000
    1.3602     0.00000       18.00000
    1.3791     0.00000       18.00000
    1.3978     0.00000       18.00000
    1.4168     0.00000       18.00000
    1.4357     0.00000       18.00000
    1.4546     0.00000       18.00000
    1.4734     0.00000       18.00000
    1.4923     0.00000       18.00000
    1.5112     0.00000       18.00000
    1.5300     0.00000       18.00000
    1.5489     0.00000       18.00000
    1.5678     0.00000       18.00000
    1.5867     0.00000       18.00000
    1.6055     0.00000       18.00000
    1.6244     0.00000       18.00000
    1.6433     0.00000       18.00000
    1.6622     0.00000       18.00000
    1.6810     0.00000       18.00000
    1.6999     0.00000       18.00000
    1.7188     0.00000       18.00000
    1.7376     0.00000       18.00000
    1.7565     0.00000       18.00000
    1.7754     0.00000       18.00000
    1.7943     0.00000       18.00000
    1.8131     0.00000       18.00000
    1.8320     0.00000       18.00000
    1.8509     0.00000       18.00000
    1.8698     0.00000       18.00000
    1.8886     0.00000       18.00000
    1.9075     0.00000       18.00000
    1.9264     0.00000       18.00000
    1.9452     0.00000       18.00000
    1.9641     0.00000       18.00000
    1.9830     0.00000       18.00000
    2.0019     0.00000       18.00000
    2.0207     0.00000       18.00000
    2.0396     0.00000       18.00000
    2.0585     0.00000       18.00000
    2.0773     0.00000       18.00000
    2.0962     0.00000       18.00000
    2.1151     0.00002       18.00000
    2.1341     0.00008       18.00000
    2.1528     0.00019       18.00000
    2.1717     0.00033       18.00001
    2.1907     0.00052       18.00002
    2.2096     0.00074       18.00003
    2.2283     0.00101       18.00004
    2.2473     0.00132       18.00007
    2.2662     0.00168       18.00009
    2.2849     0.00207       18.00013
    2.3039     0.00251       18.00017
    2.3228     0.00299       18.00022
    2.3417     0.00351       18.00028
    2.3605     0.00407       18.00036
    2.3794     0.00468       18.00044
    2.3983     0.00533       18.00053
    2.4172     0.00602       18.00064
    2.4360     0.00675       18.00076
    2.4549     0.00752       18.00089
    2.4738     0.00833       18.00104
    2.4926     0.00919       18.00121
    2.5115     0.01009       18.00139
    2.5304     0.01103       18.00159
    2.5493     0.01201       18.00181
    2.5681     0.01304       18.00204
    2.5870     0.01411       18.00230
    2.6059     0.01521       18.00258
    2.6248     0.01637       18.00287
    2.6436     0.01756       18.00319
    2.6625     0.01879       18.00354
    2.6814     0.02007       18.00390
    2.7002     0.02139       18.00429
    2.7191     0.02275       18.00471
    2.7380     0.02415       18.00515
    2.7569     0.02559       18.00562
    2.7757     0.02708       18.00612
    2.7946     0.02861       18.00664
    2.8135     0.03018       18.00720
    2.8324     0.03179       18.00778
    2.8512     0.03345       18.00840
    2.8701     0.03514       18.00905
    2.8890     0.03688       18.00973
    2.9078     0.03867       18.01044
    2.9267     0.04065       18.01119
    2.9456     0.04283       18.01197
    2.9645     0.04514       18.01280
    2.9833     0.04754       18.01368
    3.0022     0.05004       18.01460
    3.0211     0.05263       18.01557
    3.0401     0.05532       18.01658
    3.0588     0.05811       18.01765
    3.0777     0.06100       18.01878
    3.0967     0.06398       18.01996
    3.1154     0.06706       18.02119
    3.1343     0.07024       18.02249
    3.1533     0.07351       18.02384
    3.1722     0.07688       18.02526
    3.1909     0.08035       18.02675
    3.2099     0.08391       18.02830
    3.2288     0.08757       18.02991
    3.2477     0.09133       18.03160
    3.2665     0.09519       18.03336
    3.2854     0.09914       18.03520
    3.3043     0.10351       18.03710
    3.3231     0.10912       18.03910
    3.3420     0.11656       18.04122
    3.3609     0.12587       18.04350
    3.3798     0.13703       18.04598
    3.3986     0.14999       18.04868
    3.4175     0.16477       18.05164
    3.4364     0.18182       18.05490
    3.4553     0.20171       18.05850
    3.4741     0.22410       18.06251
    3.4930     0.24814       18.06696
    3.5119     0.27343       18.07188
    3.5307     0.29996       18.07728
    3.5496     0.32772       18.08320
    3.5685     0.35672       18.08965
    3.5874     0.38696       18.09667
    3.6062     0.41843       18.10426
    3.6251     0.45115       18.11246
    3.6440     0.48509       18.12129
    3.6629     0.52028       18.13077
    3.6817     0.55670       18.14093
    3.7006     0.59433       18.15179
    3.7195     0.63193       18.16337
    3.7383     0.66594       18.17564
    3.7572     0.69373       18.18851
    3.7761     0.71502       18.20183
    3.7950     0.73078       18.21550
    3.8138     0.75084       18.22942
    3.8327     0.77936       18.24384
    3.8516     0.80974       18.25884
    3.8704     0.84007       18.27441
    3.8893     0.87036       18.29055
    3.9082     0.90060       18.30726
    3.9271     0.93080       18.32455
    3.9459     0.96095       18.34240
    3.9648     0.99106       18.36082
    3.9837     1.02050       18.37981
    4.0027     1.04424       18.39935
    4.0214     1.06413       18.41923
    4.0403     1.08866       18.43952
    4.0593     1.11974       18.46033
    4.0780     1.15642       18.48179
    4.0969     1.19738       18.50398
    4.1159     1.24184       18.52699
    4.1348     1.28966       18.55086
    4.1535     1.33960       18.57567
    4.1725     1.39054       18.60143
    4.1914     1.44263       18.62816
    4.2103     1.49602       18.65589
    4.2291     1.55069       18.68464
    4.2480     1.60666       18.71443
    4.2669     1.66392       18.74529
    4.2857     1.72246       18.77724
    4.3046     1.78223       18.81031
    4.3235     1.83933       18.84452
    4.3424     1.88610       18.87974
    4.3612     1.92251       18.91572
    4.3801     1.95228       18.95232
    4.3990     1.97543       18.98941
    4.4179     1.99196       19.02689
    4.4367     2.00186       19.06461
    4.4556     2.00515       19.10246
    4.4745     2.00183       19.14030
    4.4933     1.99319       19.17802
    4.5122     1.98260       19.21554
    4.5311     1.97241       19.25287
    4.5500     1.96279       19.29000
    4.5688     1.95461       19.32696
    4.5877     1.94906       19.36379
    4.6066     1.94525       19.40053
    4.6255     1.94253       19.43722
    4.6443     1.93999       19.47386
    4.6632     1.93575       19.51045
    4.6821     1.93006       19.54694
    4.7009     1.92368       19.58331
    4.7198     1.91661       19.61956
    4.7387     1.90990       19.65566
    4.7576     1.90661       19.69165
    4.7764     1.90904       19.72763
    4.7953     1.91744       19.76372
    4.8142     1.92988       19.80002
    4.8332     1.91293       19.83657
    4.8519     1.89879       19.87223
    4.8708     1.89006       19.90825
    4.8898     1.80135       19.94358
    4.9085     1.66479       19.97625
    4.9274     1.53683       20.00642
    4.9463     1.41746       20.03426
    4.9653     1.32132       20.05993
    4.9840     1.23643       20.08414
    5.0029     1.14533       20.10660
    5.0219     1.05971       20.12738
    5.0408     0.98212       20.14661
    5.0595     0.91255       20.16445
    5.0785     0.85101       20.18106
    5.0974     0.79750       20.19658
    5.1161     0.75201       20.21116
    5.1351     0.71456       20.22496
    5.1540     0.68513       20.23813
    5.1729     0.66373       20.25083
    5.1917     0.65019       20.26319
    5.2106     0.64225       20.27537
    5.2295     0.63643       20.28743
    5.2484     0.63132       20.29940
    5.2672     0.62689       20.31127
    5.2861     0.62313       20.32306
    5.3050     0.62006       20.33479
    5.3238     0.61767       20.34647
    5.3427     0.61596       20.35811
    5.3616     0.61493       20.36972
    5.3805     0.61459       20.38132
    5.3993     0.61497       20.39292
    5.4182     0.61648       20.40453
    5.4371     0.61958       20.41619
    5.4560     0.62442       20.42792
    5.4748     0.63098       20.43976
    5.4937     0.63928       20.45174
    5.5126     0.64931       20.46389
    5.5314     0.66106       20.47625
    5.5503     0.67489       20.48885
    5.5692     0.69142       20.50173
    5.5881     0.70886       20.51495
    5.6069     0.72497       20.52849
    5.6258     0.73958       20.54232
    5.6447     0.75267       20.55641
    5.6635     0.76435       20.57073
    5.6824     0.77537       20.58526
    5.7013     0.78661       20.60000
    5.7202     0.79816       20.61496
    5.7390     0.80986       20.63013
    5.7579     0.82171       20.64553
    5.7768     0.83370       20.66115
    5.7958     0.84584       20.67700
    5.8145     0.85812       20.69308
    5.8334     0.87054       20.70939
    5.8524     0.88311       20.72594
    5.8711     0.89582       20.74273
    5.8900     0.90868       20.75976
    5.9090     0.92168       20.77703
    5.9279     0.93628       20.79455
    5.9466     1.74883       20.81238
    5.9656     2.73373       20.86057
    5.9845     2.69690       20.91557
    6.0034     2.42435       20.96237
    6.0222     2.33862       21.00709
    6.0411     2.27904       21.05066
    6.0600     2.22197       21.09312
    6.0788     2.16734       21.13453
    6.0977     2.11458       21.17494
    6.1166     2.06278       21.21436
    6.1355     2.01161       21.25281
    6.1543     1.96105       21.29029
    6.1732     1.91111       21.32683
    6.1921     1.86178       21.36244
    6.2110     1.81307       21.39712
    6.2298     1.76497       21.43088
    6.2487     1.71749       21.46374
    6.2676     1.67008       21.49571
    6.2864     1.61838       21.52679
    6.3053     1.56484       21.55681
    6.3242     1.51724       21.58586
    6.3431     1.47711       21.61408
    6.3619     1.43987       21.64162
    6.3808     1.39924       21.66844
    6.3997     1.35487       21.69444
    6.4186     1.30817       21.71958
    6.4374     1.25811       21.74382
    6.4563     1.19588       21.76707
    6.4752     1.12489       21.78896
    6.4940     1.05953       21.80954
    6.5129     1.00296       21.82896
    6.5318     0.95415       21.84740
    6.5507     0.90998       21.86498
    6.5695     0.86805       21.88175
    6.5884     0.82807       21.89775
    6.6073     0.79002       21.91301
    6.6262     0.75206       21.92757
    6.6450     0.71250       21.94140
    6.6639     0.67090       21.95447
    6.6828     0.62868       21.96673
    6.7016     0.60224       21.97820
    6.7205     0.59214       21.98946
    6.7394     0.58256       22.00055
    6.7584     0.57159       22.01145
    6.7771     0.55923       22.02213
    6.7960     0.54548       22.03256
    6.8150     0.53066       22.04272
    6.8339     0.51583       22.05259
    6.8526     0.50184       22.06219
    6.8716     0.48877       22.07154
    6.8905     0.47668       22.08064
    6.9092     0.46744       22.08953
    6.9282     0.46678       22.09829
    6.9471     0.48016       22.10715
    6.9660     0.50920       22.11642
    6.9848     0.55895       22.12637
    7.0037     0.63069       22.13752
    7.0226     0.71175       22.15018
    7.0415     0.79304       22.16438
    7.0603     0.87444       22.18012
    7.0792     0.95595       22.19739
    7.0981     1.03758       22.21621
    7.1169     1.11931       22.23656
    7.1358     1.20116       22.25846
    7.1547     1.41546       22.28190
    7.1736     2.28285       22.31189
    7.1924     3.18815       22.36808
    7.2113     3.28073       22.43224
    7.2302     3.02695       22.49192
    7.2491     2.75660       22.54651
    7.2679     2.49199       22.59598
    7.2868     2.31913       22.64058
    7.3057     2.27320       22.68353
    7.3245     2.26413       22.72639
    7.3434     2.24254       22.76900
    7.3623     2.20452       22.81105
    7.3812     2.15393       22.85222
    7.4000     2.09668       22.89236
    7.4189     2.03117       22.93137
    7.4378     1.95483       22.96903
    7.4566     1.87875       23.00516
    7.4755     1.81363       23.03995
    7.4944     1.76013       23.07362
    7.5133     1.71826       23.10640
    7.5321     1.68801       23.13849
    7.5510     1.66968       23.17012
    7.5699     1.66329       23.20152
    7.5888     1.66471       23.23291
    7.6076     1.66913       23.26436
    7.6265     1.67553       23.29591
    7.6454     1.68389       23.32761
    7.6642     1.69400       23.35948
    7.6831     1.70554       23.39156
    7.7020     1.71839       23.42386
    7.7210     1.73255       23.45642
    7.7397     1.74803       23.48927
    7.7586     1.76482       23.52241
    7.7776     1.78293       23.55589
    7.7965     1.80221       23.58972
    7.8152     1.81793       23.62392
    7.8342     1.81983       23.65834
    7.8531     1.79899       23.69262
    7.8718     1.67333       23.72625
    7.8908     1.49208       23.75578
    7.9097     1.40595       23.78258
    7.9286     1.37908       23.80886
    7.9474     1.35295       23.83464
    7.9663     1.32757       23.85993
    7.9852     1.30293       23.88475
    8.0041     1.27841       23.90912
    8.0229     1.25140       23.93301
    8.0418     1.21955       23.95635
    8.0607     1.18247       23.97905
    8.0795     1.14062       24.00099
    8.0984     1.10093       24.02211
    8.1173     1.07168       24.04255
    8.1362     1.05118       24.06256
    8.1550     1.03419       24.08223
    8.1739     1.01891       24.10160
    8.1928     1.00530       24.12070
    8.2117     0.99339       24.13955
    8.2305     0.98319       24.15820
    8.2494     0.97481       24.17667
    8.2683     0.96841       24.19499
    8.2871     0.96413       24.21322
    8.3060     0.96194       24.23139
    8.3249     0.96176       24.24953
    8.3438     0.96357       24.26770
    8.3626     0.96738       24.28591
    8.3815     0.97317       24.30421
    8.4004     0.98065       24.32265
    8.4193     0.98924       24.34123
    8.4381     0.99869       24.35999
    8.4570     1.01074       24.37893
    8.4759     1.03123       24.39814
    8.4947     1.06481       24.41786
    8.5136     1.11038       24.43834
    8.5325     1.16254       24.45978
    8.5515     1.21712       24.48222
    8.5702     1.27368       24.50572
    8.5891     1.33220       24.53031
    8.6080     1.39269       24.55601
    8.6270     1.45516       24.58288
    8.6457     1.51960       24.61094
    8.6646     1.58600       24.64024
    8.6836     1.65129       24.67081
    8.7023     1.67346       24.70258
    8.7212     1.65078       24.73399
    8.7402     1.61913       24.76489
    8.7591     1.57105       24.79511
    8.7778     1.50036       24.82420
    8.7968     1.40915       24.85174
    8.8157     1.31154       24.87739
    8.8346     1.22383       24.90125
    8.8534     1.15033       24.92359
    8.8723     1.08933       24.94468
    8.8912     1.03731       24.96471
    8.9100     0.99226       24.98384
    8.9289     0.95409       25.00217
    8.9478     0.92280       25.01985
    8.9667     0.89838       25.03701
    8.9855     0.88083       25.05377
    9.0044     0.87022       25.07026
    9.0233     0.86541       25.08662
    9.0422     0.86318       25.10293
    9.0610     0.86143       25.11920
    9.0799     0.86003       25.13544
    9.0988     0.85900       25.15167
    9.1176     0.85832       25.16787
    9.1365     0.85800       25.18407
    9.1554     0.85803       25.20026
    9.1743     0.85843       25.21646
    9.1931     0.85918       25.23267
    9.2120     0.86029       25.24889
    9.2309     0.86176       25.26514
    9.2497     0.86359       25.28142
    9.2686     0.86577       25.29774
    9.2875     0.86831       25.31410
    9.3064     0.87121       25.33052
    9.3252     0.87447       25.34699
    9.3441     0.87808       25.36353
    9.3630     0.88216       25.38014
    9.3819     0.88686       25.39683
    9.4007     0.89229       25.41362
    9.4196     0.89844       25.43051
    9.4385     0.90532       25.44753
    9.4573     0.91293       25.46469
    9.4762     0.92126       25.48199
    9.4951     0.93032       25.49947
    9.5141     0.94010       25.51711
    9.5328     0.95062       25.53495
    9.5517     0.96185       25.55300
    9.5707     0.98413       25.57126
    9.5896     0.98851       25.59015
    9.6083     0.95295       25.60858
    9.6273     0.90962       25.62612
    9.6462     0.87314       25.64292
    9.6649     0.84143       25.65908
    9.6839     0.81504       25.67468
    9.7028     0.79603       25.68985
    9.7217     0.78115       25.70473
    9.7405     0.76604       25.71934
    9.7594     0.75641       25.73365
    9.7783     0.75802       25.74789
    9.7972     0.76486       25.76226
    9.8160     0.77225       25.77677
    9.8349     0.78016       25.79141
    9.8538     0.78861       25.80622
    9.8726     0.79759       25.82118
    9.8915     0.80706       25.83632
    9.9104     0.81693       25.85165
    9.9293     0.82730       25.86716
    9.9481     0.83837       25.88288
    9.9670     0.85016       25.89881
    9.9859     0.86266       25.91497
   10.0048     0.87588       25.93138
   10.0236     0.88981       25.94804
   10.0425     0.90456       25.96497
   10.0614     0.92044       25.98218
   10.0802     0.93770       25.99971
   10.0991     0.95637       26.01758
   10.1180     0.97646       26.03581
   10.1369     0.99795       26.05444
   10.1557     1.02066       26.07349
   10.1746     1.03493       26.09297
   10.1935     1.01761       26.11255
   10.2124     0.96781       26.13138
   10.2312     0.92464       26.14909
   10.2501     0.90100       26.16629
   10.2690     0.88309       26.18310
   10.2878     0.87047       26.19962
   10.3067     0.86314       26.21596
   10.3256     0.86057       26.23221
   10.3445     0.86087       26.24845
   10.3633     0.86252       26.26470
   10.3822     0.86531       26.28101
   10.4011     0.86923       26.29737
   10.4201     0.87549       26.31382
   10.4388     0.89654       26.33042
   10.4577     0.94430       26.34766
   10.4767     1.00830       26.36607
   10.4954     1.07611       26.38572
   10.5143     1.14265       26.40669
   10.5333     1.16302       26.42886
   10.5522     1.12477       26.45059
   10.5709     1.06886       26.47132
   10.5899     1.00759       26.49094
   10.6088     0.95060       26.50935
   10.6277     0.93530       26.52682
   10.6465     0.97150       26.54466
   10.6654     1.03674       26.56350
   10.6843     1.12020       26.58380
   10.7031     1.20406       26.60578
   10.7220     1.27493       26.62925
   10.7409     1.33091       26.65391
   10.7598     1.37201       26.67949
   10.7786     1.39823       26.70571
   10.7975     1.40955       26.73227
   10.8164     1.40600       26.75892
   10.8353     1.39068       26.78535
   10.8541     1.39426       26.81141
   10.8730     1.42654       26.83798
   10.8919     1.46251       26.86526
   10.9107     1.49552       26.89319
   10.9296     1.52637       26.92172
   10.9485     1.55520       26.95081
   10.9674     1.58198       26.98043
   10.9862     1.60670       27.01053
   11.0051     1.62923       27.04108
   11.0240     1.64693       27.07203
   11.0428     1.65450       27.10325
   11.0617     1.64908       27.13449
   11.0806     1.63297       27.16550
   11.0995     1.60921       27.19613
   11.1183     1.57778       27.22625
   11.1372     1.55950       27.25569
   11.1561     1.55960       27.28512
   11.1750     1.55854       27.31456
   11.1938     1.55291       27.34395
   11.2127     1.54270       27.37319
   11.2316     1.52791       27.40219
   11.2504     1.50853       27.43086
   11.2693     1.48608       27.45913
   11.2882     1.46346       27.48696
   11.3071     1.44065       27.51438
   11.3259     1.41658       27.54135
   11.3448     1.39172       27.56785
   11.3637     1.36608       27.59388
   11.3827     1.33967       27.61942
   11.4014     1.31249       27.64445
   11.4203     1.28453       27.66897
   11.4393     1.25579       27.69294
   11.4580     1.22628       27.71637
   11.4769     1.19600       27.73924
   11.4959     1.16494       27.76152
   11.5148     1.13311       27.78321
   11.5335     1.10050       27.80429
   11.5525     1.06711       27.82475
   11.5714     1.03303       27.84458
   11.5903     0.99875       27.86375
   11.6091     0.96507       27.88228
   11.6280     0.93374       27.90018
   11.6469     0.90485       27.91753
   11.6657     0.87700       27.93434
   11.6846     0.85098       27.95063
   11.7035     0.82962       27.96646
   11.7224     0.81603       27.98195
   11.7412     0.81749       27.99727
   11.7601     0.83110       28.01281
   11.7790     0.84551       28.02864
   11.7979     0.85835       28.04473
   11.8167     0.86884       28.06104
   11.8356     0.87513       28.07753
   11.8545     0.87859       28.09408
   11.8733     0.87884       28.11069
   11.8922     0.87217       28.12725
   11.9111     0.85776       28.14362
   11.9300     0.83640       28.15963
   11.9488     0.80117       28.17519
   11.9677     0.75207       28.18988
   11.9866     0.70274       28.20358
   12.0055     0.65919       28.21641
   12.0243     0.62146       28.22846
   12.0432     0.58956       28.23987
   12.0621     0.56349       28.25072
   12.0809     0.54324       28.26114
   12.0998     0.52881       28.27123
   12.1187     0.52022       28.28110
   12.1376     0.51744       28.29086
   12.1564     0.52049       28.30063
   12.1753     0.52872       28.31051
   12.1942     0.54038       28.32059
   12.2132     0.55418       28.33091
   12.2319     0.56997       28.34151
   12.2508     0.58762       28.35243
   12.2698     0.60678       28.36369
   12.2885     0.62692       28.37533
   12.3074     0.64736       28.38736
   12.3263     0.66761       28.39977
   12.3453     0.68765       28.41256
   12.3640     0.70756       28.42573
   12.3829     0.72735       28.43927
   12.4019     0.74701       28.45319
   12.4208     0.76646       28.46747
   12.4395     0.78556       28.48212
   12.4585     0.80422       28.49713
   12.4774     0.82246       28.51248
   12.4961     0.84030       28.52817
   12.5151     0.85776       28.54420
   12.5340     0.87484       28.56055
   12.5529     0.89155       28.57722
   12.5717     0.90832       28.59421
   12.5906     0.92612       28.61151
   12.6095     0.94553       28.62917
   12.6284     0.96644       28.64721
   12.6472     0.98828       28.66565
   12.6661     1.01013       28.68451
   12.6850     1.03177       28.70378
   12.7038     1.05360       28.72346
   12.7227     1.07570       28.74356
   12.7416     1.09808       28.76407
   12.7605     1.12072       28.78501
   12.7793     1.14363       28.80637
   12.7982     1.16682       28.82818
   12.8171     1.19028       28.85042
   12.8359     1.21400       28.87311
   12.8548     1.23800       28.89625
   12.8737     1.26227       28.91984
   12.8926     1.28681       28.94390
   12.9114     1.31163       28.96842
   12.9303     1.33671       28.99341
   12.9492     1.36205       29.01888
   12.9681     1.38628       29.04483
   12.9869     1.40907       29.07121
   13.0058     1.43254       29.09802
   13.0247     1.45780       29.12529
   13.0435     1.48485       29.15305
   13.0624     1.51370       29.18134
   13.0813     1.54444       29.21019
   13.1002     1.57715       29.23964
   13.1190     1.61145       29.26973
   13.1379     1.64686       29.30047
   13.1568     1.68327       29.33190
   13.1758     1.72065       29.36402
   13.1945     1.75897       29.39685
   13.2134     1.79821       29.43042
   13.2324     1.80048       29.46473
   13.2511     1.75051       29.49838
   13.2700     1.72316       29.53081
   13.2890     1.74114       29.56343
   13.3079     1.77546       29.59654
   13.3266     1.82702       29.63045
   13.3456     1.88999       29.66551
   13.3645     1.94480       29.70180
   13.3834     1.98544       29.73892
   13.4022     2.02244       29.77675
   13.4211     2.05899       29.81527
   13.4400     2.08834       29.85447
   13.4588     2.09757       29.89410
   13.4777     2.09990       29.93366
   13.4966     2.25695       29.97337
   13.5155     2.35348       30.01885
   13.5343     2.24247       30.06221
   13.5532     2.13652       30.10351
   13.5721     2.03789       30.14287
   13.5910     1.94657       30.18044
   13.6098     1.86257       30.21635
   13.6287     1.83488       30.25075
   13.6476     2.13119       30.28561
   13.6664     2.32101       30.33120
   13.6853     1.89607       30.37323
   13.7042     1.42023       30.40277
   13.7231     1.22173       30.42684
   13.7419     1.12296       30.44889
   13.7608     1.03666       30.46923
   13.7797     0.95808       30.48803
   13.7986     0.88686       30.50540
   13.8174     0.82301       30.52150
   13.8363     0.76651       30.53647
   13.8552     0.71737       30.55044
   13.8740     0.67560       30.56355
   13.8929     0.64119       30.57594
   13.9118     0.61414       30.58775
   13.9307     0.59445       30.59913
   13.9495     0.58212       30.61019
   13.9684     0.57691       30.62110
   13.9873     0.57767       30.63197
   14.0062     0.58083       30.64291
   14.0250     0.58365       30.65390
   14.0439     0.58598       30.66494
   14.0628     0.58782       30.67602
   14.0816     0.58918       30.68713
   14.1005     0.59005       30.69826
   14.1194     0.59117       30.70940
   14.1384     0.59634       30.72058
   14.1571     0.61067       30.73191
   14.1760     0.63866       30.74363
   14.1950     0.67499       30.75602
   14.2139     0.71088       30.76911
   14.2326     0.74539       30.78286
   14.2516     0.77852       30.79725
   14.2705     0.81028       30.81225
   14.2892     0.84066       30.82783
   14.3082     0.86966       30.84398
   14.3271     0.89734       30.86066
   14.3460     0.92390       30.87786
   14.3648     0.95030       30.89554
   14.3837     0.97775       30.91373
   14.4026     1.00658       30.93245
   14.4215     1.03679       30.95173
   14.4403     1.06838       30.97159
   14.4592     1.14308       30.99206
   14.4781     1.29999       31.01474
   14.4969     1.48962       31.04113
   14.5158     1.66520       31.07097
   14.5347     1.82680       31.10399
   14.5536     1.97116       31.13993
   14.5724     2.09052       31.17840
   14.5913     2.18002       31.21885
   14.6102     2.24158       31.26070
   14.6290     2.28097       31.30347
   14.6479     2.18466       31.34680
   14.6668     1.83754       31.38593
   14.6857     1.59366       31.41617
   14.7045     1.59176       31.44609
   14.7234     1.61677       31.47626
   14.7423     1.66293       31.50713
   14.7612     1.69653       31.53903
   14.7800     1.68908       31.57117
   14.7989     1.66358       31.60279
   14.8178     1.64102       31.63397
   14.8366     1.61998       31.66474
   14.8555     1.59990       31.69512
   14.8744     1.58080       31.72513
   14.8933     1.56265       31.75480
   14.9121     1.54547       31.78412
   14.9310     1.52925       31.81314
   14.9499     1.51400       31.84185
   14.9688     1.49971       31.87029
   14.9876     1.48638       31.89846
