        0.00000       -0.95020   1   1
        0.00000       -0.95020   1   2
        0.00000       -0.95020   1   3
        0.00000       -0.94431   1   4
        0.00000       -0.94431   1   5
        0.00000       -0.79846   1   6
        0.00000        0.14138   1   7
        0.00000        0.14138   1   8
        0.00000        0.14138   1   9
        0.00000        0.16340   1  10
        0.00000        0.41198   1  11
        0.00000        0.41198   1  12
        0.00000        0.41198   1  13
        0.00000        0.89258   1  14
        0.00000        0.89258   1  15
        0.00000        1.10497   1  16
        0.00000        1.10497   1  17
        0.00000        1.10497   1  18
        0.00000        2.04674   1  19
        0.00000        2.04674   1  20
        0.00000        2.04674   1  21
        0.00000        2.20252   1  22
        0.00000        2.20252   1  23
        0.04762       -0.95027   1   1
        0.04762       -0.95018   1   2
        0.04762       -0.95018   1   3
        0.04762       -0.94431   1   4
        0.04762       -0.94430   1   5
        0.04762       -0.79781   1   6
        0.04762        0.11836   1   7
        0.04762        0.13903   1   8
        0.04762        0.13904   1   9
        0.04762        0.18664   1  10
        0.04762        0.41025   1  11
        0.04762        0.41500   1  12
        0.04762        0.41505   1  13
        0.04762        0.88455   1  14
        0.04762        0.89318   1  15
        0.04762        1.11531   1  16
        0.04762        1.11688   1  17
        0.04762        1.12061   1  18
        0.04762        2.03458   1  19
        0.04762        2.05246   1  20
        0.04762        2.05391   1  21
        0.04762        2.20148   1  22
        0.04762        2.21949   1  23
        0.09524       -0.95045   1   1
        0.09524       -0.95012   1   2
        0.09524       -0.95012   1   3
        0.09524       -0.94433   1   4
        0.09524       -0.94428   1   5
        0.09524       -0.79583   1   6
        0.09524        0.08751   1   7
        0.09524        0.13235   1   8
        0.09524        0.13239   1   9
        0.09524        0.21783   1  10
        0.09524        0.40513   1  11
        0.09524        0.42383   1  12
        0.09524        0.42391   1  13
        0.09524        0.86414   1  14
        0.09524        0.89502   1  15
        0.09524        1.14350   1  16
        0.09524        1.15321   1  17
        0.09524        1.15913   1  18
        0.09524        2.00877   1  19
        0.09524        2.07073   1  20
        0.09524        2.07186   1  21
        0.09524        2.19508   1  22
        0.09524        2.25680   1  23
        0.14286       -0.95076   1   1
        0.14286       -0.95002   1   2
        0.14286       -0.95002   1   3
        0.14286       -0.94436   1   4
        0.14286       -0.94424   1   5
        0.14286       -0.79256   1   6
        0.14286        0.05663   1   7
        0.14286        0.12229   1   8
        0.14286        0.12235   1   9
        0.14286        0.24831   1  10
        0.14286        0.39697   1  11
        0.14286        0.43773   1  12
        0.14286        0.43780   1  13
        0.14286        0.83784   1  14
        0.14286        0.89824   1  15
        0.14286        1.18502   1  16
        0.14286        1.20425   1  17
        0.14286        1.21007   1  18
        0.14286        1.97966   1  19
        0.14286        2.09741   1  20
        0.14286        2.09800   1  21
        0.14286        2.17536   1  22
        0.14286        2.29753   1  23
        0.19048       -0.95116   1   1
        0.19048       -0.94989   1   2
        0.19048       -0.94989   1   3
        0.19048       -0.94442   1   4
        0.19048       -0.94421   1   5
        0.19048       -0.78801   1   6
        0.19048        0.02614   1   7
        0.19048        0.10995   1   8
        0.19048        0.11000   1   9
        0.19048        0.27643   1  10
        0.19048        0.38643   1  11
        0.19048        0.45574   1  12
        0.19048        0.45579   1  13
        0.19048        0.81042   1  14
        0.19048        0.90303   1  15
        0.19048        1.23692   1  16
        0.19048        1.25795   1  17
        0.19048        1.26167   1  18
        0.19048        1.94901   1  19
        0.19048        2.12663   1  20
        0.19048        2.12832   1  21
        0.19048        2.13382   1  22
        0.19048        2.33460   1  23
        0.23810       -0.95165   1   1
        0.23810       -0.94972   1   2
        0.23810       -0.94972   1   3
        0.23810       -0.94450   1   4
        0.23810       -0.94417   1   5
        0.23810       -0.78221   1   6
        0.23810       -0.00397   1   7
        0.23810        0.09623   1   8
        0.23810        0.09625   1   9
        0.23810        0.30061   1  10
        0.23810        0.37485   1  11
        0.23810        0.47694   1  12
        0.23810        0.47695   1  13
        0.23810        0.78471   1  14
        0.23810        0.90948   1  15
        0.23810        1.29633   1  16
        0.23810        1.30451   1  17
        0.23810        1.30524   1  18
        0.23810        1.91623   1  19
        0.23810        2.06563   1  20
        0.23810        2.15455   1  21
        0.23810        2.15517   1  22
        0.23810        2.36734   1  23
        0.28571       -0.95219   1   1
        0.28571       -0.94952   1   2
        0.28571       -0.94952   1   3
        0.28571       -0.94460   1   4
        0.28571       -0.94413   1   5
        0.28571       -0.77522   1   6
        0.28571       -0.03379   1   7
        0.28571        0.08173   1   8
        0.28571        0.08177   1   9
        0.28571        0.31782   1  10
        0.28571        0.36542   1  11
        0.28571        0.50046   1  12
        0.28571        0.50050   1  13
        0.28571        0.76252   1  14
        0.28571        0.91750   1  15
        0.28571        1.33688   1  16
        0.28571        1.33873   1  17
        0.28571        1.35927   1  18
        0.28571        1.88122   1  19
        0.28571        1.97339   1  20
        0.28571        2.17313   1  21
        0.28571        2.17554   1  22
        0.28571        2.39780   1  23
        0.33333       -0.95278   1   1
        0.33333       -0.94929   1   2
        0.33333       -0.94929   1   3
        0.33333       -0.94472   1   4
        0.33333       -0.94408   1   5
        0.33333       -0.76706   1   6
        0.33333       -0.06342   1   7
        0.33333        0.06687   1   8
        0.33333        0.06695   1   9
        0.33333        0.32152   1  10
        0.33333        0.36494   1  11
        0.33333        0.52572   1  12
        0.33333        0.52581   1  13
        0.33333        0.74538   1  14
        0.33333        0.92678   1  15
        0.33333        1.35648   1  16
        0.33333        1.35975   1  17
        0.33333        1.42174   1  18
        0.33333        1.84466   1  19
        0.33333        1.86900   1  20
        0.33333        2.17904   1  21
        0.33333        2.18477   1  22
        0.33333        2.42726   1  23
        0.38095       -0.95340   1   1
        0.38095       -0.94905   1   2
        0.38095       -0.94905   1   3
        0.38095       -0.94484   1   4
        0.38095       -0.94402   1   5
        0.38095       -0.75781   1   6
        0.38095       -0.09291   1   7
        0.38095        0.05198   1   8
        0.38095        0.05206   1   9
        0.38095        0.31281   1  10
        0.38095        0.37211   1  11
        0.38095        0.55229   1  12
        0.38095        0.55240   1  13
        0.38095        0.73494   1  14
        0.38095        0.93703   1  15
        0.38095        1.36600   1  16
        0.38095        1.36939   1  17
        0.38095        1.48136   1  18
        0.38095        1.77045   1  19
        0.38095        1.80807   1  20
        0.38095        2.17226   1  21
        0.38095        2.17974   1  22
        0.38095        2.45423   1  23
        0.42857       -0.95402   1   1
        0.42857       -0.94878   1   2
        0.42857       -0.94878   1   3
        0.42857       -0.94497   1   4
        0.42857       -0.94394   1   5
        0.42857       -0.74751   1   6
        0.42857       -0.12216   1   7
        0.42857        0.03734   1   8
        0.42857        0.03739   1   9
        0.42857        0.30032   1  10
        0.42857        0.37773   1  11
        0.42857        0.57992   1  12
        0.42857        0.58000   1  13
        0.42857        0.73287   1  14
        0.42857        0.94821   1  15
        0.42857        1.36810   1  16
        0.42857        1.37056   1  17
        0.42857        1.53614   1  18
        0.42857        1.69192   1  19
        0.42857        1.77518   1  20
        0.42857        2.15456   1  21
        0.42857        2.16098   1  22
        0.42857        2.47511   1  23
        0.47619       -0.95463   1   1
        0.47619       -0.94851   1   2
        0.47619       -0.94851   1   3
        0.47619       -0.94509   1   4
        0.47619       -0.94386   1   5
        0.47619       -0.73627   1   6
        0.47619       -0.15101   1   7
        0.47619        0.02323   1   8
        0.47619        0.02325   1   9
        0.47619        0.28765   1  10
        0.47619        0.37777   1  11
        0.47619        0.60841   1  12
        0.47619        0.60844   1  13
        0.47619        0.74020   1  14
        0.47619        0.96059   1  15
        0.47619        1.36518   1  16
        0.47619        1.36605   1  17
        0.47619        1.57770   1  18
        0.47619        1.63556   1  19
        0.47619        1.75663   1  20
        0.47619        2.12935   1  21
        0.47619        2.13192   1  22
        0.47619        2.48645   1  23
        0.52381       -0.95523   1   1
        0.52381       -0.94823   1   2
        0.52381       -0.94823   1   3
        0.52381       -0.94522   1   4
        0.52381       -0.94378   1   5
        0.52381       -0.72417   1   6
        0.52381       -0.17924   1   7
        0.52381        0.00992   1   8
        0.52381        0.00993   1   9
        0.52381        0.27593   1  10
        0.52381        0.37161   1  11
        0.52381        0.63755   1  12
        0.52381        0.63757   1  13
        0.52381        0.75658   1  14
        0.52381        0.97459   1  15
        0.52381        1.35772   1  16
        0.52381        1.35857   1  17
        0.52381        1.58715   1  18
        0.52381        1.59348   1  19
        0.52381        1.77129   1  20
        0.52381        2.09811   1  21
        0.52381        2.10075   1  22
        0.52381        2.48687   1  23
        0.57143       -0.95579   1   1
        0.57143       -0.94796   1   2
        0.57143       -0.94796   1   3
        0.57143       -0.94535   1   4
        0.57143       -0.94370   1   5
        0.57143       -0.71133   1   6
        0.57143       -0.20664   1   7
        0.57143       -0.00236   1   8
        0.57143       -0.00234   1   9
        0.57143        0.26557   1  10
        0.57143        0.36044   1  11
        0.57143        0.66713   1  12
        0.57143        0.66719   1  13
        0.57143        0.77996   1  14
        0.57143        0.99037   1  15
        0.57143        1.34622   1  16
        0.57143        1.34848   1  17
        0.57143        1.55591   1  18
        0.57143        1.56510   1  19
        0.57143        1.81508   1  20
        0.57143        2.06565   1  21
        0.57143        2.07262   1  22
        0.57143        2.47791   1  23
        0.61905       -0.95632   1   1
        0.61905       -0.94769   1   2
        0.61905       -0.94769   1   3
        0.61905       -0.94548   1   4
        0.61905       -0.94363   1   5
        0.61905       -0.69789   1   6
        0.61905       -0.23301   1   7
        0.61905       -0.01344   1   8
        0.61905       -0.01342   1   9
        0.61905        0.25673   1  10
        0.61905        0.34617   1  11
        0.61905        0.69696   1  12
        0.61905        0.69702   1  13
        0.61905        0.80739   1  14
        0.61905        1.00763   1  15
        0.61905        1.33155   1  16
        0.61905        1.33446   1  17
        0.61905        1.51675   1  18
        0.61905        1.52939   1  19
        0.61905        1.86522   1  20
        0.61905        2.03925   1  21
        0.61905        2.04788   1  22
        0.61905        2.46315   1  23
        0.66667       -0.95680   1   1
        0.66667       -0.94743   1   2
        0.66667       -0.94743   1   3
        0.66667       -0.94563   1   4
        0.66667       -0.94357   1   5
        0.66667       -0.68404   1   6
        0.66667       -0.25817   1   7
        0.66667       -0.02324   1   8
        0.66667       -0.02323   1   9
        0.66667        0.24952   1  10
        0.66667        0.33052   1  11
        0.66667        0.72683   1  12
        0.66667        0.72687   1  13
        0.66667        0.83605   1  14
        0.66667        1.02574   1  15
        0.66667        1.31379   1  16
        0.66667        1.31631   1  17
        0.66667        1.47442   1  18
        0.66667        1.48828   1  19
        0.66667        1.91061   1  20
        0.66667        2.02093   1  21
        0.66667        2.02819   1  22
        0.66667        2.44578   1  23
        0.71429       -0.95723   1   1
        0.71429       -0.94720   1   2
        0.71429       -0.94720   1   3
        0.71429       -0.94578   1   4
        0.71429       -0.94351   1   5
        0.71429       -0.67005   1   6
        0.71429       -0.28190   1   7
        0.71429       -0.03179   1   8
        0.71429       -0.03178   1   9
        0.71429        0.24401   1  10
        0.71429        0.31471   1  11
        0.71429        0.75649   1  12
        0.71429        0.75650   1  13
        0.71429        0.86409   1  14
        0.71429        1.04419   1  15
        0.71429        1.29336   1  16
        0.71429        1.29457   1  17
        0.71429        1.43048   1  18
        0.71429        1.44384   1  19
        0.71429        1.95039   1  20
        0.71429        2.01041   1  21
        0.71429        2.01399   1  22
        0.71429        2.42655   1  23
        0.76190       -0.95761   1   1
        0.76190       -0.94699   1   2
        0.76190       -0.94699   1   3
        0.76190       -0.94592   1   4
        0.76190       -0.94347   1   5
        0.76190       -0.65631   1   6
        0.76190       -0.30388   1   7
        0.76190       -0.03909   1   8
        0.76190       -0.03909   1   9
        0.76190        0.24023   1  10
        0.76190        0.29961   1  11
        0.76190        0.78560   1  12
        0.76190        0.78561   1  13
        0.76190        0.89072   1  14
        0.76190        1.06301   1  15
        0.76190        1.27056   1  16
        0.76190        1.27094   1  17
        0.76190        1.38795   1  18
        0.76190        1.39668   1  19
        0.76190        1.98853   1  20
        0.76190        2.00484   1  21
        0.76190        2.00608   1  22
        0.76190        2.40401   1  23
        0.80952       -0.95793   1   1
        0.80952       -0.94682   1   2
        0.80952       -0.94682   1   3
        0.80952       -0.94603   1   4
        0.80952       -0.94343   1   5
        0.80952       -0.64336   1   6
        0.80952       -0.32365   1   7
        0.80952       -0.04517   1   8
        0.80952       -0.04515   1   9
        0.80952        0.23814   1  10
        0.80952        0.28589   1  11
        0.80952        0.81361   1  12
        0.80952        0.81366   1  13
        0.80952        0.91592   1  14
        0.80952        1.08257   1  15
        0.80952        1.24597   1  16
        0.80952        1.24751   1  17
        0.80952        1.34795   1  18
        0.80952        1.34986   1  19
        0.80952        1.99996   1  20
        0.80952        2.00588   1  21
        0.80952        2.02897   1  22
        0.80952        2.37666   1  23
        0.85714       -0.95817   1   1
        0.85714       -0.94668   1   2
        0.85714       -0.94668   1   3
        0.85714       -0.94612   1   4
        0.85714       -0.94339   1   5
        0.85714       -0.63187   1   6
        0.85714       -0.34055   1   7
        0.85714       -0.04998   1   8
        0.85714       -0.04995   1   9
        0.85714        0.23763   1  10
        0.85714        0.27410   1  11
        0.85714        0.83945   1  12
        0.85714        0.83958   1  13
        0.85714        0.93969   1  14
        0.85714        1.10281   1  15
        0.85714        1.22266   1  16
        0.85714        1.22448   1  17
        0.85714        1.30029   1  18
        0.85714        1.31833   1  19
        0.85714        1.99861   1  20
        0.85714        2.00756   1  21
        0.85714        2.07213   1  22
        0.85714        2.34504   1  23
        0.90476       -0.95834   1   1
        0.90476       -0.94658   1   2
        0.90476       -0.94658   1   3
        0.90476       -0.94617   1   4
        0.90476       -0.94336   1   5
        0.90476       -0.62267   1   6
        0.90476       -0.35370   1   7
        0.90476       -0.05346   1   8
        0.90476       -0.05344   1   9
        0.90476        0.23841   1  10
        0.90476        0.26468   1  11
        0.90476        0.86134   1  12
        0.90476        0.86155   1  13
        0.90476        0.96111   1  14
        0.90476        1.12219   1  15
        0.90476        1.20271   1  16
        0.90476        1.20407   1  17
        0.90476        1.25808   1  18
        0.90476        1.29434   1  19
        0.90476        2.00004   1  20
        0.90476        2.00901   1  21
        0.90476        2.11421   1  22
        0.90476        2.31234   1  23
        0.95238       -0.95844   1   1
        0.95238       -0.94651   1   2
        0.95238       -0.94651   1   3
        0.95238       -0.94620   1   4
        0.95238       -0.94334   1   5
        0.95238       -0.61666   1   6
        0.95238       -0.36214   1   7
        0.95238       -0.05557   1   8
        0.95238       -0.05555   1   9
        0.95238        0.23993   1  10
        0.95238        0.25810   1  11
        0.95238        0.87659   1  12
        0.95238        0.87677   1  13
        0.95238        0.97734   1  14
        0.95238        1.13717   1  15
        0.95238        1.18879   1  16
        0.95238        1.18944   1  17
        0.95238        1.22763   1  18
        0.95238        1.27868   1  19
        0.95238        2.00318   1  20
        0.95238        2.00881   1  21
        0.95238        2.14824   1  22
        0.95238        2.28443   1  23
        1.00000       -0.95847   1   1
        1.00000       -0.94649   1   2
        1.00000       -0.94649   1   3
        1.00000       -0.94621   1   4
        1.00000       -0.94334   1   5
        1.00000       -0.61455   1   6
        1.00000       -0.36506   1   7
        1.00000       -0.05626   1   8
        1.00000       -0.05626   1   9
        1.00000        0.24085   1  10
        1.00000        0.25552   1  11
        1.00000        0.88223   1  12
        1.00000        0.88223   1  13
        1.00000        0.98368   1  14
        1.00000        1.14301   1  15
        1.00000        1.18386   1  16
        1.00000        1.18386   1  17
        1.00000        1.21623   1  18
        1.00000        1.27304   1  19
        1.00000        2.00660   1  20
        1.00000        2.00660   1  21
        1.00000        2.16276   1  22
        1.00000        2.27201   1  23
        1.00000       -0.95847   1   1
        1.00000       -0.94649   1   2
        1.00000       -0.94649   1   3
        1.00000       -0.94621   1   4
        1.00000       -0.94334   1   5
        1.00000       -0.61455   1   6
        1.00000       -0.36506   1   7
        1.00000       -0.05626   1   8
        1.00000       -0.05626   1   9
        1.00000        0.24085   1  10
        1.00000        0.25552   1  11
        1.00000        0.88223   1  12
        1.00000        0.88223   1  13
        1.00000        0.98368   1  14
        1.00000        1.14301   1  15
        1.00000        1.18386   1  16
        1.00000        1.18386   1  17
        1.00000        1.21623   1  18
        1.00000        1.27304   1  19
        1.00000        2.00660   1  20
        1.00000        2.00660   1  21
        1.00000        2.16276   1  22
        1.00000        2.27201   1  23
        1.05893       -0.95844   1   1
        1.05893       -0.94656   1   2
        1.05893       -0.94651   1   3
        1.05893       -0.94615   1   4
        1.05893       -0.94335   1   5
        1.05893       -0.61442   1   6
        1.05893       -0.36466   1   7
        1.05893       -0.06191   1   8
        1.05893       -0.05537   1   9
        1.05893        0.24495   1  10
        1.05893        0.26187   1  11
        1.05893        0.87195   1  12
        1.05893        0.87507   1  13
        1.05893        0.97895   1  14
        1.05893        1.12771   1  15
        1.05893        1.16992   1  16
        1.05893        1.19277   1  17
        1.05893        1.24979   1  18
        1.05893        1.28801   1  19
        1.05893        2.00446   1  20
        1.05893        2.01034   1  21
        1.05893        2.15666   1  22
        1.05893        2.26260   1  23
        1.11785       -0.95835   1   1
        1.11785       -0.94670   1   2
        1.11785       -0.94655   1   3
        1.11785       -0.94603   1   4
        1.11785       -0.94340   1   5
        1.11785       -0.61408   1   6
        1.11785       -0.36348   1   7
        1.11785       -0.07655   1   8
        1.11785       -0.05271   1   9
        1.11785        0.25031   1  10
        1.11785        0.28543   1  11
        1.11785        0.84756   1  12
        1.11785        0.85557   1  13
        1.11785        0.95811   1  14
        1.11785        1.09401   1  15
        1.11785        1.17414   1  16
        1.11785        1.21664   1  17
        1.11785        1.30239   1  18
        1.11785        1.32009   1  19
        1.11785        1.99299   1  20
        1.11785        2.01988   1  21
        1.11785        2.13800   1  22
        1.11785        2.23816   1  23
        1.17678       -0.95821   1   1
        1.17678       -0.94689   1   2
        1.17678       -0.94662   1   3
        1.17678       -0.94588   1   4
        1.17678       -0.94347   1   5
        1.17678       -0.61378   1   6
        1.17678       -0.36156   1   7
        1.17678       -0.09559   1   8
        1.17678       -0.04831   1   9
        1.17678        0.25552   1  10
        1.17678        0.32295   1  11
        1.17678        0.81734   1  12
        1.17678        0.82793   1  13
        1.17678        0.92207   1  14
        1.17678        1.05387   1  15
        1.17678        1.19948   1  16
        1.17678        1.24985   1  17
        1.17678        1.35605   1  18
        1.17678        1.35669   1  19
        1.17678        1.96346   1  20
        1.17678        2.03131   1  21
        1.17678        2.10521   1  22
        1.17678        2.20827   1  23
        1.23570       -0.95803   1   1
        1.23570       -0.94710   1   2
        1.23570       -0.94672   1   3
        1.23570       -0.94572   1   4
        1.23570       -0.94356   1   5
        1.23570       -0.61386   1   6
        1.23570       -0.35895   1   7
        1.23570       -0.11499   1   8
        1.23570       -0.04223   1   9
        1.23570        0.26177   1  10
        1.23570        0.36939   1  11
        1.23570        0.78520   1  12
        1.23570        0.79611   1  13
        1.23570        0.87951   1  14
        1.23570        1.01115   1  15
        1.23570        1.23271   1  16
        1.23570        1.28753   1  17
        1.23570        1.39240   1  18
        1.23570        1.40825   1  19
        1.23570        1.91594   1  20
        1.23570        2.04092   1  21
        1.23570        2.05564   1  22
        1.23570        2.18132   1  23
        1.29463       -0.95783   1   1
        1.29463       -0.94732   1   2
        1.29463       -0.94685   1   3
        1.29463       -0.94554   1   4
        1.29463       -0.94367   1   5
        1.29463       -0.61482   1   6
        1.29463       -0.35561   1   7
        1.29463       -0.13192   1   8
        1.29463       -0.03454   1   9
        1.29463        0.26931   1  10
        1.29463        0.42182   1  11
        1.29463        0.75345   1  12
        1.29463        0.76285   1  13
        1.29463        0.83553   1  14
        1.29463        0.96763   1  15
        1.29463        1.26594   1  16
        1.29463        1.32684   1  17
        1.29463        1.43056   1  18
        1.29463        1.45482   1  19
        1.29463        1.85758   1  20
        1.29463        1.99115   1  21
        1.29463        2.04729   1  22
        1.29463        2.15869   1  23
        1.35355       -0.95760   1   1
        1.35355       -0.94754   1   2
        1.35355       -0.94700   1   3
        1.35355       -0.94534   1   4
        1.35355       -0.94378   1   5
        1.35355       -0.61724   1   6
        1.35355       -0.35136   1   7
        1.35355       -0.14448   1   8
        1.35355       -0.02534   1   9
        1.35355        0.27813   1  10
        1.35355        0.47727   1  11
        1.35355        0.72469   1  12
        1.35355        0.72957   1  13
        1.35355        0.79238   1  14
        1.35355        0.92518   1  15
        1.35355        1.29597   1  16
        1.35355        1.36658   1  17
        1.35355        1.47338   1  18
        1.35355        1.49406   1  19
        1.35355        1.79161   1  20
        1.35355        1.92286   1  21
        1.35355        2.05235   1  22
        1.35355        2.13802   1  23
        1.35355       -0.95760   1   1
        1.35355       -0.94754   1   2
        1.35355       -0.94700   1   3
        1.35355       -0.94534   1   4
        1.35355       -0.94378   1   5
        1.35355       -0.61724   1   6
        1.35355       -0.35136   1   7
        1.35355       -0.14448   1   8
        1.35355       -0.02534   1   9
        1.35355        0.27813   1  10
        1.35355        0.47727   1  11
        1.35355        0.72469   1  12
        1.35355        0.72957   1  13
        1.35355        0.79238   1  14
        1.35355        0.92518   1  15
        1.35355        1.29597   1  16
        1.35355        1.36658   1  17
        1.35355        1.47338   1  18
        1.35355        1.49406   1  19
        1.35355        1.79161   1  20
        1.35355        1.92286   1  21
        1.35355        2.05235   1  22
        1.35355        2.13802   1  23
        1.40177       -0.95741   1   1
        1.40177       -0.94771   1   2
        1.40177       -0.94714   1   3
        1.40177       -0.94517   1   4
        1.40177       -0.94388   1   5
        1.40177       -0.62070   1   6
        1.40177       -0.34694   1   7
        1.40177       -0.15071   1   8
        1.40177       -0.01680   1   9
        1.40177        0.28621   1  10
        1.40177        0.52133   1  11
        1.40177        0.70276   1  12
        1.40177        0.70633   1  13
        1.40177        0.75895   1  14
        1.40177        0.89266   1  15
        1.40177        1.31700   1  16
        1.40177        1.39917   1  17
        1.40177        1.51243   1  18
        1.40177        1.51617   1  19
        1.40177        1.73752   1  20
        1.40177        1.87374   1  21
        1.40177        2.05861   1  22
        1.40177        2.12087   1  23
        1.44998       -0.95720   1   1
        1.44998       -0.94786   1   2
        1.44998       -0.94729   1   3
        1.44998       -0.94499   1   4
        1.44998       -0.94397   1   5
        1.44998       -0.62576   1   6
        1.44998       -0.34135   1   7
        1.44998       -0.15303   1   8
        1.44998       -0.00744   1   9
        1.44998        0.29488   1  10
        1.44998        0.55812   1  11
        1.44998        0.67648   1  12
        1.44998        0.69667   1  13
        1.44998        0.72994   1  14
        1.44998        0.86305   1  15
        1.44998        1.33311   1  16
        1.44998        1.43201   1  17
        1.44998        1.51958   1  18
        1.44998        1.55311   1  19
        1.44998        1.69943   1  20
        1.44998        1.83602   1  21
        1.44998        2.06945   1  22
        1.44998        2.10271   1  23
        1.49819       -0.95699   1   1
        1.49819       -0.94800   1   2
        1.49819       -0.94745   1   3
        1.49819       -0.94482   1   4
        1.49819       -0.94407   1   5
        1.49819       -0.63252   1   6
        1.49819       -0.33425   1   7
        1.49819       -0.15149   1   8
        1.49819        0.00261   1   9
        1.49819        0.30387   1  10
        1.49819        0.57835   1  11
        1.49819        0.65091   1  12
        1.49819        0.68629   1  13
        1.49819        0.72532   1  14
        1.49819        0.83682   1  15
        1.49819        1.34041   1  16
        1.49819        1.46516   1  17
        1.49819        1.49784   1  18
        1.49819        1.59185   1  19
        1.49819        1.69150   1  20
        1.49819        1.81501   1  21
        1.49819        2.08379   1  22
        1.49819        2.08603   1  23
        1.54640       -0.95677   1   1
        1.54640       -0.94811   1   2
        1.54640       -0.94763   1   3
        1.54640       -0.94466   1   4
        1.54640       -0.94416   1   5
        1.54640       -0.64094   1   6
        1.54640       -0.32528   1   7
        1.54640       -0.14636   1   8
        1.54640        0.01325   1   9
        1.54640        0.31282   1  10
        1.54640        0.58054   1  11
        1.54640        0.62629   1  12
        1.54640        0.66242   1  13
        1.54640        0.76116   1  14
        1.54640        0.81405   1  15
        1.54640        1.33174   1  16
        1.54640        1.46679   1  17
        1.54640        1.49820   1  18
        1.54640        1.62491   1  19
        1.54640        1.70674   1  20
        1.54640        1.81564   1  21
        1.54640        2.06540   1  22
        1.54640        2.10767   1  23
        1.59461       -0.95652   1   1
        1.59461       -0.94822   1   2
        1.59461       -0.94781   1   3
        1.59461       -0.94453   1   4
        1.59461       -0.94424   1   5
        1.59461       -0.65083   1   6
        1.59461       -0.31413   1   7
        1.59461       -0.13800   1   8
        1.59461        0.02435   1   9
        1.59461        0.32123   1  10
        1.59461        0.57406   1  11
        1.59461        0.60287   1  12
        1.59461        0.63789   1  13
        1.59461        0.79451   1  14
        1.59461        0.81695   1  15
        1.59461        1.30166   1  16
        1.59461        1.44618   1  17
        1.59461        1.53021   1  18
        1.59461        1.64955   1  19
        1.59461        1.73338   1  20
        1.59461        1.83786   1  21
        1.59461        2.04956   1  22
        1.59461        2.13259   1  23
        1.64282       -0.95626   1   1
        1.64282       -0.94831   1   2
        1.64282       -0.94800   1   3
        1.64282       -0.94441   1   4
        1.64282       -0.94431   1   5
        1.64282       -0.66192   1   6
        1.64282       -0.30057   1   7
        1.64282       -0.12681   1   8
        1.64282        0.03577   1   9
        1.64282        0.32851   1  10
        1.64282        0.56569   1  11
        1.64282        0.58080   1  12
        1.64282        0.61464   1  13
        1.64282        0.77778   1  14
        1.64282        0.88442   1  15
        1.64282        1.25686   1  16
        1.64282        1.43761   1  17
        1.64282        1.56008   1  18
        1.64282        1.66469   1  19
        1.64282        1.76641   1  20
        1.64282        1.87637   1  21
        1.64282        2.03826   1  22
        1.64282        2.15920   1  23
        1.69104       -0.95597   1   1
        1.69104       -0.94840   1   2
        1.69104       -0.94820   1   3
        1.69104       -0.94436   1   4
        1.69104       -0.94432   1   5
        1.69104       -0.67389   1   6
        1.69104       -0.28456   1   7
        1.69104       -0.11317   1   8
        1.69104        0.04734   1   9
        1.69104        0.33396   1  10
        1.69104        0.55783   1  11
        1.69104        0.56014   1  12
        1.69104        0.59303   1  13
        1.69104        0.76354   1  14
        1.69104        0.95885   1  15
        1.69104        1.20687   1  16
        1.69104        1.43505   1  17
        1.69104        1.58672   1  18
        1.69104        1.67124   1  19
        1.69104        1.80376   1  20
        1.69104        1.92354   1  21
        1.69104        2.03330   1  22
        1.69104        2.18707   1  23
        1.73925       -0.95564   1   1
        1.73925       -0.94848   1   2
        1.73925       -0.94840   1   3
        1.73925       -0.94440   1   4
        1.73925       -0.94424   1   5
        1.73925       -0.68640   1   6
        1.73925       -0.26620   1   7
        1.73925       -0.09741   1   8
        1.73925        0.05887   1   9
        1.73925        0.33694   1  10
        1.73925        0.54086   1  11
        1.73925        0.54936   1  12
        1.73925        0.57525   1  13
        1.73925        0.75171   1  14
        1.73925        1.03460   1  15
        1.73925        1.15571   1  16
        1.73925        1.43519   1  17
        1.73925        1.60822   1  18
        1.73925        1.67290   1  19
        1.73925        1.84341   1  20
        1.73925        1.96882   1  21
        1.73925        2.03918   1  22
        1.73925        2.21704   1  23
        1.78746       -0.95527   1   1
        1.78746       -0.94860   1   2
        1.78746       -0.94857   1   3
        1.78746       -0.94442   1   4
        1.78746       -0.94419   1   5
        1.78746       -0.69912   1   6
        1.78746       -0.24570   1   7
        1.78746       -0.07980   1   8
        1.78746        0.07013   1   9
        1.78746        0.33712   1  10
        1.78746        0.52290   1  11
        1.78746        0.53560   1  12
        1.78746        0.56642   1  13
        1.78746        0.74257   1  14
        1.78746        1.10218   1  15
        1.78746        1.10766   1  16
        1.78746        1.43645   1  17
        1.78746        1.61949   1  18
        1.78746        1.67813   1  19
        1.78746        1.88235   1  20
        1.78746        1.99406   1  21
        1.78746        2.06867   1  22
        1.78746        2.25026   1  23
        1.83567       -0.95486   1   1
        1.83567       -0.94879   1   2
        1.83567       -0.94866   1   3
        1.83567       -0.94443   1   4
        1.83567       -0.94414   1   5
        1.83567       -0.71177   1   6
        1.83567       -0.22325   1   7
        1.83567       -0.06062   1   8
        1.83567        0.08091   1   9
        1.83567        0.33463   1  10
        1.83567        0.50624   1  11
        1.83567        0.51784   1  12
        1.83567        0.56499   1  13
        1.83567        0.73678   1  14
        1.83567        1.05472   1  15
        1.83567        1.16580   1  16
        1.83567        1.43723   1  17
        1.83567        1.61640   1  18
        1.83567        1.69494   1  19
        1.83567        1.91729   1  20
        1.83567        2.00086   1  21
        1.83567        2.11564   1  22
        1.83567        2.28671   1  23
        1.88388       -0.95442   1   1
        1.88388       -0.94897   1   2
        1.88388       -0.94877   1   3
        1.88388       -0.94442   1   4
        1.88388       -0.94412   1   5
        1.88388       -0.72411   1   6
        1.88388       -0.19897   1   7
        1.88388       -0.04014   1   8
        1.88388        0.09103   1   9
        1.88388        0.32994   1  10
        1.88388        0.49093   1  11
        1.88388        0.50019   1  12
        1.88388        0.56554   1  13
        1.88388        0.73511   1  14
        1.88388        1.00823   1  15
        1.88388        1.21446   1  16
        1.88388        1.43554   1  17
        1.88388        1.60418   1  18
        1.88388        1.72112   1  19
        1.88388        1.94606   1  20
        1.88388        2.00462   1  21
        1.88388        2.16210   1  22
        1.88388        2.32431   1  23
        1.93210       -0.95394   1   1
        1.93210       -0.94915   1   2
        1.93210       -0.94890   1   3
        1.93210       -0.94440   1   4
        1.93210       -0.94411   1   5
        1.93210       -0.73591   1   6
        1.93210       -0.17289   1   7
        1.93210       -0.01869   1   8
        1.93210        0.10036   1   9
        1.93210        0.32363   1  10
        1.93210        0.47701   1  11
        1.93210        0.48408   1  12
        1.93210        0.56449   1  13
        1.93210        0.73818   1  14
        1.93210        0.96744   1  15
        1.93210        1.25253   1  16
        1.93210        1.42918   1  17
        1.93210        1.58686   1  18
        1.93210        1.75339   1  19
        1.93210        1.96904   1  20
        1.93210        2.01348   1  21
        1.93210        2.19977   1  22
        1.93210        2.35928   1  23
        1.98031       -0.95343   1   1
        1.98031       -0.94931   1   2
        1.98031       -0.94904   1   3
        1.98031       -0.94438   1   4
        1.98031       -0.94412   1   5
        1.98031       -0.74701   1   6
        1.98031       -0.14502   1   7
        1.98031        0.00334   1   8
        1.98031        0.10879   1   9
        1.98031        0.31606   1  10
        1.98031        0.46453   1  11
        1.98031        0.46980   1  12
        1.98031        0.55917   1  13
        1.98031        0.74613   1  14
        1.98031        0.93454   1  15
        1.98031        1.28181   1  16
        1.98031        1.41623   1  17
        1.98031        1.56404   1  18
        1.98031        1.78991   1  19
        1.98031        1.99173   1  20
        1.98031        2.03065   1  21
        1.98031        2.22451   1  22
        1.98031        2.38707   1  23
        2.02852       -0.95292   1   1
        2.02852       -0.94947   1   2
        2.02852       -0.94920   1   3
        2.02852       -0.94436   1   4
        2.02852       -0.94413   1   5
        2.02852       -0.75726   1   6
        2.02852       -0.11545   1   7
        2.02852        0.02552   1   8
        2.02852        0.11626   1   9
        2.02852        0.30737   1  10
        2.02852        0.45345   1  11
        2.02852        0.45732   1  12
        2.02852        0.54796   1  13
        2.02852        0.75856   1  14
        2.02852        0.91051   1  15
        2.02852        1.30261   1  16
        2.02852        1.39527   1  17
        2.02852        1.53314   1  18
        2.02852        1.82839   1  19
        2.02852        2.01931   1  20
        2.02852        2.05695   1  21
        2.02852        2.23449   1  22
        2.02852        2.40355   1  23
        2.07673       -0.95240   1   1
        2.07673       -0.94963   1   2
        2.07673       -0.94937   1   3
        2.07673       -0.94435   1   4
        2.07673       -0.94416   1   5
        2.07673       -0.76655   1   6
        2.07673       -0.08438   1   7
        2.07673        0.04739   1   8
        2.07673        0.12273   1   9
        2.07673        0.29746   1  10
        2.07673        0.44370   1  11
        2.07673        0.44653   1  12
        2.07673        0.53075   1  13
        2.07673        0.77455   1  14
        2.07673        0.89480   1  15
        2.07673        1.31290   1  16
        2.07673        1.36548   1  17
        2.07673        1.49137   1  18
        2.07673        1.86597   1  19
        2.07673        2.04491   1  20
        2.07673        2.09667   1  21
        2.07673        2.22956   1  22
        2.07673        2.40580   1  23
        2.12494       -0.95190   1   1
        2.12494       -0.94977   1   2
        2.12494       -0.94955   1   3
        2.12494       -0.94434   1   4
        2.12494       -0.94418   1   5
        2.12494       -0.77478   1   6
        2.12494       -0.05214   1   7
        2.12494        0.06844   1   8
        2.12494        0.12818   1   9
        2.12494        0.28609   1  10
        2.12494        0.43525   1  11
        2.12494        0.43735   1  12
        2.12494        0.50891   1  13
        2.12494        0.79299   1  14
        2.12494        0.88577   1  15
        2.12494        1.30887   1  16
        2.12494        1.32717   1  17
        2.12494        1.43730   1  18
        2.12494        1.90032   1  19
        2.12494        2.06227   1  20
        2.12494        2.14364   1  21
        2.12494        2.21136   1  22
        2.12494        2.39290   1  23
        2.17315       -0.95144   1   1
        2.17315       -0.94990   1   2
        2.17315       -0.94972   1   3
        2.17315       -0.94433   1   4
        2.17315       -0.94421   1   5
        2.17315       -0.78188   1   6
        2.17315       -0.01904   1   7
        2.17315        0.08810   1   8
        2.17315        0.13258   1   9
        2.17315        0.27285   1  10
        2.17315        0.42807   1  11
        2.17315        0.42966   1  12
        2.17315        0.48476   1  13
        2.17315        0.81285   1  14
        2.17315        0.88165   1  15
        2.17315        1.27777   1  16
        2.17315        1.29152   1  17
        2.17315        1.37203   1  18
        2.17315        1.93080   1  19
        2.17315        2.07134   1  20
        2.17315        2.17177   1  21
        2.17315        2.19404   1  22
        2.17315        2.36634   1  23
        2.22137       -0.95103   1   1
        2.22137       -0.95000   1   2
        2.22137       -0.94988   1   3
        2.22137       -0.94432   1   4
        2.22137       -0.94424   1   5
        2.22137       -0.78778   1   6
        2.22137        0.01465   1   7
        2.22137        0.10571   1   8
        2.22137        0.13599   1   9
        2.22137        0.25702   1  10
        2.22137        0.42220   1  11
        2.22137        0.42340   1  12
        2.22137        0.46103   1  13
        2.22137        0.83322   1  14
        2.22137        0.88115   1  15
        2.22137        1.22735   1  16
        2.22137        1.25449   1  17
        2.22137        1.29993   1  18
        2.22137        1.95867   1  19
        2.22137        2.07257   1  20
        2.22137        2.14094   1  21
        2.22137        2.21298   1  22
        2.22137        2.32986   1  23
        2.26958       -0.95068   1   1
        2.26958       -0.95009   1   2
        2.26958       -0.95001   1   3
        2.26958       -0.94432   1   4
        2.26958       -0.94426   1   5
        2.26958       -0.79242   1   6
        2.26958        0.04876   1   7
        2.26958        0.12054   1   8
        2.26958        0.13847   1   9
        2.26958        0.23759   1  10
        2.26958        0.41767   1  11
        2.26958        0.41848   1  12
        2.26958        0.44031   1  13
        2.26958        0.85331   1  14
        2.26958        0.88335   1  15
        2.26958        1.17822   1  16
        2.26958        1.20657   1  17
        2.26958        1.22811   1  18
        2.26958        1.98593   1  19
        2.26958        2.06752   1  20
        2.26958        2.10420   1  21
        2.26958        2.21996   1  22
        2.26958        2.28855   1  23
        2.31779       -0.95042   1   1
        2.31779       -0.95015   1   2
        2.31779       -0.95012   1   3
        2.31779       -0.94431   1   4
        2.31779       -0.94429   1   5
        2.31779       -0.79577   1   6
        2.31779        0.08303   1   7
        2.31779        0.13185   1   8
        2.31779        0.14014   1   9
        2.31779        0.21381   1  10
        2.31779        0.41448   1  11
        2.31779        0.41491   1  12
        2.31779        0.42465   1  13
        2.31779        0.87196   1  14
        2.31779        0.88720   1  15
        2.31779        1.13827   1  16
        2.31779        1.15723   1  17
        2.31779        1.16541   1  18
        2.31779        2.01304   1  19
        2.31779        2.05891   1  20
        2.31779        2.07320   1  21
        2.31779        2.21501   1  22
        2.31779        2.24814   1  23
        2.36600       -0.95026   1   1
        2.36600       -0.95019   1   2
        2.36600       -0.95018   1   3
        2.36600       -0.94431   1   4
        2.36600       -0.94430   1   5
        2.36600       -0.79779   1   6
        2.36600        0.11674   1   7
        2.36600        0.13896   1   8
        2.36600        0.14108   1   9
        2.36600        0.18612   1  10
        2.36600        0.41260   1  11
        2.36600        0.41272   1  12
        2.36600        0.41514   1  13
        2.36600        0.88663   1  14
        2.36600        0.89098   1  15
        2.36600        1.11293   1  16
        2.36600        1.11966   1  17
        2.36600        1.12126   1  18
        2.36600        2.03647   1  19
        2.36600        2.05030   1  20
        2.36600        2.05350   1  21
        2.36600        2.20648   1  22
        2.36600        2.21584   1  23
        2.41421       -0.95020   1   1
        2.41421       -0.95020   1   2
        2.41421       -0.95020   1   3
        2.41421       -0.94431   1   4
        2.41421       -0.94431   1   5
        2.41421       -0.79846   1   6
        2.41421        0.14138   1   7
        2.41421        0.14138   1   8
        2.41421        0.14138   1   9
        2.41421        0.16340   1  10
        2.41421        0.41198   1  11
        2.41421        0.41198   1  12
        2.41421        0.41198   1  13
        2.41421        0.89258   1  14
        2.41421        0.89258   1  15
        2.41421        1.10497   1  16
        2.41421        1.10497   1  17
        2.41421        1.10497   1  18
        2.41421        2.04674   1  19
        2.41421        2.04674   1  20
        2.41421        2.04674   1  21
        2.41421        2.20252   1  22
        2.41421        2.20252   1  23
        2.41421       -0.95020   1   1
        2.41421       -0.95020   1   2
        2.41421       -0.95020   1   3
        2.41421       -0.94431   1   4
        2.41421       -0.94431   1   5
        2.41421       -0.79846   1   6
        2.41421        0.14138   1   7
        2.41421        0.14138   1   8
        2.41421        0.14138   1   9
        2.41421        0.16340   1  10
        2.41421        0.41198   1  11
        2.41421        0.41198   1  12
        2.41421        0.41198   1  13
        2.41421        0.89258   1  14
        2.41421        0.89258   1  15
        2.41421        1.10497   1  16
        2.41421        1.10497   1  17
        2.41421        1.10497   1  18
        2.41421        2.04674   1  19
        2.41421        2.04674   1  20
        2.41421        2.04674   1  21
        2.41421        2.20252   1  22
        2.41421        2.20252   1  23
        2.46233       -0.95025   1   1
        2.46233       -0.95019   1   2
        2.46233       -0.95019   1   3
        2.46233       -0.94431   1   4
        2.46233       -0.94431   1   5
        2.46233       -0.79779   1   6
        2.46233        0.11637   1   7
        2.46233        0.14038   1   8
        2.46233        0.14038   1   9
        2.46233        0.18577   1  10
        2.46233        0.41341   1  11
        2.46233        0.41341   1  12
        2.46233        0.41364   1  13
        2.46233        0.88885   1  14
        2.46233        0.88885   1  15
        2.46233        1.11521   1  16
        2.46233        1.11931   1  17
        2.46233        1.11931   1  18
        2.46233        2.04216   1  19
        2.46233        2.04216   1  20
        2.46233        2.05573   1  21
        2.46233        2.21255   1  22
        2.46233        2.21255   1  23
        2.51044       -0.95040   1   1
        2.51044       -0.95014   1   2
        2.51044       -0.95014   1   3
        2.51044       -0.94429   1   4
        2.51044       -0.94429   1   5
        2.51044       -0.79578   1   6
        2.51044        0.08172   1   7
        2.51044        0.13746   1   8
        2.51044        0.13746   1   9
        2.51044        0.21189   1  10
        2.51044        0.41762   1  11
        2.51044        0.41762   1  12
        2.51044        0.41905   1  13
        2.51044        0.87980   1  14
        2.51044        0.87980   1  15
        2.51044        1.14166   1  16
        2.51044        1.15994   1  17
        2.51044        1.15994   1  18
        2.51044        2.03119   1  19
        2.51044        2.03119   1  20
        2.51044        2.08261   1  21
        2.51044        2.24092   1  22
        2.51044        2.24092   1  23
        2.55855       -0.95064   1   1
        2.55855       -0.95005   1   2
        2.55855       -0.95005   1   3
        2.55855       -0.94426   1   4
        2.55855       -0.94426   1   5
        2.55855       -0.79246   1   6
        2.55855        0.04596   1   7
        2.55855        0.13292   1   8
        2.55855        0.13292   1   9
        2.55855        0.23204   1  10
        2.55855        0.42426   1  11
        2.55855        0.42426   1  12
        2.55855        0.42941   1  13
        2.55855        0.86871   1  14
        2.55855        0.86871   1  15
        2.55855        1.18182   1  16
        2.55855        1.21669   1  17
        2.55855        1.21669   1  18
        2.55855        2.02146   1  19
        2.55855        2.02146   1  20
        2.55855        2.11814   1  21
        2.55855        2.27847   1  22
        2.55855        2.27847   1  23
        2.60666       -0.95096   1   1
        2.60666       -0.94994   1   2
        2.60666       -0.94994   1   3
        2.60666       -0.94423   1   4
        2.60666       -0.94423   1   5
        2.60666       -0.78784   1   6
        2.60666        0.00980   1   7
        2.60666        0.12712   1   8
        2.60666        0.12712   1   9
        2.60666        0.24485   1  10
        2.60666        0.43277   1  11
        2.60666        0.43277   1  12
        2.60666        0.44575   1  13
        2.60666        0.85746   1  14
        2.60666        0.85746   1  15
        2.60666        1.22732   1  16
        2.60666        1.27866   1  17
        2.60666        1.27866   1  18
        2.60666        2.01599   1  19
        2.60666        2.01599   1  20
        2.60666        2.14962   1  21
        2.60666        2.31380   1  22
        2.60666        2.31380   1  23
        2.65478       -0.95135   1   1
        2.65478       -0.94980   1   2
        2.65478       -0.94980   1   3
        2.65478       -0.94420   1   4
        2.65478       -0.94420   1   5
        2.65478       -0.78198   1   6
        2.65478       -0.02652   1   7
        2.65478        0.12042   1   8
        2.65478        0.12042   1   9
        2.65478        0.25081   1  10
        2.65478        0.44237   1  11
        2.65478        0.44237   1  12
        2.65478        0.46807   1  13
        2.65478        0.84697   1  14
        2.65478        0.84697   1  15
        2.65478        1.26831   1  16
        2.65478        1.33571   1  17
        2.65478        1.33571   1  18
        2.65478        2.01269   1  19
        2.65478        2.01269   1  20
        2.65478        2.16608   1  21
        2.65478        2.33719   1  22
        2.65478        2.33719   1  23
        2.70289       -0.95180   1   1
        2.70289       -0.94966   1   2
        2.70289       -0.94966   1   3
        2.70289       -0.94419   1   4
        2.70289       -0.94419   1   5
        2.70289       -0.77494   1   6
        2.70289       -0.06277   1   7
        2.70289        0.11319   1   8
        2.70289        0.11319   1   9
        2.70289        0.25154   1  10
        2.70289        0.45224   1  11
        2.70289        0.45224   1  12
        2.70289        0.49530   1  13
        2.70289        0.83788   1  14
        2.70289        0.83788   1  15
        2.70289        1.29851   1  16
        2.70289        1.38025   1  17
        2.70289        1.38025   1  18
        2.70289        2.00810   1  19
        2.70289        2.00810   1  20
        2.70289        2.16110   1  21
        2.70289        2.34326   1  22
        2.70289        2.34326   1  23
        2.75100       -0.95230   1   1
        2.75100       -0.94953   1   2
        2.75100       -0.94953   1   3
        2.75100       -0.94419   1   4
        2.75100       -0.94419   1   5
        2.75100       -0.76679   1   6
        2.75100       -0.09866   1   7
        2.75100        0.10574   1   8
        2.75100        0.10574   1   9
        2.75100        0.24883   1  10
        2.75100        0.46152   1  11
        2.75100        0.46152   1  12
        2.75100        0.52586   1  13
        2.75100        0.83086   1  14
        2.75100        0.83086   1  15
        2.75100        1.31591   1  16
        2.75100        1.40854   1  17
        2.75100        1.40854   1  18
        2.75100        2.00127   1  19
        2.75100        2.00127   1  20
        2.75100        2.13320   1  21
        2.75100        2.33276   1  22
        2.75100        2.33276   1  23
        2.79911       -0.95283   1   1
        2.79911       -0.94941   1   2
        2.79911       -0.94941   1   3
        2.79911       -0.94421   1   4
        2.79911       -0.94421   1   5
        2.79911       -0.75764   1   6
        2.79911       -0.13381   1   7
        2.79911        0.09832   1   8
        2.79911        0.09832   1   9
        2.79911        0.24409   1  10
        2.79911        0.46955   1  11
        2.79911        0.46955   1  12
        2.79911        0.55813   1  13
        2.79911        0.82699   1  14
        2.79911        0.82699   1  15
        2.79911        1.32129   1  16
        2.79911        1.42073   1  17
        2.79911        1.42073   1  18
        2.79911        1.99519   1  19
        2.79911        1.99519   1  20
        2.79911        2.08499   1  21
        2.79911        2.31180   1  22
        2.79911        2.31180   1  23
        2.84723       -0.95337   1   1
        2.84723       -0.94929   1   2
        2.84723       -0.94929   1   3
        2.84723       -0.94423   1   4
        2.84723       -0.94423   1   5
        2.84723       -0.74761   1   6
        2.84723       -0.16779   1   7
        2.84723        0.09118   1   8
        2.84723        0.09118   1   9
        2.84723        0.23828   1  10
        2.84723        0.47583   1  11
        2.84723        0.47583   1  12
        2.84723        0.59080   1  13
        2.84723        0.82772   1  14
        2.84723        0.82772   1  15
        2.84723        1.31692   1  16
        2.84723        1.41950   1  17
        2.84723        1.41950   1  18
        2.84723        1.99472   1  19
        2.84723        1.99472   1  20
        2.84723        2.02201   1  21
        2.84723        2.28837   1  22
        2.84723        2.28837   1  23
        2.89534       -0.95389   1   1
        2.89534       -0.94918   1   2
        2.89534       -0.94918   1   3
        2.89534       -0.94423   1   4
        2.89534       -0.94423   1   5
        2.89534       -0.73687   1   6
        2.89534       -0.20020   1   7
        2.89534        0.08447   1   8
        2.89534        0.08447   1   9
        2.89534        0.23207   1  10
        2.89534        0.48013   1  11
        2.89534        0.48013   1  12
        2.89534        0.62323   1  13
        2.89534        0.83449   1  14
        2.89534        0.83449   1  15
        2.89534        1.30556   1  16
        2.89534        1.40825   1  17
        2.89534        1.40825   1  18
        2.89534        1.95117   1  19
        2.89534        2.00269   1  20
        2.89534        2.00269   1  21
        2.89534        2.26893   1  22
        2.89534        2.26893   1  23
        2.94345       -0.95437   1   1
        2.94345       -0.94908   1   2
        2.94345       -0.94908   1   3
        2.94345       -0.94422   1   4
        2.94345       -0.94422   1   5
        2.94345       -0.72564   1   6
        2.94345       -0.23068   1   7
        2.94345        0.07833   1   8
        2.94345        0.07833   1   9
        2.94345        0.22593   1  10
        2.94345        0.48255   1  11
        2.94345        0.48255   1  12
        2.94345        0.65560   1  13
        2.94345        0.84800   1  14
        2.94345        0.84800   1  15
        2.94345        1.28963   1  16
        2.94345        1.38929   1  17
        2.94345        1.38929   1  18
        2.94345        1.87913   1  19
        2.94345        2.01836   1  20
        2.94345        2.01836   1  21
        2.94345        2.25640   1  22
        2.94345        2.25640   1  23
        2.99156       -0.95481   1   1
        2.99156       -0.94897   1   2
        2.99156       -0.94897   1   3
        2.99156       -0.94419   1   4
        2.99156       -0.94419   1   5
        2.99156       -0.71419   1   6
        2.99156       -0.25886   1   7
        2.99156        0.07286   1   8
        2.99156        0.07286   1   9
        2.99156        0.22025   1  10
        2.99156        0.48340   1  11
        2.99156        0.48340   1  12
        2.99156        0.68857   1  13
        2.99156        0.86777   1  14
        2.99156        0.86777   1  15
        2.99156        1.27049   1  16
        2.99156        1.36311   1  17
        2.99156        1.36311   1  18
        2.99156        1.81105   1  19
        2.99156        2.03859   1  20
        2.99156        2.03859   1  21
        2.99156        2.24977   1  22
        2.99156        2.24977   1  23
        3.03968       -0.95518   1   1
        3.03968       -0.94887   1   2
        3.03968       -0.94887   1   3
        3.03968       -0.94414   1   4
        3.03968       -0.94414   1   5
        3.03968       -0.70289   1   6
        3.03968       -0.28437   1   7
        3.03968        0.06812   1   8
        3.03968        0.06812   1   9
        3.03968        0.21528   1  10
        3.03968        0.48316   1  11
        3.03968        0.48316   1  12
        3.03968        0.72265   1  13
        3.03968        0.89237   1  14
        3.03968        0.89237   1  15
        3.03968        1.24810   1  16
        3.03968        1.32906   1  17
        3.03968        1.32906   1  18
        3.03968        1.75011   1  19
        3.03968        2.05995   1  20
        3.03968        2.05995   1  21
        3.03968        2.24557   1  22
        3.03968        2.24557   1  23
        3.08779       -0.95550   1   1
        3.08779       -0.94879   1   2
        3.08779       -0.94879   1   3
        3.08779       -0.94410   1   4
        3.08779       -0.94410   1   5
        3.08779       -0.69223   1   6
        3.08779       -0.30672   1   7
        3.08779        0.06419   1   8
        3.08779        0.06419   1   9
        3.08779        0.21116   1  10
        3.08779        0.48228   1  11
        3.08779        0.48228   1  12
        3.08779        0.75727   1  13
        3.08779        0.92013   1  14
        3.08779        0.92013   1  15
        3.08779        1.22172   1  16
        3.08779        1.28693   1  17
        3.08779        1.28693   1  18
        3.08779        1.69796   1  19
        3.08779        2.08031   1  20
        3.08779        2.08031   1  21
        3.08779        2.24027   1  22
        3.08779        2.24027   1  23
        3.13590       -0.95575   1   1
        3.13590       -0.94873   1   2
        3.13590       -0.94873   1   3
        3.13590       -0.94406   1   4
        3.13590       -0.94406   1   5
        3.13590       -0.68282   1   6
        3.13590       -0.32528   1   7
        3.13590        0.06110   1   8
        3.13590        0.06110   1   9
        3.13590        0.20794   1  10
        3.13590        0.48116   1  11
        3.13590        0.48116   1  12
        3.13590        0.79070   1  13
        3.13590        0.94988   1  14
        3.13590        0.94988   1  15
        3.13590        1.19119   1  16
        3.13590        1.23838   1  17
        3.13590        1.23838   1  18
        3.13590        1.65535   1  19
        3.13590        2.09911   1  20
        3.13590        2.09911   1  21
        3.13590        2.23199   1  22
        3.13590        2.23199   1  23
        3.18401       -0.95595   1   1
        3.18401       -0.94870   1   2
        3.18401       -0.94870   1   3
        3.18401       -0.94403   1   4
        3.18401       -0.94403   1   5
        3.18401       -0.67535   1   6
        3.18401       -0.33934   1   7
        3.18401        0.05888   1   8
        3.18401        0.05888   1   9
        3.18401        0.20563   1  10
        3.18401        0.48011   1  11
        3.18401        0.48011   1  12
        3.18401        0.82008   1  13
        3.18401        0.98097   1  14
        3.18401        0.98097   1  15
        3.18401        1.15900   1  16
        3.18401        1.18747   1  17
        3.18401        1.18747   1  18
        3.18401        1.62300   1  19
        3.18401        2.11611   1  20
        3.18401        2.11611   1  21
        3.18401        2.22114   1  22
        3.18401        2.22114   1  23
        3.23213       -0.95607   1   1
        3.23213       -0.94868   1   2
        3.23213       -0.94868   1   3
        3.23213       -0.94402   1   4
        3.23213       -0.94402   1   5
        3.23213       -0.67049   1   6
        3.23213       -0.34817   1   7
        3.23213        0.05753   1   8
        3.23213        0.05753   1   9
        3.23213        0.20420   1  10
        3.23213        0.47937   1  11
        3.23213        0.47937   1  12
        3.23213        0.84135   1  13
        3.23213        1.01145   1  14
        3.23213        1.01145   1  15
        3.23213        1.13202   1  16
        3.23213        1.14141   1  17
        3.23213        1.14141   1  18
        3.23213        1.60196   1  19
        3.23213        2.12891   1  20
        3.23213        2.12891   1  21
        3.23213        2.21123   1  22
        3.23213        2.21123   1  23
        3.28024       -0.95612   1   1
        3.28024       -0.94869   1   2
        3.28024       -0.94869   1   3
        3.28024       -0.94402   1   4
        3.28024       -0.94402   1   5
        3.28024       -0.66881   1   6
        3.28024       -0.35122   1   7
        3.28024        0.05704   1   8
        3.28024        0.05704   1   9
        3.28024        0.20369   1  10
        3.28024        0.47907   1  11
        3.28024        0.47907   1  12
        3.28024        0.84919   1  13
        3.28024        1.02821   1  14
        3.28024        1.02821   1  15
        3.28024        1.11818   1  16
        3.28024        1.11818   1  17
        3.28024        1.12033   1  18
        3.28024        1.59350   1  19
        3.28024        2.13112   1  20
        3.28024        2.13112   1  21
        3.28024        2.20938   1  22
        3.28024        2.20938   1  23
        3.28024       -0.95612   1   1
        3.28024       -0.94869   1   2
        3.28024       -0.94869   1   3
        3.28024       -0.94402   1   4
        3.28024       -0.94402   1   5
        3.28024       -0.66881   1   6
        3.28024       -0.35122   1   7
        3.28024        0.05704   1   8
        3.28024        0.05704   1   9
        3.28024        0.20369   1  10
        3.28024        0.47907   1  11
        3.28024        0.47907   1  12
        3.28024        0.84919   1  13
        3.28024        1.02821   1  14
        3.28024        1.02821   1  15
        3.28024        1.11818   1  16
        3.28024        1.11818   1  17
        3.28024        1.12033   1  18
        3.28024        1.59350   1  19
        3.28024        2.13112   1  20
        3.28024        2.13112   1  21
        3.28024        2.20938   1  22
        3.28024        2.20938   1  23
        3.33075       -0.95613   1   1
        3.33075       -0.94868   1   2
        3.33075       -0.94866   1   3
        3.33075       -0.94405   1   4
        3.33075       -0.94400   1   5
        3.33075       -0.66825   1   6
        3.33075       -0.35087   1   7
        3.33075        0.04838   1   8
        3.33075        0.05577   1   9
        3.33075        0.21243   1  10
        3.33075        0.47765   1  11
        3.33075        0.48185   1  12
        3.33075        0.84245   1  13
        3.33075        1.01899   1  14
        3.33075        1.02900   1  15
        3.33075        1.08021   1  16
        3.33075        1.12788   1  17
        3.33075        1.16961   1  18
        3.33075        1.59851   1  19
        3.33075        2.10624   1  20
        3.33075        2.12275   1  21
        3.33075        2.21395   1  22
        3.33075        2.22061   1  23
        3.38125       -0.95617   1   1
        3.38125       -0.94866   1   2
        3.38125       -0.94860   1   3
        3.38125       -0.94409   1   4
        3.38125       -0.94398   1   5
        3.38125       -0.66657   1   6
        3.38125       -0.34984   1   7
        3.38125        0.02731   1   8
        3.38125        0.05197   1   9
        3.38125        0.23359   1  10
        3.38125        0.47363   1  11
        3.38125        0.49033   1  12
        3.38125        0.82463   1  13
        3.38125        0.98693   1  14
        3.38125        1.03154   1  15
        3.38125        1.06708   1  16
        3.38125        1.15340   1  17
        3.38125        1.22133   1  18
        3.38125        1.61187   1  19
        3.38125        2.05787   1  20
        3.38125        2.09489   1  21
        3.38125        2.22433   1  22
        3.38125        2.23535   1  23
        3.43176       -0.95623   1   1
        3.43176       -0.94861   1   2
        3.43176       -0.94850   1   3
        3.43176       -0.94416   1   4
        3.43176       -0.94397   1   5
        3.43176       -0.66381   1   6
        3.43176       -0.34823   1   7
        3.43176        0.00104   1   8
        3.43176        0.04567   1   9
        3.43176        0.25963   1  10
        3.43176        0.46769   1  11
        3.43176        0.50479   1  12
        3.43176        0.80047   1  13
        3.43176        0.94497   1  14
        3.43176        1.03615   1  15
        3.43176        1.06924   1  16
        3.43176        1.18827   1  17
        3.43176        1.27131   1  18
        3.43176        1.62943   1  19
        3.43176        1.99752   1  20
        3.43176        2.06258   1  21
        3.43176        2.22174   1  22
        3.43176        2.25035   1  23
        3.48227       -0.95632   1   1
        3.48227       -0.94855   1   2
        3.48227       -0.94835   1   3
        3.48227       -0.94425   1   4
        3.48227       -0.94398   1   5
        3.48227       -0.66004   1   6
        3.48227       -0.34620   1   7
        3.48227       -0.02638   1   8
        3.48227        0.03692   1   9
        3.48227        0.28628   1  10
        3.48227        0.46092   1  11
        3.48227        0.52527   1  12
        3.48227        0.77385   1  13
        3.48227        0.90285   1  14
        3.48227        1.04203   1  15
        3.48227        1.07626   1  16
        3.48227        1.22775   1  17
        3.48227        1.31861   1  18
        3.48227        1.64650   1  19
        3.48227        1.93727   1  20
        3.48227        2.02971   1  21
        3.48227        2.20257   1  22
        3.48227        2.26126   1  23
        3.53278       -0.95643   1   1
        3.53278       -0.94848   1   2
        3.53278       -0.94816   1   3
        3.53278       -0.94437   1   4
        3.53278       -0.94400   1   5
        3.53278       -0.65534   1   6
        3.53278       -0.34398   1   7
        3.53278       -0.05291   1   8
        3.53278        0.02588   1   9
        3.53278        0.31165   1  10
        3.53278        0.45463   1  11
        3.53278        0.55099   1  12
        3.53278        0.74737   1  13
        3.53278        0.86181   1  14
        3.53278        1.04828   1  15
        3.53278        1.08493   1  16
        3.53278        1.26925   1  17
        3.53278        1.36312   1  18
        3.53278        1.65960   1  19
        3.53278        1.88546   1  20
        3.53278        1.99706   1  21
        3.53278        2.16727   1  22
        3.53278        2.26589   1  23
        3.58328       -0.95656   1   1
        3.58328       -0.94840   1   2
        3.58328       -0.94795   1   3
        3.58328       -0.94450   1   4
        3.58328       -0.94402   1   5
        3.58328       -0.64985   1   6
        3.58328       -0.34190   1   7
        3.58328       -0.07729   1   8
        3.58328        0.01279   1   9
        3.58328        0.33512   1  10
        3.58328        0.45014   1  11
        3.58328        0.57953   1  12
        3.58328        0.72347   1  13
        3.58328        0.82171   1  14
        3.58328        1.05434   1  15
        3.58328        1.09370   1  16
        3.58328        1.31152   1  17
        3.58328        1.40513   1  18
        3.58328        1.66713   1  19
        3.58328        1.84177   1  20
        3.58328        1.96437   1  21
        3.58328        2.12084   1  22
        3.58328        2.26288   1  23
        3.63379       -0.95672   1   1
        3.63379       -0.94831   1   2
        3.63379       -0.94772   1   3
        3.63379       -0.94463   1   4
        3.63379       -0.94404   1   5
        3.63379       -0.64373   1   6
        3.63379       -0.34037   1   7
        3.63379       -0.09842   1   8
        3.63379       -0.00196   1   9
        3.63379        0.35659   1  10
        3.63379        0.44851   1  11
        3.63379        0.60442   1  12
        3.63379        0.70727   1  13
        3.63379        0.78369   1  14
        3.63379        1.05991   1  15
        3.63379        1.10179   1  16
        3.63379        1.35309   1  17
        3.63379        1.44420   1  18
        3.63379        1.66840   1  19
        3.63379        1.80211   1  20
        3.63379        1.93128   1  21
        3.63379        2.07204   1  22
        3.63379        2.25081   1  23
        3.68430       -0.95688   1   1
        3.68430       -0.94822   1   2
        3.68430       -0.94750   1   3
        3.68430       -0.94475   1   4
        3.68430       -0.94404   1   5
        3.68430       -0.63723   1   6
        3.68430       -0.33980   1   7
        3.68430       -0.11534   1   8
        3.68430       -0.01796   1   9
        3.68430        0.37628   1  10
        3.68430        0.45041   1  11
        3.68430        0.61227   1  12
        3.68430        0.70598   1  13
        3.68430        0.75461   1  14
        3.68430        1.06480   1  15
        3.68430        1.10923   1  16
        3.68430        1.39023   1  17
        3.68430        1.47751   1  18
        3.68430        1.66332   1  19
        3.68430        1.76929   1  20
        3.68430        1.89778   1  21
        3.68430        2.02850   1  22
        3.68430        2.22825   1  23
        3.73481       -0.95704   1   1
        3.73481       -0.94813   1   2
        3.73481       -0.94730   1   3
        3.73481       -0.94486   1   4
        3.73481       -0.94403   1   5
        3.73481       -0.63063   1   6
        3.73481       -0.34052   1   7
        3.73481       -0.12726   1   8
        3.73481       -0.03474   1   9
        3.73481        0.39456   1  10
        3.73481        0.45603   1  11
        3.73481        0.60025   1  12
        3.73481        0.69384   1  13
        3.73481        0.76461   1  14
        3.73481        1.06891   1  15
        3.73481        1.11655   1  16
        3.73481        1.41165   1  17
        3.73481        1.50114   1  18
        3.73481        1.65881   1  19
        3.73481        1.75327   1  20
        3.73481        1.86433   1  21
        3.73481        1.99275   1  22
        3.73481        2.19411   1  23
        3.78532       -0.95719   1   1
        3.78532       -0.94805   1   2
        3.78532       -0.94713   1   3
        3.78532       -0.94495   1   4
        3.78532       -0.94402   1   5
        3.78532       -0.62430   1   6
        3.78532       -0.34252   1   7
        3.78532       -0.13385   1   8
        3.78532       -0.05178   1   9
        3.78532        0.41194   1  10
        3.78532        0.46506   1  11
        3.78532        0.58037   1  12
        3.78532        0.66652   1  13
        3.78532        0.80688   1  14
        3.78532        1.07214   1  15
        3.78532        1.12443   1  16
        3.78532        1.39630   1  17
        3.78532        1.52360   1  18
        3.78532        1.67004   1  19
        3.78532        1.75590   1  20
        3.78532        1.83197   1  21
        3.78532        1.96332   1  22
        3.78532        2.14844   1  23
        3.83582       -0.95732   1   1
        3.83582       -0.94798   1   2
        3.83582       -0.94700   1   3
        3.83582       -0.94501   1   4
        3.83582       -0.94400   1   5
        3.83582       -0.61867   1   6
        3.83582       -0.34541   1   7
        3.83582       -0.13528   1   8
        3.83582       -0.06856   1   9
        3.83582        0.42901   1  10
        3.83582        0.47658   1  11
        3.83582        0.55945   1  12
        3.83582        0.63935   1  13
        3.83582        0.85815   1  14
        3.83582        1.07391   1  15
        3.83582        1.13349   1  16
        3.83582        1.34878   1  17
        3.83582        1.55207   1  18
        3.83582        1.69533   1  19
        3.83582        1.77091   1  20
        3.83582        1.80327   1  21
        3.83582        1.93753   1  22
        3.83582        2.09335   1  23
        3.88633       -0.95741   1   1
        3.88633       -0.94792   1   2
        3.88633       -0.94691   1   3
        3.88633       -0.94506   1   4
        3.88633       -0.94399   1   5
        3.88633       -0.61420   1   6
        3.88633       -0.34841   1   7
        3.88633       -0.13220   1   8
        3.88633       -0.08444   1   9
        3.88633        0.44610   1  10
        3.88633        0.48808   1  11
        3.88633        0.54117   1  12
        3.88633        0.61480   1  13
        3.88633        0.90966   1  14
        3.88633        1.07274   1  15
        3.88633        1.14422   1  16
        3.88633        1.29399   1  17
        3.88633        1.58013   1  18
        3.88633        1.72332   1  19
        3.88633        1.77147   1  20
        3.88633        1.80293   1  21
        3.88633        1.91406   1  22
        3.88633        2.03406   1  23
        3.93684       -0.95748   1   1
        3.93684       -0.94789   1   2
        3.93684       -0.94686   1   3
        3.93684       -0.94509   1   4
        3.93684       -0.94399   1   5
        3.93684       -0.61130   1   6
        3.93684       -0.35067   1   7
        3.93684       -0.12575   1   8
        3.93684       -0.09846   1   9
        3.93684        0.46298   1  10
        3.93684        0.49203   1  11
        3.93684        0.53169   1  12
        3.93684        0.59497   1  13
        3.93684        0.95234   1  14
        3.93684        1.06749   1  15
        3.93684        1.15629   1  16
        3.93684        1.24891   1  17
        3.93684        1.60156   1  18
        3.93684        1.74001   1  19
        3.93684        1.76136   1  20
        3.93684        1.83011   1  21
        3.93684        1.89608   1  22
        3.93684        1.97965   1  23
        3.98735       -0.95750   1   1
        3.98735       -0.94787   1   2
        3.98735       -0.94684   1   3
        3.98735       -0.94510   1   4
        3.98735       -0.94399   1   5
        3.98735       -0.61030   1   6
        3.98735       -0.35151   1   7
        3.98735       -0.12029   1   8
        3.98735       -0.10643   1   9
        3.98735        0.47486   1  10
        3.98735        0.48591   1  11
        3.98735        0.53188   1  12
        3.98735        0.58622   1  13
        3.98735        0.97085   1  14
        3.98735        1.06309   1  15
        3.98735        1.16366   1  16
        3.98735        1.22928   1  17
        3.98735        1.60995   1  18
        3.98735        1.73833   1  19
        3.98735        1.76597   1  20
        3.98735        1.84495   1  21
        3.98735        1.89147   1  22
        3.98735        1.95188   1  23
        3.98735       -0.95750   1   1
        3.98735       -0.94787   1   2
        3.98735       -0.94684   1   3
        3.98735       -0.94510   1   4
        3.98735       -0.94399   1   5
        3.98735       -0.61030   1   6
        3.98735       -0.35151   1   7
        3.98735       -0.12029   1   8
        3.98735       -0.10643   1   9
        3.98735        0.47486   1  10
        3.98735        0.48591   1  11
        3.98735        0.53188   1  12
        3.98735        0.58622   1  13
        3.98735        0.97085   1  14
        3.98735        1.06309   1  15
        3.98735        1.16366   1  16
        3.98735        1.22928   1  17
        3.98735        1.60995   1  18
        3.98735        1.73833   1  19
        3.98735        1.76597   1  20
        3.98735        1.84495   1  21
        3.98735        1.89147   1  22
        3.98735        1.95188   1  23
        4.03735       -0.95752   1   1
        4.03735       -0.94784   1   2
        4.03735       -0.94684   1   3
        4.03735       -0.94513   1   4
        4.03735       -0.94396   1   5
        4.03735       -0.61041   1   6
        4.03735       -0.35189   1   7
        4.03735       -0.11893   1   8
        4.03735       -0.10540   1   9
        4.03735        0.46091   1  10
        4.03735        0.46154   1  11
        4.03735        0.55854   1  12
        4.03735        0.60132   1  13
        4.03735        0.97075   1  14
        4.03735        1.06330   1  15
        4.03735        1.16371   1  16
        4.03735        1.22689   1  17
        4.03735        1.59826   1  18
        4.03735        1.69430   1  19
        4.03735        1.80257   1  20
        4.03735        1.85645   1  21
        4.03735        1.90458   1  22
        4.03735        1.96023   1  23
        4.08735       -0.95760   1   1
        4.08735       -0.94773   1   2
        4.08735       -0.94683   1   3
        4.08735       -0.94523   1   4
        4.08735       -0.94388   1   5
        4.08735       -0.61073   1   6
        4.08735       -0.35297   1   7
        4.08735       -0.11495   1   8
        4.08735       -0.10241   1   9
        4.08735        0.42355   1  10
        4.08735        0.43298   1  11
        4.08735        0.60102   1  12
        4.08735        0.63485   1  13
        4.08735        0.97046   1  14
        4.08735        1.06402   1  15
        4.08735        1.16387   1  16
        4.08735        1.22095   1  17
        4.08735        1.56863   1  18
        4.08735        1.63229   1  19
        4.08735        1.84916   1  20
        4.08735        1.88515   1  21
        4.08735        1.93535   1  22
        4.08735        1.98390   1  23
        4.13735       -0.95771   1   1
        4.13735       -0.94757   1   2
        4.13735       -0.94681   1   3
        4.13735       -0.94536   1   4
        4.13735       -0.94378   1   5
        4.13735       -0.61121   1   6
        4.13735       -0.35460   1   7
        4.13735       -0.10865   1   8
        4.13735       -0.09765   1   9
        4.13735        0.38713   1  10
        4.13735        0.40043   1  11
        4.13735        0.64629   1  12
        4.13735        0.67475   1  13
        4.13735        0.97009   1  14
        4.13735        1.06553   1  15
        4.13735        1.16415   1  16
        4.13735        1.21408   1  17
        4.13735        1.52946   1  18
        4.13735        1.56854   1  19
        4.13735        1.89625   1  20
        4.13735        1.92068   1  21
        4.13735        1.97288   1  22
        4.13735        2.02006   1  23
        4.18735       -0.95786   1   1
        4.18735       -0.94737   1   2
        4.18735       -0.94678   1   3
        4.18735       -0.94550   1   4
        4.18735       -0.94368   1   5
        4.18735       -0.61180   1   6
        4.18735       -0.35658   1   7
        4.18735       -0.10049   1   8
        4.18735       -0.09144   1   9
        4.18735        0.35333   1  10
        4.18735        0.36799   1  11
        4.18735        0.69267   1  12
        4.18735        0.71622   1  13
        4.18735        0.96988   1  14
        4.18735        1.06839   1  15
        4.18735        1.16452   1  16
        4.18735        1.20836   1  17
        4.18735        1.48540   1  18
        4.18735        1.50818   1  19
        4.18735        1.93745   1  20
        4.18735        1.95475   1  21
        4.18735        2.01320   1  22
        4.18735        2.06560   1  23
        4.23735       -0.95801   1   1
        4.23735       -0.94716   1   2
        4.23735       -0.94675   1   3
        4.23735       -0.94565   1   4
        4.23735       -0.94359   1   5
        4.23735       -0.61245   1   6
        4.23735       -0.35870   1   7
        4.23735       -0.09108   1   8
        4.23735       -0.08418   1   9
        4.23735        0.32278   1  10
        4.23735        0.33756   1  11
        4.23735        0.73895   1  12
        4.23735        0.75700   1  13
        4.23735        0.97013   1  14
        4.23735        1.07334   1  15
        4.23735        1.16505   1  16
        4.23735        1.20404   1  17
        4.23735        1.43830   1  18
        4.23735        1.45296   1  19
        4.23735        1.96824   1  20
        4.23735        1.98230   1  21
        4.23735        2.05391   1  22
        4.23735        2.11619   1  23
        4.28735       -0.95816   1   1
        4.28735       -0.94695   1   2
        4.28735       -0.94670   1   3
        4.28735       -0.94579   1   4
        4.28735       -0.94350   1   5
        4.28735       -0.61310   1   6
        4.28735       -0.36075   1   7
        4.28735       -0.08117   1   8
        4.28735       -0.07641   1   9
        4.28735        0.29590   1  10
        4.28735        0.31044   1  11
        4.28735        0.78334   1  12
        4.28735        0.79549   1  13
        4.28735        0.97115   1  14
        4.28735        1.08131   1  15
        4.28735        1.16589   1  16
        4.28735        1.19984   1  17
        4.28735        1.38911   1  18
        4.28735        1.40243   1  19
        4.28735        1.98841   1  20
        4.28735        2.00080   1  21
        4.28735        2.09142   1  22
        4.28735        2.16630   1  23
        4.33735       -0.95829   1   1
        4.33735       -0.94676   1   2
        4.33735       -0.94664   1   3
        4.33735       -0.94593   1   4
        4.33735       -0.94343   1   5
        4.33735       -0.61368   1   6
        4.33735       -0.36254   1   7
        4.33735       -0.07166   1   8
        4.33735       -0.06883   1   9
        4.33735        0.27328   1  10
        4.33735        0.28769   1  11
        4.33735        0.82311   1  12
        4.33735        0.82994   1  13
        4.33735        0.97330   1  14
        4.33735        1.09346   1  15
        4.33735        1.16728   1  16
        4.33735        1.19475   1  17
        4.33735        1.33881   1  18
        4.33735        1.35599   1  19
        4.33735        1.99979   1  20
        4.33735        2.00968   1  21
        4.33735        2.12245   1  22
        4.33735        2.21041   1  23
        4.38735       -0.95839   1   1
        4.38735       -0.94661   1   2
        4.38735       -0.94658   1   3
        4.38735       -0.94606   1   4
        4.38735       -0.94338   1   5
        4.38735       -0.61415   1   6
        4.38735       -0.36392   1   7
        4.38735       -0.06362   1   8
        4.38735       -0.06232   1   9
        4.38735        0.25584   1  10
        4.38735        0.27031   1  11
        4.38735        0.85484   1  12
        4.38735        0.85781   1  13
        4.38735        0.97694   1  14
        4.38735        1.11095   1  15
        4.38735        1.16961   1  16
        4.38735        1.18930   1  17
        4.38735        1.28904   1  18
        4.38735        1.31506   1  19
        4.38735        2.00487   1  20
        4.38735        2.01073   1  21
        4.38735        2.14499   1  22
        4.38735        2.24416   1  23
        4.43735       -0.95845   1   1
        4.43735       -0.94652   1   2
        4.43735       -0.94652   1   3
        4.43735       -0.94616   1   4
        4.43735       -0.94335   1   5
        4.43735       -0.61445   1   6
        4.43735       -0.36477   1   7
        4.43735       -0.05819   1   8
        4.43735       -0.05786   1   9
        4.43735        0.24469   1  10
        4.43735        0.25930   1  11
        4.43735        0.87524   1  12
        4.43735        0.87599   1  13
        4.43735        0.98142   1  14
        4.43735        1.13190   1  15
        4.43735        1.17477   1  16
        4.43735        1.18524   1  17
        4.43735        1.24327   1  18
        4.43735        1.28471   1  19
        4.43735        2.00639   1  20
        4.43735        2.00815   1  21
        4.43735        2.15837   1  22
        4.43735        2.26501   1  23
        4.48735       -0.95847   1   1
        4.48735       -0.94649   1   2
        4.48735       -0.94649   1   3
        4.48735       -0.94621   1   4
        4.48735       -0.94334   1   5
        4.48735       -0.61455   1   6
        4.48735       -0.36506   1   7
        4.48735       -0.05626   1   8
        4.48735       -0.05626   1   9
        4.48735        0.24085   1  10
        4.48735        0.25552   1  11
        4.48735        0.88223   1  12
        4.48735        0.88223   1  13
        4.48735        0.98368   1  14
        4.48735        1.14301   1  15
        4.48735        1.18386   1  16
        4.48735        1.18386   1  17
        4.48735        1.21623   1  18
        4.48735        1.27304   1  19
        4.48735        2.00660   1  20
        4.48735        2.00660   1  21
        4.48735        2.16276   1  22
        4.48735        2.27201   1  23
