        0.00000       -0.25196   1   1
        0.00000       -0.25196   1   2
        0.00000       -0.25196   1   3
        0.00000       -0.12990   1   4
        0.00000       -0.12990   1   5
        0.00000       -0.12990   1   6
        0.00000       -0.06948   1   7
        0.00000       -0.06948   1   8
        0.00000       -0.06948   1   9
        0.00000        0.08663   1  10
        0.00000        0.08663   1  11
        0.00000        0.08663   1  12
        0.00000        0.27778   1  13
        0.00000        0.27778   1  14
        0.04167       -0.25378   1   1
        0.04167       -0.25207   1   2
        0.04167       -0.25207   1   3
        0.04167       -0.13177   1   4
        0.04167       -0.13177   1   5
        0.04167       -0.13097   1   6
        0.04167       -0.07391   1   7
        0.04167       -0.07056   1   8
        0.04167       -0.07056   1   9
        0.04167        0.08683   1  10
        0.04167        0.09002   1  11
        0.04167        0.09002   1  12
        0.04167        0.27781   1  13
        0.04167        0.28222   1  14
        0.08333       -0.25909   1   1
        0.08333       -0.25237   1   2
        0.08333       -0.25237   1   3
        0.08333       -0.13717   1   4
        0.08333       -0.13717   1   5
        0.08333       -0.13409   1   6
        0.08333       -0.08621   1   7
        0.08333       -0.07334   1   8
        0.08333       -0.07334   1   9
        0.08333        0.08742   1  10
        0.08333        0.09953   1  11
        0.08333        0.09953   1  12
        0.08333        0.27788   1  13
        0.08333        0.29455   1  14
        0.12500       -0.26756   1   1
        0.12500       -0.25283   1   2
        0.12500       -0.25283   1   3
        0.12500       -0.14549   1   4
        0.12500       -0.14549   1   5
        0.12500       -0.13902   1   6
        0.12500       -0.10403   1   7
        0.12500       -0.07697   1   8
        0.12500       -0.07697   1   9
        0.12500        0.08837   1  10
        0.12500        0.11361   1  11
        0.12500        0.11361   1  12
        0.12500        0.27800   1  13
        0.12500        0.31242   1  14
        0.16667       -0.27870   1   1
        0.16667       -0.25338   1   2
        0.16667       -0.25338   1   3
        0.16667       -0.15579   1   4
        0.16667       -0.15579   1   5
        0.16667       -0.14539   1   6
        0.16667       -0.12474   1   7
        0.16667       -0.08075   1   8
        0.16667       -0.08075   1   9
        0.16667        0.08961   1  10
        0.16667        0.13055   1  11
        0.16667        0.13055   1  12
        0.16667        0.27815   1  13
        0.16667        0.33325   1  14
        0.20833       -0.29189   1   1
        0.20833       -0.25396   1   2
        0.20833       -0.25396   1   3
        0.20833       -0.16706   1   4
        0.20833       -0.16706   1   5
        0.20833       -0.15270   1   6
        0.20833       -0.14607   1   7
        0.20833       -0.08436   1   8
        0.20833       -0.08436   1   9
        0.20833        0.09106   1  10
        0.20833        0.14890   1  11
        0.20833        0.14890   1  12
        0.20833        0.27830   1  13
        0.20833        0.35492   1  14
        0.25000       -0.30640   1   1
        0.25000       -0.25448   1   2
        0.25000       -0.25448   1   3
        0.25000       -0.17845   1   4
        0.25000       -0.17845   1   5
        0.25000       -0.16635   1   6
        0.25000       -0.16042   1   7
        0.25000       -0.08765   1   8
        0.25000       -0.08765   1   9
        0.25000        0.09264   1  10
        0.25000        0.16746   1  11
        0.25000        0.16746   1  12
        0.25000        0.27847   1  13
        0.25000        0.37587   1  14
        0.29167       -0.32129   1   1
        0.29167       -0.25487   1   2
        0.29167       -0.25487   1   3
        0.29167       -0.18926   1   4
        0.29167       -0.18926   1   5
        0.29167       -0.18441   1   6
        0.29167       -0.16799   1   7
        0.29167       -0.09054   1   8
        0.29167       -0.09054   1   9
        0.29167        0.09423   1  10
        0.29167        0.18523   1  11
        0.29167        0.18523   1  12
        0.29167        0.27863   1  13
        0.29167        0.39498   1  14
        0.33333       -0.33547   1   1
        0.33333       -0.25505   1   2
        0.33333       -0.25505   1   3
        0.33333       -0.19960   1   4
        0.33333       -0.19897   1   5
        0.33333       -0.19897   1   6
        0.33333       -0.17490   1   7
        0.33333       -0.09298   1   8
        0.33333       -0.09298   1   9
        0.33333        0.09573   1  10
        0.33333        0.20130   1  11
        0.33333        0.20130   1  12
        0.33333        0.27877   1  13
        0.33333        0.41142   1  14
        0.37500       -0.34781   1   1
        0.37500       -0.25497   1   2
        0.37500       -0.25497   1   3
        0.37500       -0.21159   1   4
        0.37500       -0.20717   1   5
        0.37500       -0.20717   1   6
        0.37500       -0.18071   1   7
        0.37500       -0.09492   1   8
        0.37500       -0.09492   1   9
        0.37500        0.09703   1  10
        0.37500        0.21484   1  11
        0.37500        0.21484   1  12
        0.37500        0.27890   1  13
        0.37500        0.42465   1  14
        0.41667       -0.35734   1   1
        0.41667       -0.25467   1   2
        0.41667       -0.25467   1   3
        0.41667       -0.22023   1   4
        0.41667       -0.21350   1   5
        0.41667       -0.21350   1   6
        0.41667       -0.18509   1   7
        0.41667       -0.09632   1   8
        0.41667       -0.09632   1   9
        0.41667        0.09803   1  10
        0.41667        0.22511   1  11
        0.41667        0.22511   1  12
        0.41667        0.27900   1  13
        0.41667        0.43431   1  14
        0.45833       -0.36335   1   1
        0.45833       -0.25432   1   2
        0.45833       -0.25432   1   3
        0.45833       -0.22544   1   4
        0.45833       -0.21754   1   5
        0.45833       -0.21754   1   6
        0.45833       -0.18781   1   7
        0.45833       -0.09717   1   8
        0.45833       -0.09717   1   9
        0.45833        0.09866   1  10
        0.45833        0.23153   1  11
        0.45833        0.23153   1  12
        0.45833        0.27906   1  13
        0.45833        0.44018   1  14
        0.50000       -0.36540   1   1
        0.50000       -0.25417   1   2
        0.50000       -0.25417   1   3
        0.50000       -0.22718   1   4
        0.50000       -0.21894   1   5
        0.50000       -0.21894   1   6
        0.50000       -0.18873   1   7
        0.50000       -0.09746   1   8
        0.50000       -0.09746   1   9
        0.50000        0.09888   1  10
        0.50000        0.23372   1  11
        0.50000        0.23372   1  12
        0.50000        0.27909   1  13
        0.50000        0.44215   1  14
        0.50000       -0.36540   1   1
        0.50000       -0.25417   1   2
        0.50000       -0.25417   1   3
        0.50000       -0.22718   1   4
        0.50000       -0.21894   1   5
        0.50000       -0.21894   1   6
        0.50000       -0.18873   1   7
        0.50000       -0.09746   1   8
        0.50000       -0.09746   1   9
        0.50000        0.09888   1  10
        0.50000        0.23372   1  11
        0.50000        0.23372   1  12
        0.50000        0.27909   1  13
        0.50000        0.44215   1  14
        0.54167       -0.36548   1   1
        0.54167       -0.25500   1   2
        0.54167       -0.25419   1   3
        0.54167       -0.24313   1   4
        0.54167       -0.21962   1   5
        0.54167       -0.20957   1   6
        0.54167       -0.18129   1   7
        0.54167       -0.10074   1   8
        0.54167       -0.09949   1   9
        0.54167        0.10184   1  10
        0.54167        0.23373   1  11
        0.54167        0.23382   1  12
        0.54167        0.28223   1  13
        0.54167        0.44384   1  14
        0.58333       -0.36571   1   1
        0.58333       -0.26419   1   2
        0.58333       -0.25771   1   3
        0.58333       -0.25426   1   4
        0.58333       -0.22159   1   5
        0.58333       -0.20367   1   6
        0.58333       -0.16365   1   7
        0.58333       -0.10963   1   8
        0.58333       -0.10513   1   9
        0.58333        0.11022   1  10
        0.58333        0.23376   1  11
        0.58333        0.23419   1  12
        0.58333        0.29075   1  13
        0.58333        0.44901   1  14
        0.62500       -0.36607   1   1
        0.62500       -0.28518   1   2
        0.62500       -0.26295   1   3
        0.62500       -0.25437   1   4
        0.62500       -0.22472   1   5
        0.62500       -0.19899   1   6
        0.62500       -0.14348   1   7
        0.62500       -0.12170   1   8
        0.62500       -0.11332   1   9
        0.62500        0.12280   1  10
        0.62500        0.23381   1  11
        0.62500        0.23506   1  12
        0.62500        0.30243   1  13
        0.62500        0.45789   1  14
        0.66667       -0.36651   1   1
        0.66667       -0.30522   1   2
        0.66667       -0.27145   1   3
        0.66667       -0.25451   1   4
        0.66667       -0.22875   1   5
        0.66667       -0.19386   1   6
        0.66667       -0.13402   1   7
        0.66667       -0.12377   1   8
        0.66667       -0.12287   1   9
        0.66667        0.13816   1  10
        0.66667        0.23389   1  11
        0.66667        0.23674   1  12
        0.66667        0.31471   1  13
        0.66667        0.47057   1  14
        0.70833       -0.36706   1   1
        0.70833       -0.32379   1   2
        0.70833       -0.28349   1   3
        0.70833       -0.25470   1   4
        0.70833       -0.23338   1   5
        0.70833       -0.18814   1   6
        0.70833       -0.14422   1   7
        0.70833       -0.13279   1   8
        0.70833       -0.10566   1   9
        0.70833        0.15500   1  10
        0.70833        0.23399   1  11
        0.70833        0.23949   1  12
        0.70833        0.32564   1  13
        0.70833        0.48657   1  14
        0.75000       -0.36776   1   1
        0.75000       -0.34056   1   2
        0.75000       -0.29835   1   3
        0.75000       -0.25495   1   4
        0.75000       -0.23828   1   5
        0.75000       -0.18204   1   6
        0.75000       -0.15130   1   7
        0.75000       -0.14231   1   8
        0.75000       -0.08975   1   9
        0.75000        0.17222   1  10
        0.75000        0.23411   1  11
        0.75000        0.24345   1  12
        0.75000        0.33435   1  13
        0.75000        0.50475   1  14
        0.79167       -0.36875   1   1
        0.79167       -0.35523   1   2
        0.79167       -0.31437   1   3
        0.79167       -0.25526   1   4
        0.79167       -0.24311   1   5
        0.79167       -0.17594   1   6
        0.79167       -0.15546   1   7
        0.79167       -0.15091   1   8
        0.79167       -0.07641   1   9
        0.79167        0.18884   1  10
        0.79167        0.23424   1  11
        0.79167        0.24848   1  12
        0.79167        0.34082   1  13
        0.79167        0.52348   1  14
        0.83333       -0.37023   1   1
        0.83333       -0.36756   1   2
        0.83333       -0.32953   1   3
        0.83333       -0.25562   1   4
        0.83333       -0.24753   1   5
        0.83333       -0.17023   1   6
        0.83333       -0.15823   1   7
        0.83333       -0.15751   1   8
        0.83333       -0.06576   1   9
        0.83333        0.20396   1  10
        0.83333        0.23438   1  11
        0.83333        0.25417   1  12
        0.83333        0.34544   1  13
        0.83333        0.54110   1  14
        0.87500       -0.37736   1   1
        0.87500       -0.37255   1   2
        0.87500       -0.34188   1   3
        0.87500       -0.25597   1   4
        0.87500       -0.25127   1   5
        0.87500       -0.16531   1   6
        0.87500       -0.16406   1   7
        0.87500       -0.15829   1   8
        0.87500       -0.05775   1   9
        0.87500        0.21677   1  10
        0.87500        0.23452   1  11
        0.87500        0.25985   1  12
        0.87500        0.34863   1  13
        0.87500        0.55620   1  14
        0.91667       -0.38447   1   1
        0.91667       -0.37579   1   2
        0.91667       -0.35003   1   3
        0.91667       -0.25625   1   4
        0.91667       -0.25411   1   5
        0.91667       -0.16830   1   6
        0.91667       -0.16151   1   7
        0.91667       -0.15843   1   8
        0.91667       -0.05223   1   9
        0.91667        0.22654   1  10
        0.91667        0.23463   1  11
        0.91667        0.26471   1  12
        0.91667        0.35073   1  13
        0.91667        0.56770   1  14
        0.95833       -0.38879   1   1
        0.95833       -0.37890   1   2
        0.95833       -0.35412   1   3
        0.95833       -0.25642   1   4
        0.95833       -0.25588   1   5
        0.95833       -0.17086   1   6
        0.95833       -0.15911   1   7
        0.95833       -0.15835   1   8
        0.95833       -0.04902   1   9
        0.95833        0.23265   1  10
        0.95833        0.23471   1  11
        0.95833        0.26798   1  12
        0.95833        0.35192   1  13
        0.95833        0.57488   1  14
        1.00000       -0.39023   1   1
        1.00000       -0.38019   1   2
        1.00000       -0.35530   1   3
        1.00000       -0.25648   1   4
        1.00000       -0.25648   1   5
        1.00000       -0.17172   1   6
        1.00000       -0.15830   1   7
        1.00000       -0.15830   1   8
        1.00000       -0.04797   1   9
        1.00000        0.23473   1  10
        1.00000        0.23473   1  11
        1.00000        0.26914   1  12
        1.00000        0.35231   1  13
        1.00000        0.57732   1  14
        1.00000       -0.39023   1   1
        1.00000       -0.38019   1   2
        1.00000       -0.35530   1   3
        1.00000       -0.25648   1   4
        1.00000       -0.25648   1   5
        1.00000       -0.17172   1   6
        1.00000       -0.15830   1   7
        1.00000       -0.15830   1   8
        1.00000       -0.04797   1   9
        1.00000        0.23473   1  10
        1.00000        0.23473   1  11
        1.00000        0.26914   1  12
        1.00000        0.35231   1  13
        1.00000        0.57732   1  14
        1.04159       -0.38882   1   1
        1.04159       -0.37882   1   2
        1.04159       -0.35418   1   3
        1.04159       -0.25656   1   4
        1.04159       -0.25574   1   5
        1.04159       -0.17087   1   6
        1.04159       -0.15928   1   7
        1.04159       -0.15817   1   8
        1.04159       -0.04901   1   9
        1.04159        0.23350   1  10
        1.04159        0.23386   1  11
        1.04159        0.26797   1  12
        1.04159        0.35193   1  13
        1.04159        0.57489   1  14
        1.08319       -0.38487   1   1
        1.08319       -0.37447   1   2
        1.08319       -0.35088   1   3
        1.08319       -0.25676   1   4
        1.08319       -0.25354   1   5
        1.08319       -0.16836   1   6
        1.08319       -0.16203   1   7
        1.08319       -0.15778   1   8
        1.08319       -0.05205   1   9
        1.08319        0.22986   1  10
        1.08319        0.23123   1  11
        1.08319        0.26450   1  12
        1.08319        0.35077   1  13
        1.08319        0.56772   1  14
        1.12478       -0.37914   1   1
        1.12478       -0.36660   1   2
        1.12478       -0.34554   1   3
        1.12478       -0.25700   1   4
        1.12478       -0.24989   1   5
        1.12478       -0.16597   1   6
        1.12478       -0.16431   1   7
        1.12478       -0.15708   1   8
        1.12478       -0.05688   1   9
        1.12478        0.22396   1  10
        1.12478        0.22687   1  11
        1.12478        0.25879   1  12
        1.12478        0.34886   1  13
        1.12478        0.55614   1  14
        1.16638       -0.37217   1   1
        1.16638       -0.35502   1   2
        1.16638       -0.33836   1   3
        1.16638       -0.25721   1   4
        1.16638       -0.24483   1   5
        1.16638       -0.17028   1   6
        1.16638       -0.15891   1   7
        1.16638       -0.15598   1   8
        1.16638       -0.06317   1   9
        1.16638        0.21605   1  10
        1.16638        0.22083   1  11
        1.16638        0.25098   1  12
        1.16638        0.34618   1  13
        1.16638        0.54065   1  14
        1.20797       -0.36407   1   1
        1.20797       -0.34011   1   2
        1.20797       -0.32964   1   3
        1.20797       -0.25730   1   4
        1.20797       -0.23843   1   5
        1.20797       -0.17397   1   6
        1.20797       -0.15440   1   7
        1.20797       -0.15237   1   8
        1.20797       -0.07048   1   9
        1.20797        0.20641   1  10
        1.20797        0.21316   1  11
        1.20797        0.24129   1  12
        1.20797        0.34275   1  13
        1.20797        0.52182   1  14
        1.24957       -0.35486   1   1
        1.24957       -0.32239   1   2
        1.24957       -0.31976   1   3
        1.24957       -0.25724   1   4
        1.24957       -0.23076   1   5
        1.24957       -0.17611   1   6
        1.24957       -0.15220   1   7
        1.24957       -0.14488   1   8
        1.24957       -0.07835   1   9
        1.24957        0.19537   1  10
        1.24957        0.20397   1  11
        1.24957        0.22999   1  12
        1.24957        0.33858   1  13
        1.24957        0.50028   1  14
        1.29116       -0.34463   1   1
        1.29116       -0.30917   1   2
        1.29116       -0.30243   1   3
        1.29116       -0.25701   1   4
        1.29116       -0.22192   1   5
        1.29116       -0.17585   1   6
        1.29116       -0.14926   1   7
        1.29116       -0.13667   1   8
        1.29116       -0.08626   1   9
        1.29116        0.18329   1  10
        1.29116        0.19339   1  11
        1.29116        0.21736   1  12
        1.29116        0.33367   1  13
        1.29116        0.47663   1  14
        1.33276       -0.33354   1   1
        1.33276       -0.29837   1   2
        1.33276       -0.28083   1   3
        1.33276       -0.25664   1   4
        1.33276       -0.21204   1   5
        1.33276       -0.17260   1   6
        1.33276       -0.14546   1   7
        1.33276       -0.12796   1   8
        1.33276       -0.09368   1   9
        1.33276        0.17051   1  10
        1.33276        0.18161   1  11
        1.33276        0.20370   1  12
        1.33276        0.32803   1  13
        1.33276        0.45148   1  14
        1.37435       -0.32183   1   1
        1.37435       -0.28780   1   2
        1.37435       -0.25827   1   3
        1.37435       -0.25613   1   4
        1.37435       -0.20129   1   5
        1.37435       -0.16602   1   6
        1.37435       -0.14081   1   7
        1.37435       -0.11898   1   8
        1.37435       -0.09998   1   9
        1.37435        0.15737   1  10
        1.37435        0.16886   1  11
        1.37435        0.18924   1  12
        1.37435        0.32171   1  13
        1.37435        0.42540   1  14
        1.41595       -0.30981   1   1
        1.41595       -0.27794   1   2
        1.41595       -0.25551   1   3
        1.41595       -0.23544   1   4
        1.41595       -0.18989   1   5
        1.41595       -0.15617   1   6
        1.41595       -0.13565   1   7
        1.41595       -0.10996   1   8
        1.41595       -0.10429   1   9
        1.41595        0.14426   1  10
        1.41595        0.15544   1  11
        1.41595        0.17417   1  12
        1.41595        0.31481   1  13
        1.41595        0.39900   1  14
        1.45754       -0.29783   1   1
        1.45754       -0.26933   1   2
        1.45754       -0.25484   1   3
        1.45754       -0.21300   1   4
        1.45754       -0.17813   1   5
        1.45754       -0.14350   1   6
        1.45754       -0.13119   1   7
        1.45754       -0.10512   1   8
        1.45754       -0.10117   1   9
        1.45754        0.13152   1  10
        1.45754        0.14170   1  11
        1.45754        0.15862   1  12
        1.45754        0.30756   1  13
        1.45754        0.37297   1  14
        1.49913       -0.28626   1   1
        1.49913       -0.26247   1   2
        1.49913       -0.25413   1   3
        1.49913       -0.19158   1   4
        1.49913       -0.16640   1   5
        1.49913       -0.12904   1   6
        1.49913       -0.12872   1   7
        1.49913       -0.10103   1   8
        1.49913       -0.09284   1   9
        1.49913        0.11956   1  10
        1.49913        0.12811   1  11
        1.49913        0.14279   1  12
        1.49913        0.30027   1  13
        1.49913        0.34815   1  14
        1.54073       -0.27550   1   1
        1.54073       -0.25761   1   2
        1.54073       -0.25346   1   3
        1.54073       -0.17192   1   4
        1.54073       -0.15519   1   5
        1.54073       -0.12884   1   6
        1.54073       -0.11280   1   7
        1.54073       -0.09321   1   8
        1.54073       -0.08528   1   9
        1.54073        0.10878   1  10
        1.54073        0.11524   1  11
        1.54073        0.12703   1  12
        1.54073        0.29331   1  13
        1.54073        0.32548   1  14
        1.58232       -0.26606   1   1
        1.58232       -0.25458   1   2
        1.58232       -0.25285   1   3
        1.58232       -0.15488   1   4
        1.58232       -0.14515   1   5
        1.58232       -0.12924   1   6
        1.58232       -0.09701   1   7
        1.58232       -0.08435   1   8
        1.58232       -0.07881   1   9
        1.58232        0.09963   1  10
        1.58232        0.10382   1  11
        1.58232        0.11207   1  12
        1.58232        0.28712   1  13
        1.58232        0.30602   1  14
        1.62392       -0.25855   1   1
        1.62392       -0.25294   1   2
        1.62392       -0.25238   1   3
        1.62392       -0.14150   1   4
        1.62392       -0.13706   1   5
        1.62392       -0.12961   1   6
        1.62392       -0.08305   1   7
        1.62392       -0.07658   1   8
        1.62392       -0.07379   1   9
        1.62392        0.09261   1  10
        1.62392        0.09468   1  11
        1.62392        0.09911   1  12
        1.62392        0.28216   1  13
        1.62392        0.29086   1  14
        1.66551       -0.25367   1   1
        1.66551       -0.25218   1   2
        1.66551       -0.25207   1   3
        1.66551       -0.13288   1   4
        1.66551       -0.13175   1   5
        1.66551       -0.12983   1   6
        1.66551       -0.07313   1   7
        1.66551       -0.07133   1   8
        1.66551       -0.07059   1   9
        1.66551        0.08816   1  10
        1.66551        0.08871   1  11
        1.66551        0.08998   1  12
        1.66551        0.27892   1  13
        1.66551        0.28114   1  14
        1.70711       -0.25196   1   1
        1.70711       -0.25196   1   2
        1.70711       -0.25196   1   3
        1.70711       -0.12990   1   4
        1.70711       -0.12990   1   5
        1.70711       -0.12990   1   6
        1.70711       -0.06948   1   7
        1.70711       -0.06948   1   8
        1.70711       -0.06948   1   9
        1.70711        0.08663   1  10
        1.70711        0.08663   1  11
        1.70711        0.08663   1  12
        1.70711        0.27778   1  13
        1.70711        0.27778   1  14
        1.70711       -0.25196   1   1
        1.70711       -0.25196   1   2
        1.70711       -0.25196   1   3
        1.70711       -0.12990   1   4
        1.70711       -0.12990   1   5
        1.70711       -0.12990   1   6
        1.70711       -0.06948   1   7
        1.70711       -0.06948   1   8
        1.70711       -0.06948   1   9
        1.70711        0.08663   1  10
        1.70711        0.08663   1  11
        1.70711        0.08663   1  12
        1.70711        0.27778   1  13
        1.70711        0.27778   1  14
        1.74835       -0.25361   1   1
        1.74835       -0.25214   1   2
        1.74835       -0.25214   1   3
        1.74835       -0.13246   1   4
        1.74835       -0.13246   1   5
        1.74835       -0.12946   1   6
        1.74835       -0.07286   1   7
        1.74835       -0.07105   1   8
        1.74835       -0.07105   1   9
        1.74835        0.08855   1  10
        1.74835        0.08909   1  11
        1.74835        0.08909   1  12
        1.74835        0.28000   1  13
        1.74835        0.28000   1  14
        1.78959       -0.25836   1   1
        1.78959       -0.25269   1   2
        1.78959       -0.25269   1   3
        1.78959       -0.13981   1   4
        1.78959       -0.13981   1   5
        1.78959       -0.12815   1   6
        1.78959       -0.08241   1   7
        1.78959       -0.07541   1   8
        1.78959       -0.07541   1   9
        1.78959        0.09398   1  10
        1.78959        0.09598   1  11
        1.78959        0.09598   1  12
        1.78959        0.28648   1  13
        1.78959        0.28648   1  14
        1.83082       -0.26576   1   1
        1.83082       -0.25375   1   2
        1.83082       -0.25375   1   3
        1.83082       -0.15103   1   4
        1.83082       -0.15103   1   5
        1.83082       -0.12600   1   6
        1.83082       -0.09676   1   7
        1.83082       -0.08180   1   8
        1.83082       -0.08180   1   9
        1.83082        0.10220   1  10
        1.83082        0.10611   1  11
        1.83082        0.10611   1  12
        1.83082        0.29676   1  13
        1.83082        0.29676   1  14
        1.87206       -0.27520   1   1
        1.87206       -0.25552   1   2
        1.87206       -0.25552   1   3
        1.87206       -0.16496   1   4
        1.87206       -0.16496   1   5
        1.87206       -0.12302   1   6
        1.87206       -0.11438   1   7
        1.87206       -0.08933   1   8
        1.87206       -0.08933   1   9
        1.87206        0.11247   1  10
        1.87206        0.11825   1  11
        1.87206        0.11825   1  12
        1.87206        0.31028   1  13
        1.87206        0.31028   1  14
        1.91330       -0.28607   1   1
        1.91330       -0.25823   1   2
        1.91330       -0.25823   1   3
        1.91330       -0.18047   1   4
        1.91330       -0.18047   1   5
        1.91330       -0.13399   1   6
        1.91330       -0.11927   1   7
        1.91330       -0.09709   1   8
        1.91330       -0.09709   1   9
        1.91330        0.12425   1  10
        1.91330        0.13142   1  11
        1.91330        0.13142   1  12
        1.91330        0.32646   1  13
        1.91330        0.32646   1  14
        1.95454       -0.29775   1   1
        1.95454       -0.26211   1   2
        1.95454       -0.26211   1   3
        1.95454       -0.19665   1   4
        1.95454       -0.19665   1   5
        1.95454       -0.15471   1   6
        1.95454       -0.11479   1   7
        1.95454       -0.10416   1   8
        1.95454       -0.10416   1   9
        1.95454        0.13709   1  10
        1.95454        0.14500   1  11
        1.95454        0.14500   1  12
        1.95454        0.34471   1  13
        1.95454        0.34471   1  14
        1.99578       -0.30961   1   1
        1.99578       -0.26724   1   2
        1.99578       -0.26724   1   3
        1.99578       -0.21283   1   4
        1.99578       -0.21283   1   5
        1.99578       -0.17599   1   6
        1.99578       -0.10973   1   7
        1.99578       -0.10973   1   8
        1.99578       -0.10967   1   9
        1.99578        0.15065   1  10
        1.99578        0.15863   1  11
        1.99578        0.15863   1  12
        1.99578        0.36445   1  13
        1.99578        0.36445   1  14
        2.03702       -0.32100   1   1
        2.03702       -0.27355   1   2
        2.03702       -0.27355   1   3
        2.03702       -0.22849   1   4
        2.03702       -0.22849   1   5
        2.03702       -0.19747   1   6
        2.03702       -0.11319   1   7
        2.03702       -0.11319   1   8
        2.03702       -0.10400   1   9
        2.03702        0.16460   1  10
        2.03702        0.17215   1  11
        2.03702        0.17215   1  12
        2.03702        0.38514   1  13
        2.03702        0.38514   1  14
        2.07826       -0.33133   1   1
        2.07826       -0.28080   1   2
        2.07826       -0.28080   1   3
        2.07826       -0.24331   1   4
        2.07826       -0.24331   1   5
        2.07826       -0.21889   1   6
        2.07826       -0.11425   1   7
        2.07826       -0.11425   1   8
        2.07826       -0.09790   1   9
        2.07826        0.17866   1  10
        2.07826        0.18546   1  11
        2.07826        0.18546   1  12
        2.07826        0.40625   1  13
        2.07826        0.40625   1  14
        2.11950       -0.34008   1   1
        2.11950       -0.28866   1   2
        2.11950       -0.28866   1   3
        2.11950       -0.25702   1   4
        2.11950       -0.25702   1   5
        2.11950       -0.23997   1   6
        2.11950       -0.11287   1   7
        2.11950       -0.11287   1   8
        2.11950       -0.09148   1   9
        2.11950        0.19253   1  10
        2.11950        0.19850   1  11
        2.11950        0.19850   1  12
        2.11950        0.42738   1  13
        2.11950        0.42738   1  14
        2.16074       -0.34694   1   1
        2.16074       -0.29683   1   2
        2.16074       -0.29683   1   3
        2.16074       -0.26945   1   4
        2.16074       -0.26945   1   5
        2.16074       -0.26038   1   6
        2.16074       -0.10923   1   7
        2.16074       -0.10923   1   8
        2.16074       -0.08491   1   9
        2.16074        0.20599   1  10
        2.16074        0.21117   1  11
        2.16074        0.21117   1  12
        2.16074        0.44816   1  13
        2.16074        0.44816   1  14
        2.20198       -0.35183   1   1
        2.20198       -0.30508   1   2
        2.20198       -0.30508   1   3
        2.20198       -0.28045   1   4
        2.20198       -0.28045   1   5
        2.20198       -0.27966   1   6
        2.20198       -0.10361   1   7
        2.20198       -0.10361   1   8
        2.20198       -0.07830   1   9
        2.20198        0.21886   1  10
        2.20198        0.22336   1  11
        2.20198        0.22336   1  12
        2.20198        0.46837   1  13
        2.20198        0.46837   1  14
        2.24322       -0.35504   1   1
        2.24322       -0.31327   1   2
        2.24322       -0.31327   1   3
        2.24322       -0.29713   1   4
        2.24322       -0.28994   1   5
        2.24322       -0.28994   1   6
        2.24322       -0.09637   1   7
        2.24322       -0.09637   1   8
        2.24322       -0.07182   1   9
        2.24322        0.23098   1  10
        2.24322        0.23493   1  11
        2.24322        0.23493   1  12
        2.24322        0.48776   1  13
        2.24322        0.48776   1  14
        2.28446       -0.35738   1   1
        2.28446       -0.32129   1   2
        2.28446       -0.32129   1   3
        2.28446       -0.31176   1   4
        2.28446       -0.29788   1   5
        2.28446       -0.29788   1   6
        2.28446       -0.08793   1   7
        2.28446       -0.08793   1   8
        2.28446       -0.06561   1   9
        2.28446        0.24224   1  10
        2.28446        0.24570   1  11
        2.28446        0.24570   1  12
        2.28446        0.50611   1  13
        2.28446        0.50611   1  14
        2.32570       -0.36044   1   1
        2.32570       -0.32895   1   2
        2.32570       -0.32895   1   3
        2.32570       -0.32200   1   4
        2.32570       -0.30436   1   5
        2.32570       -0.30436   1   6
        2.32570       -0.07876   1   7
        2.32570       -0.07876   1   8
        2.32570       -0.05981   1   9
        2.32570        0.25251   1  10
        2.32570        0.25548   1  11
        2.32570        0.25548   1  12
        2.32570        0.52315   1  13
        2.32570        0.52315   1  14
        2.36694       -0.36569   1   1
        2.36694       -0.33599   1   2
        2.36694       -0.33599   1   3
        2.36694       -0.32669   1   4
        2.36694       -0.30950   1   5
        2.36694       -0.30950   1   6
        2.36694       -0.06943   1   7
        2.36694       -0.06943   1   8
        2.36694       -0.05459   1   9
        2.36694        0.26168   1  10
        2.36694        0.26409   1  11
        2.36694        0.26409   1  12
        2.36694        0.53853   1  13
        2.36694        0.53853   1  14
        2.40817       -0.37255   1   1
        2.40817       -0.34214   1   2
        2.40817       -0.34214   1   3
        2.40817       -0.32688   1   4
        2.40817       -0.31348   1   5
        2.40817       -0.31348   1   6
        2.40817       -0.06055   1   7
        2.40817       -0.06055   1   8
        2.40817       -0.05008   1   9
        2.40817        0.26958   1  10
        2.40817        0.27136   1  11
        2.40817        0.27136   1  12
        2.40817        0.55187   1  13
        2.40817        0.55187   1  14
        2.44941       -0.37925   1   1
        2.44941       -0.34717   1   2
        2.44941       -0.34717   1   3
        2.44941       -0.32489   1   4
        2.44941       -0.31642   1   5
        2.44941       -0.31642   1   6
        2.44941       -0.05276   1   7
        2.44941       -0.05276   1   8
        2.44941       -0.04641   1   9
        2.44941        0.27603   1  10
        2.44941        0.27715   1  11
        2.44941        0.27715   1  12
        2.44941        0.56276   1  13
        2.44941        0.56276   1  14
        2.49065       -0.38461   1   1
        2.49065       -0.35088   1   2
        2.49065       -0.35088   1   3
        2.49065       -0.32248   1   4
        2.49065       -0.31844   1   5
        2.49065       -0.31844   1   6
        2.49065       -0.04668   1   7
        2.49065       -0.04668   1   8
        2.49065       -0.04370   1   9
        2.49065        0.28081   1  10
        2.49065        0.28136   1  11
        2.49065        0.28136   1  12
        2.49065        0.57083   1  13
        2.49065        0.57083   1  14
        2.53189       -0.38800   1   1
        2.53189       -0.35315   1   2
        2.53189       -0.35315   1   3
        2.53189       -0.32066   1   4
        2.53189       -0.31961   1   5
        2.53189       -0.31961   1   6
        2.53189       -0.04281   1   7
        2.53189       -0.04281   1   8
        2.53189       -0.04204   1   9
        2.53189        0.28377   1  10
        2.53189        0.28391   1  11
        2.53189        0.28391   1  12
        2.53189        0.57579   1  13
        2.53189        0.57579   1  14
        2.57313       -0.38917   1   1
        2.57313       -0.35391   1   2
        2.57313       -0.35391   1   3
        2.57313       -0.32000   1   4
        2.57313       -0.32000   1   5
        2.57313       -0.32000   1   6
        2.57313       -0.04148   1   7
        2.57313       -0.04148   1   8
        2.57313       -0.04148   1   9
        2.57313        0.28477   1  10
        2.57313        0.28477   1  11
        2.57313        0.28477   1  12
        2.57313        0.57747   1  13
        2.57313        0.57747   1  14
        2.57313       -0.38917   1   1
        2.57313       -0.35391   1   2
        2.57313       -0.35391   1   3
        2.57313       -0.32000   1   4
        2.57313       -0.32000   1   5
        2.57313       -0.32000   1   6
        2.57313       -0.04148   1   7
        2.57313       -0.04148   1   8
        2.57313       -0.04148   1   9
        2.57313        0.28477   1  10
        2.57313        0.28477   1  11
        2.57313        0.28477   1  12
        2.57313        0.57747   1  13
        2.57313        0.57747   1  14
        2.61473       -0.38800   1   1
        2.61473       -0.35352   1   2
        2.61473       -0.35274   1   3
        2.61473       -0.32081   1   4
        2.61473       -0.31974   1   5
        2.61473       -0.31934   1   6
        2.61473       -0.04306   1   7
        2.61473       -0.04272   1   8
        2.61473       -0.04194   1   9
        2.61473        0.28354   1  10
        2.61473        0.28393   1  11
        2.61473        0.28408   1  12
        2.61473        0.57491   1  13
        2.61473        0.57661   1  14
        2.65632       -0.38476   1   1
        2.65632       -0.35217   1   2
        2.65632       -0.34925   1   3
        2.65632       -0.32313   1   4
        2.65632       -0.31894   1   5
        2.65632       -0.31731   1   6
        2.65632       -0.04766   1   7
        2.65632       -0.04632   1   8
        2.65632       -0.04334   1   9
        2.65632        0.27991   1  10
        2.65632        0.28151   1  11
        2.65632        0.28205   1  12
        2.65632        0.56739   1  13
        2.65632        0.57406   1  14
        2.69792       -0.38029   1   1
        2.69792       -0.34932   1   2
        2.69792       -0.34359   1   3
        2.69792       -0.32660   1   4
        2.69792       -0.31757   1   5
        2.69792       -0.31375   1   6
        2.69792       -0.05495   1   7
        2.69792       -0.05195   1   8
        2.69792       -0.04573   1   9
        2.69792        0.27397   1  10
        2.69792        0.27772   1  11
        2.69792        0.27879   1  12
        2.69792        0.55527   1  13
        2.69792        0.56984   1  14
        2.73951       -0.37588   1   1
        2.73951       -0.34418   1   2
        2.73951       -0.33600   1   3
        2.73951       -0.33068   1   4
        2.73951       -0.31556   1   5
        2.73951       -0.30831   1   6
        2.73951       -0.06434   1   7
        2.73951       -0.05917   1   8
        2.73951       -0.04920   1   9
        2.73951        0.26593   1  10
        2.73951        0.27290   1  11
        2.73951        0.27448   1  12
        2.73951        0.53915   1  13
        2.73951        0.56403   1  14
        2.78110       -0.37259   1   1
        2.78110       -0.33652   1   2
        2.78110       -0.33467   1   3
        2.78110       -0.32679   1   4
        2.78110       -0.31287   1   5
        2.78110       -0.30040   1   6
        2.78110       -0.07516   1   7
        2.78110       -0.06754   1   8
        2.78110       -0.05385   1   9
        2.78110        0.25598   1  10
        2.78110        0.26743   1  11
        2.78110        0.26940   1  12
        2.78110        0.51973   1  13
        2.78110        0.55671   1  14
        2.82270       -0.37055   1   1
        2.82270       -0.33781   1   2
        2.82270       -0.32726   1   3
        2.82270       -0.31633   1   4
        2.82270       -0.30943   1   5
        2.82270       -0.28924   1   6
        2.82270       -0.08663   1   7
        2.82270       -0.07671   1   8
        2.82270       -0.05982   1   9
        2.82270        0.24438   1  10
        2.82270        0.26167   1  11
        2.82270        0.26386   1  12
        2.82270        0.49776   1  13
        2.82270        0.54797   1  14
        2.86429       -0.36936   1   1
        2.86429       -0.33935   1   2
        2.86429       -0.31775   1   3
        2.86429       -0.30517   1   4
        2.86429       -0.30506   1   5
        2.86429       -0.27432   1   6
        2.86429       -0.09793   1   7
        2.86429       -0.08644   1   8
        2.86429       -0.06720   1   9
        2.86429        0.23136   1  10
        2.86429        0.25596   1  11
        2.86429        0.25821   1  12
        2.86429        0.47394   1  13
        2.86429        0.53795   1  14
        2.90589       -0.36864   1   1
        2.90589       -0.33865   1   2
        2.90589       -0.30862   1   3
        2.90589       -0.30001   1   4
        2.90589       -0.29340   1   5
        2.90589       -0.25598   1   6
        2.90589       -0.10821   1   7
        2.90589       -0.09664   1   8
        2.90589       -0.07608   1   9
        2.90589        0.21713   1  10
        2.90589        0.25061   1  11
        2.90589        0.25280   1  12
        2.90589        0.44888   1  13
        2.90589        0.52682   1  14
        2.94748       -0.36816   1   1
        2.94748       -0.33524   1   2
        2.94748       -0.29989   1   3
        2.94748       -0.29388   1   4
        2.94748       -0.28190   1   5
        2.94748       -0.23515   1   6
        2.94748       -0.11656   1   7
        2.94748       -0.10734   1   8
        2.94748       -0.08646   1   9
        2.94748        0.20190   1  10
        2.94748        0.24583   1  11
        2.94748        0.24791   1  12
        2.94748        0.42307   1  13
        2.94748        0.51482   1  14
        2.98908       -0.36776   1   1
        2.98908       -0.32889   1   2
        2.98908       -0.29150   1   3
        2.98908       -0.28671   1   4
        2.98908       -0.27134   1   5
        2.98908       -0.21294   1   6
        2.98908       -0.12203   1   7
        2.98908       -0.11862   1   8
        2.98908       -0.09825   1   9
        2.98908        0.18590   1  10
        2.98908        0.24179   1  11
        2.98908        0.24374   1  12
        2.98908        0.39706   1  13
        2.98908        0.50227   1  14
        3.03067       -0.36738   1   1
        3.03067       -0.31958   1   2
        3.03067       -0.28348   1   3
        3.03067       -0.27847   1   4
        3.03067       -0.26273   1   5
        3.03067       -0.19025   1   6
        3.03067       -0.13062   1   7
        3.03067       -0.12380   1   8
        3.03067       -0.11129   1   9
        3.03067        0.16942   1  10
        3.03067        0.23861   1  11
        3.03067        0.24040   1  12
        3.03067        0.37147   1  13
        3.03067        0.48960   1  14
        3.07227       -0.36696   1   1
        3.07227       -0.30752   1   2
        3.07227       -0.27593   1   3
        3.07227       -0.26914   1   4
        3.07227       -0.25688   1   5
        3.07227       -0.16789   1   6
        3.07227       -0.14348   1   7
        3.07227       -0.12531   1   8
        3.07227       -0.12165   1   9
        3.07227        0.15288   1  10
        3.07227        0.23632   1  11
        3.07227        0.23786   1  12
        3.07227        0.34711   1  13
        3.07227        0.47731   1  14
        3.11386       -0.36651   1   1
        3.11386       -0.29311   1   2
        3.11386       -0.26904   1   3
        3.11386       -0.25879   1   4
        3.11386       -0.25391   1   5
        3.11386       -0.15732   1   6
        3.11386       -0.14664   1   7
        3.11386       -0.14000   1   8
        3.11386       -0.11639   1   9
        3.11386        0.13686   1  10
        3.11386        0.23486   1  11
        3.11386        0.23607   1  12
        3.11386        0.32497   1  13
        3.11386        0.46598   1  14
        3.15546       -0.36608   1   1
        3.15546       -0.27690   1   2
        3.15546       -0.26306   1   3
        3.15546       -0.25308   1   4
        3.15546       -0.24756   1   5
        3.15546       -0.17221   1   6
        3.15546       -0.15492   1   7
        3.15546       -0.12748   1   8
        3.15546       -0.10970   1   9
        3.15546        0.12220   1  10
        3.15546        0.23409   1  11
        3.15546        0.23489   1  12
        3.15546        0.30609   1  13
        3.15546        0.45621   1  14
        3.19705       -0.36572   1   1
        3.19705       -0.25950   1   2
        3.19705       -0.25832   1   3
        3.19705       -0.25339   1   4
        3.19705       -0.23582   1   5
        3.19705       -0.18814   1   6
        3.19705       -0.16949   1   7
        3.19705       -0.11176   1   8
        3.19705       -0.10341   1   9
        3.19705        0.11004   1  10
        3.19705        0.23378   1  11
        3.19705        0.23419   1  12
        3.19705        0.29152   1  13
        3.19705        0.44863   1  14
        3.23864       -0.36548   1   1
        3.23864       -0.25524   1   2
        3.23864       -0.25393   1   3
        3.23864       -0.24166   1   4
        3.23864       -0.22473   1   5
        3.23864       -0.20488   1   6
        3.23864       -0.18234   1   7
        3.23864       -0.10121   1   8
        3.23864       -0.09903   1   9
        3.23864        0.10182   1  10
        3.23864        0.23372   1  11
        3.23864        0.23383   1  12
        3.23864        0.28227   1  13
        3.23864        0.44381   1  14
        3.28024       -0.36540   1   1
        3.28024       -0.25417   1   2
        3.28024       -0.25417   1   3
        3.28024       -0.22718   1   4
        3.28024       -0.21894   1   5
        3.28024       -0.21894   1   6
        3.28024       -0.18873   1   7
        3.28024       -0.09746   1   8
        3.28024       -0.09746   1   9
        3.28024        0.09888   1  10
        3.28024        0.23372   1  11
        3.28024        0.23372   1  12
        3.28024        0.27909   1  13
        3.28024        0.44215   1  14
        3.28024       -0.38917   1   1
        3.28024       -0.35391   1   2
        3.28024       -0.35391   1   3
        3.28024       -0.32000   1   4
        3.28024       -0.32000   1   5
        3.28024       -0.32000   1   6
        3.28024       -0.04148   1   7
        3.28024       -0.04148   1   8
        3.28024       -0.04148   1   9
        3.28024        0.28477   1  10
        3.28024        0.28477   1  11
        3.28024        0.28477   1  12
        3.28024        0.57747   1  13
        3.28024        0.57747   1  14
        3.32191       -0.38804   1   1
        3.32191       -0.35394   1   2
        3.32191       -0.35228   1   3
        3.32191       -0.32121   1   4
        3.32191       -0.31934   1   5
        3.32191       -0.31934   1   6
        3.32191       -0.04307   1   7
        3.32191       -0.04307   1   8
        3.32191       -0.04160   1   9
        3.32191        0.28355   1  10
        3.32191        0.28355   1  11
        3.32191        0.28446   1  12
        3.32191        0.57405   1  13
        3.32191        0.57746   1  14
        3.36357       -0.38533   1   1
        3.36357       -0.35401   1   2
        3.36357       -0.34684   1   3
        3.36357       -0.32476   1   4
        3.36357       -0.31738   1   5
        3.36357       -0.31738   1   6
        3.36357       -0.04777   1   7
        3.36357       -0.04777   1   8
        3.36357       -0.04195   1   9
        3.36357        0.28009   1  10
        3.36357        0.28009   1  11
        3.36357        0.28359   1  12
        3.36357        0.56402   1  13
        3.36357        0.57745   1  14
        3.40524       -0.38251   1   1
        3.40524       -0.35412   1   2
        3.40524       -0.33660   1   3
        3.40524       -0.33040   1   4
        3.40524       -0.31411   1   5
        3.40524       -0.31411   1   6
        3.40524       -0.05537   1   7
        3.40524       -0.05537   1   8
        3.40524       -0.04250   1   9
        3.40524        0.27487   1  10
        3.40524        0.27487   1  11
        3.40524        0.28222   1  12
        3.40524        0.54793   1  13
        3.40524        0.57743   1  14
        3.44691       -0.38054   1   1
        3.44691       -0.35426   1   2
        3.44691       -0.33772   1   3
        3.44691       -0.32125   1   4
        3.44691       -0.30958   1   5
        3.44691       -0.30958   1   6
        3.44691       -0.06554   1   7
        3.44691       -0.06554   1   8
        3.44691       -0.04320   1   9
        3.44691        0.26859   1  10
        3.44691        0.26859   1  11
        3.44691        0.28048   1  12
        3.44691        0.52666   1  13
        3.44691        0.57741   1  14
        3.48857       -0.37949   1   1
        3.48857       -0.35443   1   2
        3.48857       -0.34621   1   3
        3.48857       -0.30384   1   4
        3.48857       -0.30384   1   5
        3.48857       -0.30152   1   6
        3.48857       -0.07780   1   7
        3.48857       -0.07780   1   8
        3.48857       -0.04399   1   9
        3.48857        0.26192   1  10
        3.48857        0.26192   1  11
        3.48857        0.27853   1  12
        3.48857        0.50134   1  13
        3.48857        0.57740   1  14
        3.53024       -0.37913   1   1
        3.53024       -0.35530   1   2
        3.53024       -0.35461   1   3
        3.53024       -0.29702   1   4
        3.53024       -0.29702   1   5
        3.53024       -0.27860   1   6
        3.53024       -0.09157   1   7
        3.53024       -0.09157   1   8
        3.53024       -0.04483   1   9
        3.53024        0.25542   1  10
        3.53024        0.25542   1  11
        3.53024        0.27650   1  12
        3.53024        0.47332   1  13
        3.53024        0.57738   1  14
        3.57191       -0.37918   1   1
        3.57191       -0.36436   1   2
        3.57191       -0.35479   1   3
        3.57191       -0.28928   1   4
        3.57191       -0.28928   1   5
        3.57191       -0.25389   1   6
        3.57191       -0.10619   1   7
        3.57191       -0.10619   1   8
        3.57191       -0.04564   1   9
        3.57191        0.24949   1  10
        3.57191        0.24949   1  11
        3.57191        0.27453   1  12
        3.57191        0.44420   1  13
        3.57191        0.57736   1  14
        3.61357       -0.37945   1   1
        3.61357       -0.37279   1   2
        3.61357       -0.35496   1   3
        3.61357       -0.28091   1   4
        3.61357       -0.28091   1   5
        3.61357       -0.22914   1   6
        3.61357       -0.12090   1   7
        3.61357       -0.12090   1   8
        3.61357       -0.04640   1   9
        3.61357        0.24439   1  10
        3.61357        0.24439   1  11
        3.61357        0.27274   1  12
        3.61357        0.41583   1  13
        3.61357        0.57735   1  14
        3.65524       -0.38002   1   1
        3.65524       -0.37977   1   2
        3.65524       -0.35510   1   3
        3.65524       -0.27239   1   4
        3.65524       -0.27239   1   5
        3.65524       -0.20641   1   6
        3.65524       -0.13482   1   7
        3.65524       -0.13482   1   8
        3.65524       -0.04705   1   9
        3.65524        0.24026   1  10
        3.65524        0.24026   1  11
        3.65524        0.27123   1  12
        3.65524        0.39035   1  13
        3.65524        0.57734   1  14
        3.69691       -0.38556   1   1
        3.69691       -0.38001   1   2
        3.69691       -0.35521   1   3
        3.69691       -0.26454   1   4
        3.69691       -0.26454   1   5
        3.69691       -0.18797   1   6
        3.69691       -0.14678   1   7
        3.69691       -0.14678   1   8
        3.69691       -0.04754   1   9
        3.69691        0.23722   1  10
        3.69691        0.23722   1  11
        3.69691        0.27009   1  12
        3.69691        0.37002   1  13
        3.69691        0.57733   1  14
        3.73857       -0.38904   1   1
        3.73857       -0.38015   1   2
        3.73857       -0.35528   1   3
        3.73857       -0.25870   1   4
        3.73857       -0.25870   1   5
        3.73857       -0.17592   1   6
        3.73857       -0.15520   1   7
        3.73857       -0.15520   1   8
        3.73857       -0.04786   1   9
        3.73857        0.23536   1  10
        3.73857        0.23536   1  11
        3.73857        0.26938   1  12
        3.73857        0.35687   1  13
        3.73857        0.57732   1  14
        3.78024       -0.39023   1   1
        3.78024       -0.38019   1   2
        3.78024       -0.35530   1   3
        3.78024       -0.25648   1   4
        3.78024       -0.25648   1   5
        3.78024       -0.17172   1   6
        3.78024       -0.15830   1   7
        3.78024       -0.15830   1   8
        3.78024       -0.04797   1   9
        3.78024        0.23473   1  10
        3.78024        0.23473   1  11
        3.78024        0.26914   1  12
        3.78024        0.35231   1  13
        3.78024        0.57732   1  14
