    1      0.000000000000000      0.000000000000000      0.000000000000000     0.000000  <-- isyml= 001
    2      0.000000000000000     -0.041666666666667      0.000000000000000     0.041667 
    3      0.000000000000000     -0.083333333333333      0.000000000000000     0.083333 
    4      0.000000000000000     -0.125000000000000      0.000000000000000     0.125000 
    5      0.000000000000000     -0.166666666666667      0.000000000000000     0.166667 
    6      0.000000000000000     -0.208333333333333      0.000000000000000     0.208333 
    7      0.000000000000000     -0.250000000000000      0.000000000000000     0.250000 
    8      0.000000000000000     -0.291666666666667      0.000000000000000     0.291667 
    9      0.000000000000000     -0.333333333333333      0.000000000000000     0.333333 
   10      0.000000000000000     -0.375000000000000      0.000000000000000     0.375000 
   11      0.000000000000000     -0.416666666666667      0.000000000000000     0.416667 
   12      0.000000000000000     -0.458333333333333      0.000000000000000     0.458333 
   13      0.000000000000000     -0.500000000000000      0.000000000000000     0.500000 

   14      0.000000000000000     -0.500000000000000      0.000000000000000     0.500000  <-- isyml= 002
   15     -0.041666666666667     -0.500000000000000      0.000000000000000     0.541667 
   16     -0.083333333333333     -0.500000000000000      0.000000000000000     0.583333 
   17     -0.125000000000000     -0.500000000000000      0.000000000000000     0.625000 
   18     -0.166666666666667     -0.500000000000000      0.000000000000000     0.666667 
   19     -0.208333333333333     -0.500000000000000      0.000000000000000     0.708333 
   20     -0.250000000000000     -0.500000000000000      0.000000000000000     0.750000 
   21     -0.291666666666667     -0.500000000000000      0.000000000000000     0.791667 
   22     -0.333333333333333     -0.500000000000000      0.000000000000000     0.833333 
   23     -0.375000000000000     -0.500000000000000      0.000000000000000     0.875000 
   24     -0.416666666666667     -0.500000000000000      0.000000000000000     0.916667 
   25     -0.458333333333333     -0.500000000000000      0.000000000000000     0.958333 
   26     -0.500000000000000     -0.500000000000000      0.000000000000000     1.000000 

   27     -0.500000000000000     -0.500000000000000      0.000000000000000     1.000000  <-- isyml= 003
   28     -0.470588235294118     -0.470588235294118      0.000000000000000     1.041595 
   29     -0.441176470588235     -0.441176470588235      0.000000000000000     1.083189 
   30     -0.411764705882353     -0.411764705882353      0.000000000000000     1.124784 
   31     -0.382352941176471     -0.382352941176471      0.000000000000000     1.166378 
   32     -0.352941176470588     -0.352941176470588      0.000000000000000     1.207973 
   33     -0.323529411764706     -0.323529411764706      0.000000000000000     1.249567 
   34     -0.294117647058824     -0.294117647058824      0.000000000000000     1.291162 
   35     -0.264705882352941     -0.264705882352941      0.000000000000000     1.332756 
   36     -0.235294117647059     -0.235294117647059      0.000000000000000     1.374351 
   37     -0.205882352941176     -0.205882352941176      0.000000000000000     1.415945 
   38     -0.176470588235294     -0.176470588235294      0.000000000000000     1.457540 
   39     -0.147058823529412     -0.147058823529412      0.000000000000000     1.499134 
   40     -0.117647058823529     -0.117647058823529      0.000000000000000     1.540729 
   41     -0.088235294117647     -0.088235294117647      0.000000000000000     1.582323 
   42     -0.058823529411765     -0.058823529411765      0.000000000000000     1.623918 
   43     -0.029411764705882     -0.029411764705882      0.000000000000000     1.665512 
   44      0.000000000000000      0.000000000000000      0.000000000000000     1.707107 

   45      0.000000000000000      0.000000000000000      0.000000000000000     1.707107  <-- isyml= 004
   46     -0.023809523809524     -0.023809523809524     -0.023809523809524     1.748346 
   47     -0.047619047619048     -0.047619047619048     -0.047619047619048     1.789585 
   48     -0.071428571428571     -0.071428571428571     -0.071428571428571     1.830825 
   49     -0.095238095238095     -0.095238095238095     -0.095238095238095     1.872064 
   50     -0.119047619047619     -0.119047619047619     -0.119047619047619     1.913303 
   51     -0.142857142857143     -0.142857142857143     -0.142857142857143     1.954543 
   52     -0.166666666666667     -0.166666666666667     -0.166666666666667     1.995782 
   53     -0.190476190476190     -0.190476190476190     -0.190476190476190     2.037021 
   54     -0.214285714285714     -0.214285714285714     -0.214285714285714     2.078261 
   55     -0.238095238095238     -0.238095238095238     -0.238095238095238     2.119500 
   56     -0.261904761904762     -0.261904761904762     -0.261904761904762     2.160739 
   57     -0.285714285714286     -0.285714285714286     -0.285714285714286     2.201978 
   58     -0.309523809523810     -0.309523809523810     -0.309523809523810     2.243218 
   59     -0.333333333333333     -0.333333333333333     -0.333333333333333     2.284457 
   60     -0.357142857142857     -0.357142857142857     -0.357142857142857     2.325696 
   61     -0.380952380952381     -0.380952380952381     -0.380952380952381     2.366936 
   62     -0.404761904761905     -0.404761904761905     -0.404761904761905     2.408175 
   63     -0.428571428571429     -0.428571428571429     -0.428571428571429     2.449414 
   64     -0.452380952380952     -0.452380952380952     -0.452380952380952     2.490654 
   65     -0.476190476190476     -0.476190476190476     -0.476190476190476     2.531893 
   66     -0.500000000000000     -0.500000000000000     -0.500000000000000     2.573132 

   67     -0.500000000000000     -0.500000000000000     -0.500000000000000     2.573132  <-- isyml= 005
   68     -0.470588235294118     -0.500000000000000     -0.470588235294118     2.614727 
   69     -0.441176470588235     -0.500000000000000     -0.441176470588235     2.656321 
   70     -0.411764705882353     -0.500000000000000     -0.411764705882353     2.697916 
   71     -0.382352941176471     -0.500000000000000     -0.382352941176471     2.739510 
   72     -0.352941176470588     -0.500000000000000     -0.352941176470588     2.781105 
   73     -0.323529411764706     -0.500000000000000     -0.323529411764706     2.822699 
   74     -0.294117647058824     -0.500000000000000     -0.294117647058824     2.864294 
   75     -0.264705882352941     -0.500000000000000     -0.264705882352941     2.905888 
   76     -0.235294117647059     -0.500000000000000     -0.235294117647059     2.947483 
   77     -0.205882352941176     -0.500000000000000     -0.205882352941176     2.989077 
   78     -0.176470588235294     -0.500000000000000     -0.176470588235294     3.030672 
   79     -0.147058823529412     -0.500000000000000     -0.147058823529412     3.072266 
   80     -0.117647058823529     -0.500000000000000     -0.117647058823529     3.113861 
   81     -0.088235294117647     -0.500000000000000     -0.088235294117647     3.155455 
   82     -0.058823529411765     -0.500000000000000     -0.058823529411765     3.197050 
   83     -0.029411764705882     -0.500000000000000     -0.029411764705882     3.238644 
   84      0.000000000000000     -0.500000000000000      0.000000000000000     3.280239 

   85     -0.500000000000000     -0.500000000000000     -0.500000000000000     3.280239  <-- isyml= 006
   86     -0.500000000000000     -0.500000000000000     -0.458333333333333     3.321906 
   87     -0.500000000000000     -0.500000000000000     -0.416666666666667     3.363572 
   88     -0.500000000000000     -0.500000000000000     -0.375000000000000     3.405239 
   89     -0.500000000000000     -0.500000000000000     -0.333333333333333     3.446906 
   90     -0.500000000000000     -0.500000000000000     -0.291666666666667     3.488572 
   91     -0.500000000000000     -0.500000000000000     -0.250000000000000     3.530239 
   92     -0.500000000000000     -0.500000000000000     -0.208333333333333     3.571906 
   93     -0.500000000000000     -0.500000000000000     -0.166666666666667     3.613572 
   94     -0.500000000000000     -0.500000000000000     -0.125000000000000     3.655239 
   95     -0.500000000000000     -0.500000000000000     -0.083333333333333     3.696906 
   96     -0.500000000000000     -0.500000000000000     -0.041666666666667     3.738572 
   97     -0.500000000000000     -0.500000000000000      0.000000000000000     3.780239 

