        0.00000       -0.27674   1   1
        0.00000       -0.27346   1   2
        0.00000       -0.17146   1   3
        0.00000       -0.16407   1   4
        0.00000       -0.16357   1   5
        0.00000       -0.00743   1   6
        0.00000        0.00260   1   7
        0.00000        0.00269   1   8
        0.00000        0.09859   1   9
        0.00000        0.15432   1  10
        0.00000        0.15516   1  11
        0.00000        0.19559   1  12
        0.00000        0.22695   1  13
        0.00000        0.24801   1  14
        0.00000        0.25201   1  15
        0.00000        0.25365   1  16
        0.00000        0.27374   1  17
        0.00000        0.41616   1  18
        0.00000        0.43476   1  19
        0.00000        0.63851   1  20
        0.00000        0.63936   1  21
        0.00000        0.71976   1  22
        0.07071       -0.27460   1   1
        0.07071       -0.27053   1   2
        0.07071       -0.17034   1   3
        0.07071       -0.16429   1   4
        0.07071       -0.16094   1   5
        0.07071       -0.00804   1   6
        0.07071       -0.00467   1   7
        0.07071        0.00259   1   8
        0.07071        0.09382   1   9
        0.07071        0.14527   1  10
        0.07071        0.14899   1  11
        0.07071        0.19406   1  12
        0.07071        0.22918   1  13
        0.07071        0.25171   1  14
        0.07071        0.25235   1  15
        0.07071        0.25882   1  16
        0.07071        0.27766   1  17
        0.07071        0.41430   1  18
        0.07071        0.44001   1  19
        0.07071        0.63489   1  20
        0.07071        0.63795   1  21
        0.07071        0.72017   1  22
        0.14142       -0.27348   1   1
        0.14142       -0.25813   1   2
        0.14142       -0.16694   1   3
        0.14142       -0.16468   1   4
        0.14142       -0.15636   1   5
        0.14142       -0.02381   1   6
        0.14142       -0.01009   1   7
        0.14142        0.00287   1   8
        0.14142        0.08349   1   9
        0.14142        0.12410   1  10
        0.14142        0.13410   1  11
        0.14142        0.18920   1  12
        0.14142        0.23259   1  13
        0.14142        0.25153   1  14
        0.14142        0.26397   1  15
        0.14142        0.27119   1  16
        0.14142        0.28617   1  17
        0.14142        0.40925   1  18
        0.14142        0.45309   1  19
        0.14142        0.62588   1  20
        0.14142        0.63701   1  21
        0.14142        0.71700   1  22
        0.21213       -0.27409   1   1
        0.21213       -0.23919   1   2
        0.21213       -0.16497   1   3
        0.21213       -0.15856   1   4
        0.21213       -0.15432   1   5
        0.21213       -0.05096   1   6
        0.21213       -0.01204   1   7
        0.21213        0.00393   1   8
        0.21213        0.07337   1   9
        0.21213        0.10122   1  10
        0.21213        0.11596   1  11
        0.21213        0.18125   1  12
        0.21213        0.23567   1  13
        0.21213        0.25217   1  14
        0.21213        0.27929   1  15
        0.21213        0.28493   1  16
        0.21213        0.29336   1  17
        0.21213        0.40232   1  18
        0.21213        0.47107   1  19
        0.21213        0.61806   1  20
        0.21213        0.63689   1  21
        0.21213        0.70521   1  22
        0.28284       -0.27465   1   1
        0.28284       -0.22073   1   2
        0.28284       -0.16554   1   3
        0.28284       -0.15401   1   4
        0.28284       -0.14152   1   5
        0.28284       -0.07955   1   6
        0.28284       -0.01127   1   7
        0.28284        0.00578   1   8
        0.28284        0.06529   1   9
        0.28284        0.08173   1  10
        0.28284        0.10134   1  11
        0.28284        0.17094   1  12
        0.28284        0.23697   1  13
        0.28284        0.25297   1  14
        0.28284        0.29572   1  15
        0.28284        0.29629   1  16
        0.28284        0.29647   1  17
        0.28284        0.39475   1  18
        0.28284        0.49217   1  19
        0.28284        0.61189   1  20
        0.28284        0.63758   1  21
        0.28284        0.68662   1  22
        0.35355       -0.27404   1   1
        0.35355       -0.21479   1   2
        0.35355       -0.16661   1   3
        0.35355       -0.15397   1   4
        0.35355       -0.11857   1   5
        0.35355       -0.08991   1   6
        0.35355       -0.00680   1   7
        0.35355        0.00797   1   8
        0.35355        0.05965   1   9
        0.35355        0.06718   1  10
        0.35355        0.08871   1  11
        0.35355        0.15798   1  12
        0.35355        0.23668   1  13
        0.35355        0.25329   1  14
        0.35355        0.29656   1  15
        0.35355        0.29996   1  16
        0.35355        0.31498   1  17
        0.35355        0.38741   1  18
        0.35355        0.51218   1  19
        0.35355        0.60871   1  20
        0.35355        0.63772   1  21
        0.35355        0.66310   1  22
        0.42426       -0.27377   1   1
        0.42426       -0.22452   1   2
        0.42426       -0.16765   1   3
        0.42426       -0.15656   1   4
        0.42426       -0.09600   1   5
        0.42426       -0.07224   1   6
        0.42426        0.00235   1   7
        0.42426        0.01040   1   8
        0.42426        0.05607   1   9
        0.42426        0.05796   1  10
        0.42426        0.07388   1  11
        0.42426        0.14204   1  12
        0.42426        0.23678   1  13
        0.42426        0.25338   1  14
        0.42426        0.29288   1  15
        0.42426        0.29550   1  16
        0.42426        0.33366   1  17
        0.42426        0.38125   1  18
        0.42426        0.52957   1  19
        0.42426        0.61133   1  20
        0.42426        0.63392   1  21
        0.42426        0.63647   1  22
        0.49497       -0.27468   1   1
        0.49497       -0.23896   1   2
        0.49497       -0.16817   1   3
        0.49497       -0.16225   1   4
        0.49497       -0.07441   1   5
        0.49497       -0.04505   1   6
        0.49497        0.01324   1   7
        0.49497        0.01640   1   8
        0.49497        0.05348   1   9
        0.49497        0.05670   1  10
        0.49497        0.05819   1  11
        0.49497        0.12441   1  12
        0.49497        0.23716   1  13
        0.49497        0.25347   1  14
        0.49497        0.28139   1  15
        0.49497        0.28463   1  16
        0.49497        0.34947   1  17
        0.49497        0.37715   1  18
        0.49497        0.54599   1  19
        0.49497        0.60365   1  20
        0.49497        0.61789   1  21
        0.49497        0.63505   1  22
        0.56569       -0.27513   1   1
        0.56569       -0.25474   1   2
        0.56569       -0.16847   1   3
        0.56569       -0.16710   1   4
        0.56569       -0.05105   1   5
        0.56569       -0.02478   1   6
        0.56569        0.01591   1   7
        0.56569        0.03243   1   8
        0.56569        0.04350   1   9
        0.56569        0.05185   1  10
        0.56569        0.06662   1  11
        0.56569        0.10827   1  12
        0.56569        0.23665   1  13
        0.56569        0.25357   1  14
        0.56569        0.26269   1  15
        0.56569        0.27135   1  16
        0.56569        0.36092   1  17
        0.56569        0.37477   1  18
        0.56569        0.55879   1  19
        0.56569        0.58084   1  20
        0.56569        0.62592   1  21
        0.56569        0.63533   1  22
        0.63640       -0.27416   1   1
        0.63640       -0.26894   1   2
        0.63640       -0.16890   1   3
        0.63640       -0.16880   1   4
        0.63640       -0.02787   1   5
        0.63640       -0.01564   1   6
        0.63640        0.01746   1   7
        0.63640        0.02813   1   8
        0.63640        0.04557   1   9
        0.63640        0.05139   1  10
        0.63640        0.08441   1  11
        0.63640        0.09776   1  12
        0.63640        0.23573   1  13
        0.63640        0.24413   1  14
        0.63640        0.25372   1  15
        0.63640        0.25988   1  16
        0.63640        0.36818   1  17
        0.63640        0.37269   1  18
        0.63640        0.56415   1  19
        0.63640        0.56863   1  20
        0.63640        0.63413   1  21
        0.63640        0.63716   1  22
        0.70711       -0.27493   1   1
        0.70711       -0.27335   1   2
        0.70711       -0.16916   1   3
        0.70711       -0.16889   1   4
        0.70711       -0.01509   1   5
        0.70711       -0.01355   1   6
        0.70711        0.01763   1   7
        0.70711        0.01829   1   8
        0.70711        0.05072   1   9
        0.70711        0.05145   1  10
        0.70711        0.09439   1  11
        0.70711        0.09442   1  12
        0.70711        0.23524   1  13
        0.70711        0.23580   1  14
        0.70711        0.25383   1  15
        0.70711        0.25521   1  16
        0.70711        0.37086   1  17
        0.70711        0.37156   1  18
        0.70711        0.56480   1  19
        0.70711        0.56503   1  20
        0.70711        0.63801   1  21
        0.70711        0.63824   1  22
        0.70711       -0.27493   1   1
        0.70711       -0.27335   1   2
        0.70711       -0.16916   1   3
        0.70711       -0.16889   1   4
        0.70711       -0.01509   1   5
        0.70711       -0.01355   1   6
        0.70711        0.01763   1   7
        0.70711        0.01829   1   8
        0.70711        0.05072   1   9
        0.70711        0.05145   1  10
        0.70711        0.09439   1  11
        0.70711        0.09442   1  12
        0.70711        0.23524   1  13
        0.70711        0.23580   1  14
        0.70711        0.25383   1  15
        0.70711        0.25521   1  16
        0.70711        0.37086   1  17
        0.70711        0.37156   1  18
        0.70711        0.56480   1  19
        0.70711        0.56503   1  20
        0.70711        0.63801   1  21
        0.70711        0.63824   1  22
        0.70711       -0.27493   1   1
        0.70711       -0.27335   1   2
        0.70711       -0.16916   1   3
        0.70711       -0.16889   1   4
        0.70711       -0.01509   1   5
        0.70711       -0.01355   1   6
        0.70711        0.01763   1   7
        0.70711        0.01829   1   8
        0.70711        0.05072   1   9
        0.70711        0.05145   1  10
        0.70711        0.09439   1  11
        0.70711        0.09442   1  12
        0.70711        0.23524   1  13
        0.70711        0.23580   1  14
        0.70711        0.25383   1  15
        0.70711        0.25521   1  16
        0.70711        0.37086   1  17
        0.70711        0.37156   1  18
        0.70711        0.56480   1  19
        0.70711        0.56503   1  20
        0.70711        0.63801   1  21
        0.70711        0.63824   1  22
        0.70711       -0.27493   1   1
        0.70711       -0.27335   1   2
        0.70711       -0.16916   1   3
        0.70711       -0.16889   1   4
        0.70711       -0.01509   1   5
        0.70711       -0.01355   1   6
        0.70711        0.01763   1   7
        0.70711        0.01829   1   8
        0.70711        0.05072   1   9
        0.70711        0.05145   1  10
        0.70711        0.09439   1  11
        0.70711        0.09442   1  12
        0.70711        0.23524   1  13
        0.70711        0.23580   1  14
        0.70711        0.25383   1  15
        0.70711        0.25521   1  16
        0.70711        0.37086   1  17
        0.70711        0.37156   1  18
        0.70711        0.56480   1  19
        0.70711        0.56503   1  20
        0.70711        0.63801   1  21
        0.70711        0.63824   1  22
        0.70711       -0.27493   1   1
        0.70711       -0.27335   1   2
        0.70711       -0.16916   1   3
        0.70711       -0.16889   1   4
        0.70711       -0.01509   1   5
        0.70711       -0.01355   1   6
        0.70711        0.01763   1   7
        0.70711        0.01829   1   8
        0.70711        0.05072   1   9
        0.70711        0.05145   1  10
        0.70711        0.09439   1  11
        0.70711        0.09442   1  12
        0.70711        0.23524   1  13
        0.70711        0.23580   1  14
        0.70711        0.25383   1  15
        0.70711        0.25521   1  16
        0.70711        0.37086   1  17
        0.70711        0.37156   1  18
        0.70711        0.56480   1  19
        0.70711        0.56503   1  20
        0.70711        0.63801   1  21
        0.70711        0.63824   1  22
        0.77782       -0.27570   1   1
        0.77782       -0.26793   1   2
        0.77782       -0.16908   1   3
        0.77782       -0.16859   1   4
        0.77782       -0.02529   1   5
        0.77782       -0.01660   1   6
        0.77782        0.01825   1   7
        0.77782        0.02739   1   8
        0.77782        0.04610   1   9
        0.77782        0.05062   1  10
        0.77782        0.08421   1  11
        0.77782        0.09770   1  12
        0.77782        0.23614   1  13
        0.77782        0.24463   1  14
        0.77782        0.25498   1  15
        0.77782        0.25852   1  16
        0.77782        0.36844   1  17
        0.77782        0.37166   1  18
        0.77782        0.56430   1  19
        0.77782        0.56839   1  20
        0.77782        0.63509   1  21
        0.77782        0.63771   1  22
        0.84853       -0.27653   1   1
        0.84853       -0.25441   1   2
        0.84853       -0.16811   1   3
        0.84853       -0.16727   1   4
        0.84853       -0.04870   1   5
        0.84853       -0.02409   1   6
        0.84853        0.01723   1   7
        0.84853        0.03277   1   8
        0.84853        0.04339   1   9
        0.84853        0.05099   1  10
        0.84853        0.06591   1  11
        0.84853        0.10826   1  12
        0.84853        0.23720   1  13
        0.84853        0.25478   1  14
        0.84853        0.26395   1  15
        0.84853        0.26999   1  16
        0.84853        0.36070   1  17
        0.84853        0.37334   1  18
        0.84853        0.55889   1  19
        0.84853        0.58029   1  20
        0.84853        0.62727   1  21
        0.84853        0.63770   1  22
        0.91924       -0.27564   1   1
        0.91924       -0.23864   1   2
        0.91924       -0.16805   1   3
        0.91924       -0.16225   1   4
        0.91924       -0.07392   1   5
        0.91924       -0.04338   1   6
        0.91924        0.01397   1   7
        0.91924        0.01666   1   8
        0.91924        0.05277   1   9
        0.91924        0.05548   1  10
        0.91924        0.05846   1  11
        0.91924        0.12488   1  12
        0.91924        0.23759   1  13
        0.91924        0.25486   1  14
        0.91924        0.28215   1  15
        0.91924        0.28337   1  16
        0.91924        0.34972   1  17
        0.91924        0.37630   1  18
        0.91924        0.54600   1  19
        0.91924        0.60273   1  20
        0.91924        0.61815   1  21
        0.91924        0.63861   1  22
        0.98995       -0.27458   1   1
        0.98995       -0.22422   1   2
        0.98995       -0.16798   1   3
        0.98995       -0.15681   1   4
        0.98995       -0.09658   1   5
        0.98995       -0.07150   1   6
        0.98995        0.00270   1   7
        0.98995        0.01007   1   8
        0.98995        0.05559   1   9
        0.98995        0.05694   1  10
        0.98995        0.07333   1  11
        0.98995        0.14274   1  12
        0.98995        0.23661   1  13
        0.98995        0.25471   1  14
        0.98995        0.29293   1  15
        0.98995        0.29430   1  16
        0.98995        0.33494   1  17
        0.98995        0.38140   1  18
        0.98995        0.52982   1  19
        0.98995        0.61107   1  20
        0.98995        0.63275   1  21
        0.98995        0.63939   1  22
        1.06066       -0.27529   1   1
        1.06066       -0.21502   1   2
        1.06066       -0.16685   1   3
        1.06066       -0.15458   1   4
        1.06066       -0.11862   1   5
        1.06066       -0.08977   1   6
        1.06066       -0.00640   1   7
        1.06066        0.00722   1   8
        1.06066        0.05929   1   9
        1.06066        0.06648   1  10
        1.06066        0.08752   1  11
        1.06066        0.15830   1  12
        1.06066        0.23608   1  13
        1.06066        0.25445   1  14
        1.06066        0.29646   1  15
        1.06066        0.29861   1  16
        1.06066        0.31649   1  17
        1.06066        0.38785   1  18
        1.06066        0.51278   1  19
        1.06066        0.60875   1  20
        1.06066        0.63942   1  21
        1.06066        0.66185   1  22
        1.13137       -0.27601   1   1
        1.13137       -0.22084   1   2
        1.13137       -0.16518   1   3
        1.13137       -0.15441   1   4
        1.13137       -0.14092   1   5
        1.13137       -0.07888   1   6
        1.13137       -0.01107   1   7
        1.13137        0.00536   1   8
        1.13137        0.06486   1   9
        1.13137        0.08101   1  10
        1.13137        0.10060   1  11
        1.13137        0.17099   1  12
        1.13137        0.23676   1  13
        1.13137        0.25430   1  14
        1.13137        0.29440   1  15
        1.13137        0.29648   1  16
        1.13137        0.29704   1  17
        1.13137        0.39483   1  18
        1.13137        0.49265   1  19
        1.13137        0.61172   1  20
        1.13137        0.63928   1  21
        1.13137        0.68508   1  22
        1.20208       -0.27471   1   1
        1.20208       -0.23838   1   2
        1.20208       -0.16457   1   3
        1.20208       -0.15821   1   4
        1.20208       -0.15450   1   5
        1.20208       -0.04999   1   6
        1.20208       -0.01200   1   7
        1.20208        0.00407   1   8
        1.20208        0.07276   1   9
        1.20208        0.10009   1  10
        1.20208        0.11605   1  11
        1.20208        0.18140   1  12
        1.20208        0.23622   1  13
        1.20208        0.25382   1  14
        1.20208        0.27961   1  15
        1.20208        0.28369   1  16
        1.20208        0.29356   1  17
        1.20208        0.40219   1  18
        1.20208        0.47108   1  19
        1.20208        0.61824   1  20
        1.20208        0.63918   1  21
        1.20208        0.70314   1  22
        1.27279       -0.27340   1   1
        1.27279       -0.25696   1   2
        1.27279       -0.16709   1   3
        1.27279       -0.16466   1   4
        1.27279       -0.15673   1   5
        1.27279       -0.02342   1   6
        1.27279       -0.01009   1   7
        1.27279        0.00326   1   8
        1.27279        0.08290   1   9
        1.27279        0.12279   1  10
        1.27279        0.13455   1  11
        1.27279        0.18938   1  12
        1.27279        0.23344   1  13
        1.27279        0.25322   1  14
        1.27279        0.26454   1  15
        1.27279        0.26996   1  16
        1.27279        0.28653   1  17
        1.27279        0.40926   1  18
        1.27279        0.45284   1  19
        1.27279        0.62674   1  20
        1.27279        0.63907   1  21
        1.27279        0.71514   1  22
        1.34350       -0.27463   1   1
        1.34350       -0.26987   1   2
        1.34350       -0.17050   1   3
        1.34350       -0.16411   1   4
        1.34350       -0.16144   1   5
        1.34350       -0.00805   1   6
        1.34350       -0.00478   1   7
        1.34350        0.00284   1   8
        1.34350        0.09355   1   9
        1.34350        0.14421   1  10
        1.34350        0.14961   1  11
        1.34350        0.19413   1  12
        1.34350        0.22963   1  13
        1.34350        0.25274   1  14
        1.34350        0.25335   1  15
        1.34350        0.25740   1  16
        1.34350        0.27786   1  17
        1.34350        0.41435   1  18
        1.34350        0.43987   1  19
        1.34350        0.63494   1  20
        1.34350        0.63921   1  21
        1.34350        0.71946   1  22
        1.41421       -0.27674   1   1
        1.41421       -0.27346   1   2
        1.41421       -0.17146   1   3
        1.41421       -0.16407   1   4
        1.41421       -0.16357   1   5
        1.41421       -0.00743   1   6
        1.41421        0.00260   1   7
        1.41421        0.00269   1   8
        1.41421        0.09859   1   9
        1.41421        0.15432   1  10
        1.41421        0.15516   1  11
        1.41421        0.19559   1  12
        1.41421        0.22695   1  13
        1.41421        0.24801   1  14
        1.41421        0.25201   1  15
        1.41421        0.25365   1  16
        1.41421        0.27374   1  17
        1.41421        0.41616   1  18
        1.41421        0.43476   1  19
        1.41421        0.63851   1  20
        1.41421        0.63936   1  21
        1.41421        0.71976   1  22
        1.41421       -0.27674   1   1
        1.41421       -0.27346   1   2
        1.41421       -0.17146   1   3
        1.41421       -0.16407   1   4
        1.41421       -0.16357   1   5
        1.41421       -0.00743   1   6
        1.41421        0.00260   1   7
        1.41421        0.00269   1   8
        1.41421        0.09859   1   9
        1.41421        0.15432   1  10
        1.41421        0.15516   1  11
        1.41421        0.19559   1  12
        1.41421        0.22695   1  13
        1.41421        0.24801   1  14
        1.41421        0.25201   1  15
        1.41421        0.25365   1  16
        1.41421        0.27374   1  17
        1.41421        0.41616   1  18
        1.41421        0.43476   1  19
        1.41421        0.63851   1  20
        1.41421        0.63936   1  21
        1.41421        0.71976   1  22
        1.48008       -0.27464   1   1
        1.48008       -0.27188   1   2
        1.48008       -0.17057   1   3
        1.48008       -0.16381   1   4
        1.48008       -0.16330   1   5
        1.48008       -0.01184   1   6
        1.48008        0.00467   1   7
        1.48008        0.00472   1   8
        1.48008        0.09092   1   9
        1.48008        0.14361   1  10
        1.48008        0.14626   1  11
        1.48008        0.19435   1  12
        1.48008        0.23288   1  13
        1.48008        0.24782   1  14
        1.48008        0.25713   1  15
        1.48008        0.25879   1  16
        1.48008        0.27442   1  17
        1.48008        0.41511   1  18
        1.48008        0.43793   1  19
        1.48008        0.63528   1  20
        1.48008        0.63604   1  21
        1.48008        0.71934   1  22
        1.54594       -0.26874   1   1
        1.54594       -0.26734   1   2
        1.54594       -0.16750   1   3
        1.54594       -0.16315   1   4
        1.54594       -0.16263   1   5
        1.54594       -0.02416   1   6
        1.54594        0.01060   1   7
        1.54594        0.01062   1   8
        1.54594        0.07204   1   9
        1.54594        0.11850   1  10
        1.54594        0.12489   1  11
        1.54594        0.19014   1  12
        1.54594        0.24649   1  13
        1.54594        0.24751   1  14
        1.54594        0.26833   1  15
        1.54594        0.27055   1  16
        1.54594        0.27605   1  17
        1.54594        0.41205   1  18
        1.54594        0.44676   1  19
        1.54594        0.62629   1  20
        1.54594        0.62678   1  21
        1.54594        0.71683   1  22
        1.61181       -0.26058   1   1
        1.61181       -0.25983   1   2
        1.61181       -0.16225   1   3
        1.61181       -0.16181   1   4
        1.61181       -0.16124   1   5
        1.61181       -0.04221   1   6
        1.61181        0.01963   1   7
        1.61181        0.01967   1   8
        1.61181        0.04813   1   9
        1.61181        0.08990   1  10
        1.61181        0.09922   1  11
        1.61181        0.18164   1  12
        1.61181        0.24787   1  13
        1.61181        0.26158   1  14
        1.61181        0.27779   1  15
        1.61181        0.28152   1  16
        1.61181        0.28473   1  17
        1.61181        0.40716   1  18
        1.61181        0.45956   1  19
        1.61181        0.61336   1  20
        1.61181        0.61348   1  21
        1.61181        0.70925   1  22
        1.67768       -0.25212   1   1
        1.67768       -0.24925   1   2
        1.67768       -0.16111   1   3
        1.67768       -0.16083   1   4
        1.67768       -0.15073   1   5
        1.67768       -0.06338   1   6
        1.67768        0.02265   1   7
        1.67768        0.03046   1   8
        1.67768        0.03048   1   9
        1.67768        0.06487   1  10
        1.67768        0.07460   1  11
        1.67768        0.16741   1  12
        1.67768        0.24999   1  13
        1.67768        0.27480   1  14
        1.67768        0.27912   1  15
        1.67768        0.29624   1  16
        1.67768        0.30010   1  17
        1.67768        0.40065   1  18
        1.67768        0.47428   1  19
        1.67768        0.59872   1  20
        1.67768        0.59889   1  21
        1.67768        0.69392   1  22
        1.74354       -0.24300   1   1
        1.74354       -0.23765   1   2
        1.74354       -0.15925   1   3
        1.74354       -0.15914   1   4
        1.74354       -0.13550   1   5
        1.74354       -0.08504   1   6
        1.74354       -0.00282   1   7
        1.74354        0.03973   1   8
        1.74354        0.04011   1   9
        1.74354        0.04722   1  10
        1.74354        0.05478   1  11
        1.74354        0.14702   1  12
        1.74354        0.25465   1  13
        1.74354        0.27948   1  14
        1.74354        0.28564   1  15
        1.74354        0.31269   1  16
        1.74354        0.31629   1  17
        1.74354        0.39270   1  18
        1.74354        0.48933   1  19
        1.74354        0.58485   1  20
        1.74354        0.58513   1  21
        1.74354        0.67039   1  22
        1.80941       -0.23395   1   1
        1.80941       -0.22598   1   2
        1.80941       -0.15590   1   3
        1.80941       -0.15590   1   4
        1.80941       -0.11606   1   5
        1.80941       -0.10448   1   6
        1.80941       -0.02737   1   7
        1.80941        0.02883   1   8
        1.80941        0.03067   1   9
        1.80941        0.05353   1  10
        1.80941        0.05486   1  11
        1.80941        0.12174   1  12
        1.80941        0.26183   1  13
        1.80941        0.27968   1  14
        1.80941        0.29339   1  15
        1.80941        0.33005   1  16
        1.80941        0.33245   1  17
        1.80941        0.38339   1  18
        1.80941        0.50376   1  19
        1.80941        0.57332   1  20
        1.80941        0.57346   1  21
        1.80941        0.64133   1  22
        1.87527       -0.22559   1   1
        1.87527       -0.21565   1   2
        1.87527       -0.15038   1   3
        1.87527       -0.15033   1   4
        1.87527       -0.11883   1   5
        1.87527       -0.09378   1   6
        1.87527       -0.05005   1   7
        1.87527        0.01361   1   8
        1.87527        0.01415   1   9
        1.87527        0.06213   1  10
        1.87527        0.06228   1  11
        1.87527        0.09399   1  12
        1.87527        0.27106   1  13
        1.87527        0.27980   1  14
        1.87527        0.29834   1  15
        1.87527        0.34622   1  16
        1.87527        0.34716   1  17
        1.87527        0.37276   1  18
        1.87527        0.51699   1  19
        1.87527        0.56420   1  20
        1.87527        0.56439   1  21
        1.87527        0.61162   1  22
        1.94114       -0.21847   1   1
        1.94114       -0.20865   1   2
        1.94114       -0.14249   1   3
        1.94114       -0.14222   1   4
        1.94114       -0.12563   1   5
        1.94114       -0.07044   1   6
        1.94114       -0.06994   1   7
        1.94114       -0.00365   1   8
        1.94114       -0.00176   1   9
        1.94114        0.06637   1  10
        1.94114        0.06808   1  11
        1.94114        0.06834   1  12
        1.94114        0.28049   1  13
        1.94114        0.28180   1  14
        1.94114        0.30019   1  15
        1.94114        0.35886   1  16
        1.94114        0.35901   1  17
        1.94114        0.36087   1  18
        1.94114        0.52851   1  19
        1.94114        0.55709   1  20
        1.94114        0.55754   1  21
        1.94114        0.58632   1  22
        2.00700       -0.21301   1   1
        2.00700       -0.20584   1   2
        2.00700       -0.13285   1   3
        2.00700       -0.13231   1   4
        2.00700       -0.12466   1   5
        2.00700       -0.08642   1   6
        2.00700       -0.04752   1   7
        2.00700       -0.02032   1   8
        2.00700       -0.01841   1   9
        2.00700        0.04066   1  10
        2.00700        0.07201   1  11
        2.00700        0.07212   1  12
        2.00700        0.28235   1  13
        2.00700        0.29369   1  14
        2.00700        0.29888   1  15
        2.00700        0.34789   1  16
        2.00700        0.36679   1  17
        2.00700        0.36724   1  18
        2.00700        0.53785   1  19
        2.00700        0.55192   1  20
        2.00700        0.55234   1  21
        2.00700        0.56834   1  22
        2.07287       -0.20934   1   1
        2.07287       -0.20580   1   2
        2.07287       -0.12367   1   3
        2.07287       -0.12297   1   4
        2.07287       -0.11860   1   5
        2.07287       -0.09954   1   6
        2.07287       -0.03389   1   7
        2.07287       -0.03264   1   8
        2.07287       -0.02564   1   9
        2.07287        0.01735   1  10
        2.07287        0.07400   1  11
        2.07287        0.07429   1  12
        2.07287        0.28570   1  13
        2.07287        0.29512   1  14
        2.07287        0.30656   1  15
        2.07287        0.33416   1  16
        2.07287        0.37060   1  17
        2.07287        0.37186   1  18
        2.07287        0.54492   1  19
        2.07287        0.54870   1  20
        2.07287        0.54889   1  21
        2.07287        0.55738   1  22
        2.13873       -0.20750   1   1
        2.13873       -0.20663   1   2
        2.13873       -0.11952   1   3
        2.13873       -0.11880   1   4
        2.13873       -0.11017   1   5
        2.13873       -0.10988   1   6
        2.13873       -0.03952   1   7
        2.13873       -0.03867   1   8
        2.13873       -0.00584   1   9
        2.13873       -0.00288   1  10
        2.13873        0.07455   1  11
        2.13873        0.07504   1  12
        2.13873        0.29018   1  13
        2.13873        0.29034   1  14
        2.13873        0.31983   1  15
        2.13873        0.32055   1  16
        2.13873        0.37165   1  17
        2.13873        0.37332   1  18
        2.13873        0.54760   1  19
        2.13873        0.54766   1  20
        2.13873        0.55056   1  21
        2.13873        0.55078   1  22
        2.13873       -0.20750   1   1
        2.13873       -0.20663   1   2
        2.13873       -0.11952   1   3
        2.13873       -0.11880   1   4
        2.13873       -0.11017   1   5
        2.13873       -0.10988   1   6
        2.13873       -0.03952   1   7
        2.13873       -0.03867   1   8
        2.13873       -0.00584   1   9
        2.13873       -0.00288   1  10
        2.13873        0.07455   1  11
        2.13873        0.07504   1  12
        2.13873        0.29018   1  13
        2.13873        0.29034   1  14
        2.13873        0.31983   1  15
        2.13873        0.32055   1  16
        2.13873        0.37165   1  17
        2.13873        0.37332   1  18
        2.13873        0.54760   1  19
        2.13873        0.54766   1  20
        2.13873        0.55056   1  21
        2.13873        0.55078   1  22
        2.20944       -0.20798   1   1
        2.20944       -0.20563   1   2
        2.20944       -0.14596   1   3
        2.20944       -0.12249   1   4
        2.20944       -0.11079   1   5
        2.20944       -0.08006   1   6
        2.20944       -0.04021   1   7
        2.20944       -0.03902   1   8
        2.20944       -0.00264   1   9
        2.20944        0.00252   1  10
        2.20944        0.07244   1  11
        2.20944        0.07510   1  12
        2.20944        0.29029   1  13
        2.20944        0.29058   1  14
        2.20944        0.31530   1  15
        2.20944        0.31854   1  16
        2.20944        0.37077   1  17
        2.20944        0.37594   1  18
        2.20944        0.52198   1  19
        2.20944        0.54780   1  20
        2.20944        0.55228   1  21
        2.20944        0.57620   1  22
        2.28015       -0.20973   1   1
        2.28015       -0.20266   1   2
        2.28015       -0.16666   1   3
        2.28015       -0.13403   1   4
        2.28015       -0.11551   1   5
        2.28015       -0.04836   1   6
        2.28015       -0.04074   1   7
        2.28015       -0.03994   1   8
        2.28015        0.00407   1   9
        2.28015        0.01662   1  10
        2.28015        0.06442   1  11
        2.28015        0.07540   1  12
        2.28015        0.29059   1  13
        2.28015        0.29120   1  14
        2.28015        0.30079   1  15
        2.28015        0.31598   1  16
        2.28015        0.36595   1  17
        2.28015        0.38335   1  18
        2.28015        0.49706   1  19
        2.28015        0.54809   1  20
        2.28015        0.55830   1  21
        2.28015        0.60345   1  22
        2.35086       -0.21237   1   1
        2.35086       -0.19651   1   2
        2.35086       -0.17791   1   3
        2.35086       -0.14979   1   4
        2.35086       -0.12488   1   5
        2.35086       -0.04187   1   6
        2.35086       -0.03982   1   7
        2.35086       -0.02280   1   8
        2.35086        0.01057   1   9
        2.35086        0.03456   1  10
        2.35086        0.05079   1  11
        2.35086        0.07708   1  12
        2.35086        0.28226   1  13
        2.35086        0.29101   1  14
        2.35086        0.29197   1  15
        2.35086        0.31385   1  16
        2.35086        0.35667   1  17
        2.35086        0.39118   1  18
        2.35086        0.47931   1  19
        2.35086        0.54780   1  20
        2.35086        0.56619   1  21
        2.35086        0.62763   1  22
        2.42158       -0.21435   1   1
        2.42158       -0.18652   1   2
        2.42158       -0.18481   1   3
        2.42158       -0.16377   1   4
        2.42158       -0.13634   1   5
        2.42158       -0.04375   1   6
        2.42158       -0.03907   1   7
        2.42158       -0.01151   1   8
        2.42158        0.01797   1   9
        2.42158        0.04316   1  10
        2.42158        0.05237   1  11
        2.42158        0.08385   1  12
        2.42158        0.26460   1  13
        2.42158        0.29145   1  14
        2.42158        0.29269   1  15
        2.42158        0.31156   1  16
        2.42158        0.34749   1  17
        2.42158        0.39441   1  18
        2.42158        0.46978   1  19
        2.42158        0.54656   1  20
        2.42158        0.57144   1  21
        2.42158        0.64500   1  22
        2.49229       -0.21542   1   1
        2.49229       -0.18857   1   2
        2.49229       -0.17646   1   3
        2.49229       -0.17522   1   4
        2.49229       -0.14824   1   5
        2.49229       -0.04309   1   6
        2.49229       -0.03941   1   7
        2.49229       -0.02321   1   8
        2.49229        0.02881   1   9
        2.49229        0.05471   1  10
        2.49229        0.06235   1  11
        2.49229        0.10197   1  12
        2.49229        0.25147   1  13
        2.49229        0.29187   1  14
        2.49229        0.29325   1  15
        2.49229        0.30755   1  16
        2.49229        0.34115   1  17
        2.49229        0.39213   1  18
        2.49229        0.46789   1  19
        2.49229        0.54568   1  20
        2.49229        0.57551   1  21
        2.49229        0.65668   1  22
        2.56300       -0.21528   1   1
        2.56300       -0.18950   1   2
        2.56300       -0.18551   1   3
        2.56300       -0.17283   1   4
        2.56300       -0.15553   1   5
        2.56300       -0.04522   1   6
        2.56300       -0.04087   1   7
        2.56300       -0.03922   1   8
        2.56300        0.04117   1   9
        2.56300        0.06449   1  10
        2.56300        0.07543   1  11
        2.56300        0.12399   1  12
        2.56300        0.24646   1  13
        2.56300        0.29229   1  14
        2.56300        0.29357   1  15
        2.56300        0.30265   1  16
        2.56300        0.33585   1  17
        2.56300        0.38624   1  18
        2.56300        0.47364   1  19
        2.56300        0.54595   1  20
        2.56300        0.58051   1  21
        2.56300        0.66074   1  22
        2.63371       -0.21278   1   1
        2.63371       -0.19271   1   2
        2.63371       -0.19044   1   3
        2.63371       -0.17713   1   4
        2.63371       -0.15258   1   5
        2.63371       -0.07109   1   6
        2.63371       -0.03980   1   7
        2.63371       -0.03785   1   8
        2.63371        0.05100   1   9
        2.63371        0.06503   1  10
        2.63371        0.09864   1  11
        2.63371        0.13658   1  12
        2.63371        0.25161   1  13
        2.63371        0.29271   1  14
        2.63371        0.29361   1  15
        2.63371        0.29900   1  16
        2.63371        0.33093   1  17
        2.63371        0.37687   1  18
        2.63371        0.48656   1  19
        2.63371        0.54608   1  20
        2.63371        0.58296   1  21
        2.63371        0.64945   1  22
        2.70442       -0.20805   1   1
        2.70442       -0.19582   1   2
        2.70442       -0.19190   1   3
        2.70442       -0.18297   1   4
        2.70442       -0.14508   1   5
        2.70442       -0.09889   1   6
        2.70442       -0.03945   1   7
        2.70442       -0.03684   1   8
        2.70442        0.05745   1   9
        2.70442        0.06579   1  10
        2.70442        0.11857   1  11
        2.70442        0.13808   1  12
        2.70442        0.26521   1  13
        2.70442        0.29303   1  14
        2.70442        0.29352   1  15
        2.70442        0.29657   1  16
        2.70442        0.32921   1  17
        2.70442        0.36264   1  18
        2.70442        0.50705   1  19
        2.70442        0.54547   1  20
        2.70442        0.58181   1  21
        2.70442        0.62342   1  22
        2.77513       -0.20213   1   1
        2.77513       -0.19716   1   2
        2.77513       -0.19244   1   3
        2.77513       -0.19005   1   4
        2.77513       -0.13787   1   5
        2.77513       -0.12325   1   6
        2.77513       -0.03766   1   7
        2.77513       -0.03699   1   8
        2.77513        0.06170   1   9
        2.77513        0.06566   1  10
        2.77513        0.13012   1  11
        2.77513        0.13519   1  12
        2.77513        0.28288   1  13
        2.77513        0.29316   1  14
        2.77513        0.29346   1  15
        2.77513        0.29437   1  16
        2.77513        0.33086   1  17
        2.77513        0.34486   1  18
        2.77513        0.53132   1  19
        2.77513        0.54516   1  20
        2.77513        0.58131   1  21
        2.77513        0.59594   1  22
        2.84584       -0.19842   1   1
        2.84584       -0.19778   1   2
        2.84584       -0.19378   1   3
        2.84584       -0.19276   1   4
        2.84584       -0.13485   1   5
        2.84584       -0.13374   1   6
        2.84584       -0.03730   1   7
        2.84584       -0.03638   1   8
        2.84584        0.06338   1   9
        2.84584        0.06517   1  10
        2.84584        0.13353   1  11
        2.84584        0.13368   1  12
        2.84584        0.29318   1  13
        2.84584        0.29328   1  14
        2.84584        0.29345   1  15
        2.84584        0.29400   1  16
        2.84584        0.33207   1  17
        2.84584        0.33365   1  18
        2.84584        0.54523   1  19
        2.84584        0.54524   1  20
        2.84584        0.58182   1  21
        2.84584        0.58203   1  22
        2.84584       -0.19842   1   1
        2.84584       -0.19778   1   2
        2.84584       -0.19378   1   3
        2.84584       -0.19276   1   4
        2.84584       -0.13485   1   5
        2.84584       -0.13374   1   6
        2.84584       -0.03730   1   7
        2.84584       -0.03638   1   8
        2.84584        0.06338   1   9
        2.84584        0.06517   1  10
        2.84584        0.13353   1  11
        2.84584        0.13368   1  12
        2.84584        0.29318   1  13
        2.84584        0.29328   1  14
        2.84584        0.29345   1  15
        2.84584        0.29400   1  16
        2.84584        0.33207   1  17
        2.84584        0.33365   1  18
        2.84584        0.54523   1  19
        2.84584        0.54524   1  20
        2.84584        0.58182   1  21
        2.84584        0.58203   1  22
        2.84584       -0.19842   1   1
        2.84584       -0.19778   1   2
        2.84584       -0.19378   1   3
        2.84584       -0.19276   1   4
        2.84584       -0.13485   1   5
        2.84584       -0.13374   1   6
        2.84584       -0.03730   1   7
        2.84584       -0.03638   1   8
        2.84584        0.06338   1   9
        2.84584        0.06517   1  10
        2.84584        0.13353   1  11
        2.84584        0.13368   1  12
        2.84584        0.29318   1  13
        2.84584        0.29328   1  14
        2.84584        0.29345   1  15
        2.84584        0.29400   1  16
        2.84584        0.33207   1  17
        2.84584        0.33365   1  18
        2.84584        0.54523   1  19
        2.84584        0.54524   1  20
        2.84584        0.58182   1  21
        2.84584        0.58203   1  22
        2.84584       -0.19842   1   1
        2.84584       -0.19778   1   2
        2.84584       -0.19378   1   3
        2.84584       -0.19276   1   4
        2.84584       -0.13485   1   5
        2.84584       -0.13374   1   6
        2.84584       -0.03730   1   7
        2.84584       -0.03638   1   8
        2.84584        0.06338   1   9
        2.84584        0.06517   1  10
        2.84584        0.13353   1  11
        2.84584        0.13368   1  12
        2.84584        0.29318   1  13
        2.84584        0.29328   1  14
        2.84584        0.29345   1  15
        2.84584        0.29400   1  16
        2.84584        0.33207   1  17
        2.84584        0.33365   1  18
        2.84584        0.54523   1  19
        2.84584        0.54524   1  20
        2.84584        0.58182   1  21
        2.84584        0.58203   1  22
        2.84584       -0.19842   1   1
        2.84584       -0.19778   1   2
        2.84584       -0.19378   1   3
        2.84584       -0.19276   1   4
        2.84584       -0.13485   1   5
        2.84584       -0.13374   1   6
        2.84584       -0.03730   1   7
        2.84584       -0.03638   1   8
        2.84584        0.06338   1   9
        2.84584        0.06517   1  10
        2.84584        0.13353   1  11
        2.84584        0.13368   1  12
        2.84584        0.29318   1  13
        2.84584        0.29328   1  14
        2.84584        0.29345   1  15
        2.84584        0.29400   1  16
        2.84584        0.33207   1  17
        2.84584        0.33365   1  18
        2.84584        0.54523   1  19
        2.84584        0.54524   1  20
        2.84584        0.58182   1  21
        2.84584        0.58203   1  22
        2.91170       -0.19843   1   1
        2.91170       -0.19776   1   2
        2.91170       -0.19581   1   3
        2.91170       -0.19509   1   4
        2.91170       -0.13157   1   5
        2.91170       -0.13058   1   6
        2.91170       -0.03463   1   7
        2.91170       -0.03375   1   8
        2.91170        0.06228   1   9
        2.91170        0.06396   1  10
        2.91170        0.13089   1  11
        2.91170        0.13115   1  12
        2.91170        0.29332   1  13
        2.91170        0.29349   1  14
        2.91170        0.29522   1  15
        2.91170        0.29605   1  16
        2.91170        0.33074   1  17
        2.91170        0.33234   1  18
        2.91170        0.54651   1  19
        2.91170        0.54652   1  20
        2.91170        0.58202   1  21
        2.91170        0.58224   1  22
        2.97757       -0.20145   1   1
        2.97757       -0.20117   1   2
        2.97757       -0.19840   1   3
        2.97757       -0.19767   1   4
        2.97757       -0.12221   1   5
        2.97757       -0.12156   1   6
        2.97757       -0.02708   1   7
        2.97757       -0.02633   1   8
        2.97757        0.05913   1   9
        2.97757        0.06060   1  10
        2.97757        0.12342   1  11
        2.97757        0.12389   1  12
        2.97757        0.29336   1  13
        2.97757        0.29343   1  14
        2.97757        0.30086   1  15
        2.97757        0.30179   1  16
        2.97757        0.32690   1  17
        2.97757        0.32852   1  18
        2.97757        0.55013   1  19
        2.97757        0.55016   1  20
        2.97757        0.58251   1  21
        2.97757        0.58276   1  22
        3.04344       -0.20997   1   1
        3.04344       -0.20917   1   2
        3.04344       -0.19815   1   3
        3.04344       -0.19741   1   4
        3.04344       -0.10763   1   5
        3.04344       -0.10738   1   6
        3.04344       -0.01576   1   7
        3.04344       -0.01523   1   8
        3.04344        0.05433   1   9
        3.04344        0.05568   1  10
        3.04344        0.11208   1  11
        3.04344        0.11265   1  12
        3.04344        0.29264   1  13
        3.04344        0.29266   1  14
        3.04344        0.30946   1  15
        3.04344        0.31034   1  16
        3.04344        0.32091   1  17
        3.04344        0.32249   1  18
        3.04344        0.55568   1  19
        3.04344        0.55581   1  20
        3.04344        0.58302   1  21
        3.04344        0.58324   1  22
        3.10930       -0.21977   1   1
        3.10930       -0.21867   1   2
        3.10930       -0.19737   1   3
        3.10930       -0.19673   1   4
        3.10930       -0.08866   1   5
        3.10930       -0.08853   1   6
        3.10930       -0.00198   1   7
        3.10930       -0.00172   1   8
        3.10930        0.04845   1   9
        3.10930        0.04988   1  10
        3.10930        0.09778   1  11
        3.10930        0.09818   1  12
        3.10930        0.29020   1  13
        3.10930        0.29054   1  14
        3.10930        0.31313   1  15
        3.10930        0.31461   1  16
        3.10930        0.31988   1  17
        3.10930        0.32070   1  18
        3.10930        0.56313   1  19
        3.10930        0.56341   1  20
        3.10930        0.58304   1  21
        3.10930        0.58320   1  22
        3.17517       -0.23008   1   1
        3.17517       -0.22907   1   2
        3.17517       -0.19571   1   3
        3.17517       -0.19524   1   4
        3.17517       -0.06600   1   5
        3.17517       -0.06588   1   6
        3.17517        0.01320   1   7
        3.17517        0.01322   1   8
        3.17517        0.04198   1   9
        3.17517        0.04379   1  10
        3.17517        0.08112   1  11
        3.17517        0.08116   1  12
        3.17517        0.28546   1  13
        3.17517        0.28636   1  14
        3.17517        0.30389   1  15
        3.17517        0.30525   1  16
        3.17517        0.33102   1  17
        3.17517        0.33181   1  18
        3.17517        0.57290   1  19
        3.17517        0.57328   1  20
        3.17517        0.58205   1  21
        3.17517        0.58217   1  22
        3.24103       -0.24053   1   1
        3.24103       -0.23977   1   2
        3.24103       -0.19279   1   3
        3.24103       -0.19248   1   4
        3.24103       -0.04092   1   5
        3.24103       -0.04067   1   6
        3.24103        0.02833   1   7
        3.24103        0.02858   1   8
        3.24103        0.03545   1   9
        3.24103        0.03776   1  10
        3.24103        0.06292   1  11
        3.24103        0.06333   1  12
        3.24103        0.27827   1  13
        3.24103        0.27960   1  14
        3.24103        0.29350   1  15
        3.24103        0.29479   1  16
        3.24103        0.34191   1  17
        3.24103        0.34265   1  18
        3.24103        0.57976   1  19
        3.24103        0.57990   1  20
        3.24103        0.58521   1  21
        3.24103        0.58556   1  22
        3.30690       -0.25075   1   1
        3.30690       -0.25013   1   2
        3.30690       -0.18836   1   3
        3.30690       -0.18816   1   4
        3.30690       -0.01514   1   5
        3.30690       -0.01450   1   6
        3.30690        0.02943   1   7
        3.30690        0.03195   1   8
        3.30690        0.03382   1   9
        3.30690        0.03451   1  10
        3.30690        0.05376   1  11
        3.30690        0.05461   1  12
        3.30690        0.26890   1  13
        3.30690        0.27027   1  14
        3.30690        0.28246   1  15
        3.30690        0.28376   1  16
        3.30690        0.35173   1  17
        3.30690        0.35244   1  18
        3.30690        0.57629   1  19
        3.30690        0.57650   1  20
        3.30690        0.59946   1  21
        3.30690        0.59965   1  22
        3.37276       -0.26016   1   1
        3.37276       -0.25942   1   2
        3.37276       -0.18259   1   3
        3.37276       -0.18240   1   4
        3.37276        0.00949   1   5
        3.37276        0.01037   1   6
        3.37276        0.01802   1   7
        3.37276        0.01861   1   8
        3.37276        0.02440   1   9
        3.37276        0.02663   1  10
        3.37276        0.06672   1  11
        3.37276        0.06718   1  12
        3.37276        0.25811   1  13
        3.37276        0.25908   1  14
        3.37276        0.27164   1  15
        3.37276        0.27300   1  16
        3.37276        0.35985   1  17
        3.37276        0.36058   1  18
        3.37276        0.57222   1  19
        3.37276        0.57249   1  20
        3.37276        0.61401   1  21
        3.37276        0.61401   1  22
        3.43863       -0.26793   1   1
        3.43863       -0.26685   1   2
        3.43863       -0.17632   1   3
        3.43863       -0.17609   1   4
        3.43863        0.00128   1   5
        3.43863        0.00225   1   6
        3.43863        0.02067   1   7
        3.43863        0.02224   1   8
        3.43863        0.03062   1   9
        3.43863        0.03152   1  10
        3.43863        0.08079   1  11
        3.43863        0.08104   1  12
        3.43863        0.24736   1  13
        3.43863        0.24767   1  14
        3.43863        0.26236   1  15
        3.43863        0.26377   1  16
        3.43863        0.36589   1  17
        3.43863        0.36662   1  18
        3.43863        0.56843   1  19
        3.43863        0.56870   1  20
        3.43863        0.62649   1  21
        3.43863        0.62663   1  22
        3.50449       -0.27311   1   1
        3.50449       -0.27167   1   2
        3.50449       -0.17118   1   3
        3.50449       -0.17092   1   4
        3.50449       -0.01070   1   5
        3.50449       -0.00933   1   6
        3.50449        0.01840   1   7
        3.50449        0.01932   1   8
        3.50449        0.04534   1   9
        3.50449        0.04614   1  10
        3.50449        0.09080   1  11
        3.50449        0.09086   1  12
        3.50449        0.23871   1  13
        3.50449        0.23903   1  14
        3.50449        0.25606   1  15
        3.50449        0.25746   1  16
        3.50449        0.36961   1  17
        3.50449        0.37032   1  18
        3.50449        0.56576   1  19
        3.50449        0.56601   1  20
        3.50449        0.63499   1  21
        3.50449        0.63520   1  22
        3.57036       -0.27493   1   1
        3.57036       -0.27335   1   2
        3.57036       -0.16916   1   3
        3.57036       -0.16889   1   4
        3.57036       -0.01509   1   5
        3.57036       -0.01355   1   6
        3.57036        0.01763   1   7
        3.57036        0.01829   1   8
        3.57036        0.05072   1   9
        3.57036        0.05145   1  10
        3.57036        0.09439   1  11
        3.57036        0.09442   1  12
        3.57036        0.23524   1  13
        3.57036        0.23580   1  14
        3.57036        0.25383   1  15
        3.57036        0.25521   1  16
        3.57036        0.37086   1  17
        3.57036        0.37156   1  18
        3.57036        0.56480   1  19
        3.57036        0.56503   1  20
        3.57036        0.63801   1  21
        3.57036        0.63824   1  22
        3.57036       -0.27674   1   1
        3.57036       -0.27346   1   2
        3.57036       -0.17146   1   3
        3.57036       -0.16407   1   4
        3.57036       -0.16357   1   5
        3.57036       -0.00743   1   6
        3.57036        0.00260   1   7
        3.57036        0.00269   1   8
        3.57036        0.09859   1   9
        3.57036        0.15432   1  10
        3.57036        0.15516   1  11
        3.57036        0.19559   1  12
        3.57036        0.22695   1  13
        3.57036        0.24801   1  14
        3.57036        0.25201   1  15
        3.57036        0.25365   1  16
        3.57036        0.27374   1  17
        3.57036        0.41616   1  18
        3.57036        0.43476   1  19
        3.57036        0.63851   1  20
        3.57036        0.63936   1  21
        3.57036        0.71976   1  22
        3.64179       -0.27356   1   1
        3.64179       -0.27105   1   2
        3.64179       -0.17026   1   3
        3.64179       -0.16303   1   4
        3.64179       -0.16223   1   5
        3.64179       -0.00799   1   6
        3.64179       -0.00157   1   7
        3.64179       -0.00086   1   8
        3.64179        0.09335   1   9
        3.64179        0.14351   1  10
        3.64179        0.15018   1  11
        3.64179        0.19409   1  12
        3.64179        0.23013   1  13
        3.64179        0.25243   1  14
        3.64179        0.25434   1  15
        3.64179        0.25653   1  16
        3.64179        0.27770   1  17
        3.64179        0.41424   1  18
        3.64179        0.44023   1  19
        3.64179        0.63632   1  20
        3.64179        0.63691   1  21
        3.64179        0.71994   1  22
        3.71322       -0.26523   1   1
        3.71322       -0.26416   1   2
        3.71322       -0.16541   1   3
        3.71322       -0.16099   1   4
        3.71322       -0.15904   1   5
        3.71322       -0.01360   1   6
        3.71322       -0.01025   1   7
        3.71322       -0.00956   1   8
        3.71322        0.08017   1   9
        3.71322        0.11680   1  10
        3.71322        0.14005   1  11
        3.71322        0.18943   1  12
        3.71322        0.23869   1  13
        3.71322        0.25989   1  14
        3.71322        0.26290   1  15
        3.71322        0.26505   1  16
        3.71322        0.28575   1  17
        3.71322        0.40859   1  18
        3.71322        0.45522   1  19
        3.71322        0.63051   1  20
        3.71322        0.63154   1  21
        3.71322        0.71711   1  22
        3.78464       -0.25450   1   1
        3.78464       -0.25365   1   2
        3.78464       -0.15874   1   3
        3.78464       -0.15678   1   4
        3.78464       -0.15441   1   5
        3.78464       -0.03110   1   6
        3.78464       -0.02382   1   7
        3.78464       -0.01132   1   8
        3.78464        0.06396   1   9
        3.78464        0.08400   1  10
        3.78464        0.12956   1  11
        3.78464        0.18194   1  12
        3.78464        0.25130   1  13
        3.78464        0.26799   1  14
        3.78464        0.27604   1  15
        3.78464        0.27655   1  16
        3.78464        0.29276   1  17
        3.78464        0.39981   1  18
        3.78464        0.47737   1  19
        3.78464        0.62370   1  20
        3.78464        0.62591   1  21
        3.78464        0.70518   1  22
        3.85607       -0.24264   1   1
        3.85607       -0.24135   1   2
        3.85607       -0.15686   1   3
        3.85607       -0.15634   1   4
        3.85607       -0.13608   1   5
        3.85607       -0.05029   1   6
        3.85607       -0.04183   1   7
        3.85607       -0.01168   1   8
        3.85607        0.04765   1   9
        3.85607        0.04984   1  10
        3.85607        0.12264   1  11
        3.85607        0.17278   1  12
        3.85607        0.26555   1  13
        3.85607        0.27711   1  14
        3.85607        0.28673   1  15
        3.85607        0.29227   1  16
        3.85607        0.29651   1  17
        3.85607        0.38867   1  18
        3.85607        0.50568   1  19
        3.85607        0.61770   1  20
        3.85607        0.62098   1  21
        3.85607        0.68268   1  22
        3.92750       -0.23059   1   1
        3.92750       -0.22825   1   2
        3.92750       -0.15642   1   3
        3.92750       -0.15527   1   4
        3.92750       -0.11211   1   5
        3.92750       -0.06813   1   6
        3.92750       -0.06311   1   7
        3.92750       -0.00948   1   8
        3.92750        0.01556   1   9
        3.92750        0.03180   1  10
        3.92750        0.12259   1  11
        3.92750        0.16297   1  12
        3.92750        0.27819   1  13
        3.92750        0.28583   1  14
        3.92750        0.29511   1  15
        3.92750        0.29692   1  16
        3.92750        0.30924   1  17
        3.92750        0.37563   1  18
        3.92750        0.53824   1  19
        3.92750        0.61265   1  20
        3.92750        0.61625   1  21
        3.92750        0.65455   1  22
        3.99893       -0.22042   1   1
        3.99893       -0.21665   1   2
        3.99893       -0.15554   1   3
        3.99893       -0.15428   1   4
        3.99893       -0.09041   1   5
        3.99893       -0.08273   1   6
        3.99893       -0.07521   1   7
        3.99893       -0.01836   1   8
        3.99893       -0.00422   1   9
        3.99893        0.01697   1  10
        3.99893        0.12965   1  11
        3.99893        0.15240   1  12
        3.99893        0.28701   1  13
        3.99893        0.29332   1  14
        3.99893        0.29520   1  15
        3.99893        0.29934   1  16
        3.99893        0.32678   1  17
        3.99893        0.36077   1  18
        3.99893        0.57062   1  19
        3.99893        0.60917   1  20
        3.99893        0.61162   1  21
        3.99893        0.62655   1  22
        4.07036       -0.21568   1   1
        4.07036       -0.21220   1   2
        4.07036       -0.15443   1   3
        4.07036       -0.15439   1   4
        4.07036       -0.09077   1   5
        4.07036       -0.09035   1   6
        4.07036       -0.05100   1   7
        4.07036       -0.05011   1   8
        4.07036        0.00447   1   9
        4.07036        0.00468   1  10
        4.07036        0.14071   1  11
        4.07036        0.14084   1  12
        4.07036        0.29198   1  13
        4.07036        0.29236   1  14
        4.07036        0.29785   1  15
        4.07036        0.29903   1  16
        4.07036        0.34424   1  17
        4.07036        0.34427   1  18
        4.07036        0.59951   1  19
        4.07036        0.59969   1  20
        4.07036        0.60869   1  21
        4.07036        0.60872   1  22
        4.07036       -0.21568   1   1
        4.07036       -0.21220   1   2
        4.07036       -0.15443   1   3
        4.07036       -0.15439   1   4
        4.07036       -0.09077   1   5
        4.07036       -0.09035   1   6
        4.07036       -0.05100   1   7
        4.07036       -0.05011   1   8
        4.07036        0.00447   1   9
        4.07036        0.00468   1  10
        4.07036        0.14071   1  11
        4.07036        0.14084   1  12
        4.07036        0.29198   1  13
        4.07036        0.29236   1  14
        4.07036        0.29785   1  15
        4.07036        0.29903   1  16
        4.07036        0.34424   1  17
        4.07036        0.34427   1  18
        4.07036        0.59951   1  19
        4.07036        0.59969   1  20
        4.07036        0.60869   1  21
        4.07036        0.60872   1  22
        4.13622       -0.21462   1   1
        4.13622       -0.21162   1   2
        4.13622       -0.15660   1   3
        4.13622       -0.15632   1   4
        4.13622       -0.08722   1   5
        4.13622       -0.08672   1   6
        4.13622       -0.05221   1   7
        4.13622       -0.05147   1   8
        4.13622        0.00119   1   9
        4.13622        0.00144   1  10
        4.13622        0.14159   1  11
        4.13622        0.14171   1  12
        4.13622        0.28809   1  13
        4.13622        0.28817   1  14
        4.13622        0.30318   1  15
        4.13622        0.30390   1  16
        4.13622        0.34406   1  17
        4.13622        0.34408   1  18
        4.13622        0.59464   1  19
        4.13622        0.59474   1  20
        4.13622        0.60994   1  21
        4.13622        0.61002   1  22
        4.20209       -0.21108   1   1
        4.20209       -0.20937   1   2
        4.20209       -0.16165   1   3
        4.20209       -0.16090   1   4
        4.20209       -0.07863   1   5
        4.20209       -0.07814   1   6
        4.20209       -0.05766   1   7
        4.20209       -0.05717   1   8
        4.20209       -0.00498   1   9
        4.20209       -0.00466   1  10
        4.20209        0.14256   1  11
        4.20209        0.14262   1  12
        4.20209        0.28425   1  13
        4.20209        0.28461   1  14
        4.20209        0.30969   1  15
        4.20209        0.31014   1  16
        4.20209        0.34397   1  17
        4.20209        0.34405   1  18
        4.20209        0.58213   1  19
        4.20209        0.58214   1  20
        4.20209        0.61257   1  21
        4.20209        0.61268   1  22
        4.26795       -0.20426   1   1
        4.26795       -0.20421   1   2
        4.26795       -0.16714   1   3
        4.26795       -0.16609   1   4
        4.26795       -0.07689   1   5
        4.26795       -0.07667   1   6
        4.26795       -0.06278   1   7
        4.26795       -0.06239   1   8
        4.26795       -0.00683   1   9
        4.26795       -0.00650   1  10
        4.26795        0.14064   1  11
        4.26795        0.14066   1  12
        4.26795        0.28256   1  13
        4.26795        0.28319   1  14
        4.26795        0.31396   1  15
        4.26795        0.31400   1  16
        4.26795        0.34521   1  17
        4.26795        0.34553   1  18
        4.26795        0.56430   1  19
        4.26795        0.56433   1  20
        4.26795        0.61677   1  21
        4.26795        0.61686   1  22
        4.33382       -0.19512   1   1
        4.33382       -0.19371   1   2
        4.33382       -0.17143   1   3
        4.33382       -0.17051   1   4
        4.33382       -0.09752   1   5
        4.33382       -0.09711   1   6
        4.33382       -0.05377   1   7
        4.33382       -0.05366   1   8
        4.33382       -0.00220   1   9
        4.33382       -0.00199   1  10
        4.33382        0.13469   1  11
        4.33382        0.13480   1  12
        4.33382        0.28084   1  13
        4.33382        0.28152   1  14
        4.33382        0.31545   1  15
        4.33382        0.31575   1  16
        4.33382        0.34862   1  17
        4.33382        0.34932   1  18
        4.33382        0.54394   1  19
        4.33382        0.54400   1  20
        4.33382        0.62300   1  21
        4.33382        0.62305   1  22
        4.39969       -0.18391   1   1
        4.39969       -0.18172   1   2
        4.39969       -0.17241   1   3
        4.39969       -0.17199   1   4
        4.39969       -0.12189   1   5
        4.39969       -0.12129   1   6
        4.39969       -0.04513   1   7
        4.39969       -0.04473   1   8
        4.39969        0.00628   1   9
        4.39969        0.00630   1  10
        4.39969        0.12603   1  11
        4.39969        0.12634   1  12
        4.39969        0.27651   1  13
        4.39969        0.27697   1  14
        4.39969        0.31540   1  15
        4.39969        0.31578   1  16
        4.39969        0.35410   1  17
        4.39969        0.35516   1  18
        4.39969        0.52393   1  19
        4.39969        0.52403   1  20
        4.39969        0.63103   1  21
        4.39969        0.63104   1  22
        4.46555       -0.18117   1   1
        4.46555       -0.18015   1   2
        4.46555       -0.16547   1   3
        4.46555       -0.16489   1   4
        4.46555       -0.13866   1   5
        4.46555       -0.13847   1   6
        4.46555       -0.03766   1   7
        4.46555       -0.03746   1   8
        4.46555        0.01529   1   9
        4.46555        0.01548   1  10
        4.46555        0.11736   1  11
        4.46555        0.11779   1  12
        4.46555        0.26914   1  13
        4.46555        0.26938   1  14
        4.46555        0.31330   1  15
        4.46555        0.31364   1  16
        4.46555        0.36121   1  17
        4.46555        0.36249   1  18
        4.46555        0.50655   1  19
        4.46555        0.50671   1  20
        4.46555        0.63986   1  21
        4.46555        0.63989   1  22
        4.53142       -0.18705   1   1
        4.53142       -0.18701   1   2
        4.53142       -0.16761   1   3
        4.53142       -0.16745   1   4
        4.53142       -0.13072   1   5
        4.53142       -0.13018   1   6
        4.53142       -0.03124   1   7
        4.53142       -0.03081   1   8
        4.53142        0.02234   1   9
        4.53142        0.02269   1  10
        4.53142        0.11154   1  11
        4.53142        0.11184   1  12
        4.53142        0.25992   1  13
        4.53142        0.26011   1  14
        4.53142        0.30877   1  15
        4.53142        0.30909   1  16
        4.53142        0.36897   1  17
        4.53142        0.37035   1  18
        4.53142        0.49291   1  19
        4.53142        0.49314   1  20
        4.53142        0.64823   1  21
        4.53142        0.64823   1  22
        4.59728       -0.19869   1   1
        4.59728       -0.19846   1   2
        4.59728       -0.16816   1   3
        4.59728       -0.16793   1   4
        4.59728       -0.11314   1   5
        4.59728       -0.11275   1   6
        4.59728       -0.02528   1   7
        4.59728       -0.02419   1   8
        4.59728        0.02544   1   9
        4.59728        0.02578   1  10
        4.59728        0.11028   1  11
        4.59728        0.11035   1  12
        4.59728        0.25018   1  13
        4.59728        0.25049   1  14
        4.59728        0.30295   1  15
        4.59728        0.30329   1  16
        4.59728        0.37612   1  17
        4.59728        0.37752   1  18
        4.59728        0.48312   1  19
        4.59728        0.48335   1  20
        4.59728        0.65490   1  21
        4.59728        0.65506   1  22
        4.66315       -0.20806   1   1
        4.66315       -0.20797   1   2
        4.66315       -0.16579   1   3
        4.66315       -0.16564   1   4
        4.66315       -0.09744   1   5
        4.66315       -0.09719   1   6
        4.66315       -0.01883   1   7
        4.66315       -0.01762   1   8
        4.66315        0.02377   1   9
        4.66315        0.02404   1  10
        4.66315        0.11285   1  11
        4.66315        0.11329   1  12
        4.66315        0.24117   1  13
        4.66315        0.24168   1  14
        4.66315        0.29763   1  15
        4.66315        0.29797   1  16
        4.66315        0.38169   1  17
        4.66315        0.38310   1  18
        4.66315        0.47667   1  19
        4.66315        0.47681   1  20
        4.66315        0.65939   1  21
        4.66315        0.65978   1  22
        4.72901       -0.21347   1   1
        4.72901       -0.21338   1   2
        4.72901       -0.16328   1   3
        4.72901       -0.16324   1   4
        4.72901       -0.08693   1   5
        4.72901       -0.08674   1   6
        4.72901       -0.01195   1   7
        4.72901       -0.01141   1   8
        4.72901        0.01870   1   9
        4.72901        0.01918   1  10
        4.72901        0.11684   1  11
        4.72901        0.11751   1  12
        4.72901        0.23446   1  13
        4.72901        0.23512   1  14
        4.72901        0.29416   1  15
        4.72901        0.29446   1  16
        4.72901        0.38519   1  17
        4.72901        0.38658   1  18
        4.72901        0.47301   1  19
        4.72901        0.47305   1  20
        4.72901        0.66182   1  21
        4.72901        0.66241   1  22
        4.79488       -0.21521   1   1
        4.79488       -0.21505   1   2
        4.79488       -0.16225   1   3
        4.79488       -0.16224   1   4
        4.79488       -0.08324   1   5
        4.79488       -0.08308   1   6
        4.79488       -0.00821   1   7
        4.79488       -0.00807   1   8
        4.79488        0.01520   1   9
        4.79488        0.01610   1  10
        4.79488        0.11874   1  11
        4.79488        0.11947   1  12
        4.79488        0.23189   1  13
        4.79488        0.23261   1  14
        4.79488        0.29299   1  15
        4.79488        0.29326   1  16
        4.79488        0.38637   1  17
        4.79488        0.38776   1  18
        4.79488        0.47182   1  19
        4.79488        0.47183   1  20
        4.79488        0.66257   1  21
        4.79488        0.66324   1  22
        4.79488       -0.21521   1   1
        4.79488       -0.21505   1   2
        4.79488       -0.16225   1   3
        4.79488       -0.16224   1   4
        4.79488       -0.08324   1   5
        4.79488       -0.08308   1   6
        4.79488       -0.00821   1   7
        4.79488       -0.00807   1   8
        4.79488        0.01520   1   9
        4.79488        0.01610   1  10
        4.79488        0.11874   1  11
        4.79488        0.11947   1  12
        4.79488        0.23189   1  13
        4.79488        0.23261   1  14
        4.79488        0.29299   1  15
        4.79488        0.29326   1  16
        4.79488        0.38637   1  17
        4.79488        0.38776   1  18
        4.79488        0.47182   1  19
        4.79488        0.47183   1  20
        4.79488        0.66257   1  21
        4.79488        0.66324   1  22
        4.86631       -0.21466   1   1
        4.86631       -0.21430   1   2
        4.86631       -0.16358   1   3
        4.86631       -0.16357   1   4
        4.86631       -0.08181   1   5
        4.86631       -0.08150   1   6
        4.86631       -0.01387   1   7
        4.86631       -0.01382   1   8
        4.86631        0.02069   1   9
        4.86631        0.02159   1  10
        4.86631        0.10598   1  11
        4.86631        0.10671   1  12
        4.86631        0.23880   1  13
        4.86631        0.23950   1  14
        4.86631        0.29288   1  15
        4.86631        0.29315   1  16
        4.86631        0.38588   1  17
        4.86631        0.38724   1  18
        4.86631        0.47392   1  19
        4.86631        0.47406   1  20
        4.86631        0.66126   1  21
        4.86631        0.66186   1  22
        4.93773       -0.21238   1   1
        4.93773       -0.21199   1   2
        4.93773       -0.16714   1   3
        4.93773       -0.16681   1   4
        4.93773       -0.07794   1   5
        4.93773       -0.07758   1   6
        4.93773       -0.02314   1   7
        4.93773       -0.02295   1   8
        4.93773        0.02993   1   9
        4.93773        0.03053   1  10
        4.93773        0.08026   1  11
        4.93773        0.08121   1  12
        4.93773        0.25333   1  13
        4.93773        0.25394   1  14
        4.93773        0.29253   1  15
        4.93773        0.29283   1  16
        4.93773        0.38452   1  17
        4.93773        0.38589   1  18
        4.93773        0.47940   1  19
        4.93773        0.47969   1  20
        4.93773        0.65380   1  21
        4.93773        0.65669   1  22
        5.00916       -0.20837   1   1
        5.00916       -0.20832   1   2
        5.00916       -0.17089   1   3
        5.00916       -0.16917   1   4
        5.00916       -0.07335   1   5
        5.00916       -0.07324   1   6
        5.00916       -0.03092   1   7
        5.00916       -0.03019   1   8
        5.00916        0.03431   1   9
        5.00916        0.03450   1  10
        5.00916        0.06199   1  11
        5.00916        0.06299   1  12
        5.00916        0.27031   1  13
        5.00916        0.27087   1  14
        5.00916        0.29200   1  15
        5.00916        0.29235   1  16
        5.00916        0.38239   1  17
        5.00916        0.38387   1  18
        5.00916        0.48731   1  19
        5.00916        0.48739   1  20
        5.00916        0.63864   1  21
        5.00916        0.64204   1  22
        5.08059       -0.20545   1   1
        5.08059       -0.20542   1   2
        5.08059       -0.16992   1   3
        5.08059       -0.16571   1   4
        5.08059       -0.07131   1   5
        5.08059       -0.07120   1   6
        5.08059       -0.03680   1   7
        5.08059       -0.03575   1   8
        5.08059        0.02452   1   9
        5.08059        0.02519   1  10
        5.08059        0.06343   1  11
        5.08059        0.06345   1  12
        5.08059        0.28850   1  13
        5.08059        0.28896   1  14
        5.08059        0.29171   1  15
        5.08059        0.29197   1  16
        5.08059        0.37938   1  17
        5.08059        0.38095   1  18
        5.08059        0.49801   1  19
        5.08059        0.49812   1  20
        5.08059        0.61664   1  21
        5.08059        0.61816   1  22
        5.15202       -0.20550   1   1
        5.15202       -0.20547   1   2
        5.15202       -0.15912   1   3
        5.15202       -0.15407   1   4
        5.15202       -0.07666   1   5
        5.15202       -0.07641   1   6
        5.15202       -0.03988   1   7
        5.15202       -0.03906   1   8
        5.15202        0.01071   1   9
        5.15202        0.01199   1  10
        5.15202        0.06954   1  11
        5.15202        0.06985   1  12
        5.15202        0.29066   1  13
        5.15202        0.29101   1  14
        5.15202        0.30560   1  15
        5.15202        0.30631   1  16
        5.15202        0.37574   1  17
        5.15202        0.37732   1  18
        5.15202        0.51272   1  19
        5.15202        0.51291   1  20
        5.15202        0.59153   1  21
        5.15202        0.59216   1  22
        5.22345       -0.20686   1   1
        5.22345       -0.20632   1   2
        5.22345       -0.13947   1   3
        5.22345       -0.13647   1   4
        5.22345       -0.09203   1   5
        5.22345       -0.09186   1   6
        5.22345       -0.03994   1   7
        5.22345       -0.03915   1   8
        5.22345       -0.00103   1   9
        5.22345        0.00131   1  10
        5.22345        0.07357   1  11
        5.22345        0.07371   1  12
        5.22345        0.29031   1  13
        5.22345        0.29053   1  14
        5.22345        0.31638   1  15
        5.22345        0.31713   1  16
        5.22345        0.37275   1  17
        5.22345        0.37437   1  18
        5.22345        0.53027   1  19
        5.22345        0.53077   1  20
        5.22345        0.56839   1  21
        5.22345        0.56942   1  22
        5.29488       -0.20750   1   1
        5.29488       -0.20663   1   2
        5.29488       -0.11952   1   3
        5.29488       -0.11880   1   4
        5.29488       -0.11017   1   5
        5.29488       -0.10988   1   6
        5.29488       -0.03952   1   7
        5.29488       -0.03867   1   8
        5.29488       -0.00584   1   9
        5.29488       -0.00288   1  10
        5.29488        0.07455   1  11
        5.29488        0.07504   1  12
        5.29488        0.29018   1  13
        5.29488        0.29034   1  14
        5.29488        0.31983   1  15
        5.29488        0.32055   1  16
        5.29488        0.37165   1  17
        5.29488        0.37332   1  18
        5.29488        0.54760   1  19
        5.29488        0.54766   1  20
        5.29488        0.55056   1  21
        5.29488        0.55078   1  22
        5.29488       -0.20750   1   1
        5.29488       -0.20663   1   2
        5.29488       -0.11952   1   3
        5.29488       -0.11880   1   4
        5.29488       -0.11017   1   5
        5.29488       -0.10988   1   6
        5.29488       -0.03952   1   7
        5.29488       -0.03867   1   8
        5.29488       -0.00584   1   9
        5.29488       -0.00288   1  10
        5.29488        0.07455   1  11
        5.29488        0.07504   1  12
        5.29488        0.29018   1  13
        5.29488        0.29034   1  14
        5.29488        0.31983   1  15
        5.29488        0.32055   1  16
        5.29488        0.37165   1  17
        5.29488        0.37332   1  18
        5.29488        0.54760   1  19
        5.29488        0.54766   1  20
        5.29488        0.55056   1  21
        5.29488        0.55078   1  22
        5.36559       -0.20714   1   1
        5.36559       -0.20582   1   2
        5.36559       -0.14291   1   3
        5.36559       -0.12455   1   4
        5.36559       -0.11182   1   5
        5.36559       -0.08096   1   6
        5.36559       -0.03970   1   7
        5.36559       -0.03933   1   8
        5.36559       -0.00013   1   9
        5.36559        0.00024   1  10
        5.36559        0.07237   1  11
        5.36559        0.07468   1  12
        5.36559        0.29033   1  13
        5.36559        0.29048   1  14
        5.36559        0.31469   1  15
        5.36559        0.31941   1  16
        5.36559        0.37252   1  17
        5.36559        0.37444   1  18
        5.36559        0.52303   1  19
        5.36559        0.54807   1  20
        5.36559        0.55309   1  21
        5.36559        0.57523   1  22
        5.43630       -0.20911   1   1
        5.43630       -0.20138   1   2
        5.43630       -0.16318   1   3
        5.43630       -0.13670   1   4
        5.43630       -0.11709   1   5
        5.43630       -0.04879   1   6
        5.43630       -0.04051   1   7
        5.43630       -0.03987   1   8
        5.43630        0.00577   1   9
        5.43630        0.01518   1  10
        5.43630        0.06397   1  11
        5.43630        0.07497   1  12
        5.43630        0.29080   1  13
        5.43630        0.29083   1  14
        5.43630        0.30041   1  15
        5.43630        0.31695   1  16
        5.43630        0.36772   1  17
        5.43630        0.38192   1  18
        5.43630        0.49798   1  19
        5.43630        0.54858   1  20
        5.43630        0.55934   1  21
        5.43630        0.60342   1  22
        5.50701       -0.21216   1   1
        5.50701       -0.19455   1   2
        5.50701       -0.17706   1   3
        5.50701       -0.15055   1   4
        5.50701       -0.12576   1   5
        5.50701       -0.04231   1   6
        5.50701       -0.03884   1   7
        5.50701       -0.02275   1   8
        5.50701        0.01194   1   9
        5.50701        0.03369   1  10
        5.50701        0.05132   1  11
        5.50701        0.07638   1  12
        5.50701        0.28181   1  13
        5.50701        0.29121   1  14
        5.50701        0.29163   1  15
        5.50701        0.31467   1  16
        5.50701        0.35822   1  17
        5.50701        0.38962   1  18
        5.50701        0.47954   1  19
        5.50701        0.54786   1  20
        5.50701        0.56638   1  21
        5.50701        0.62904   1  22
        5.57772       -0.21463   1   1
        5.57772       -0.18646   1   2
        5.57772       -0.18535   1   3
        5.57772       -0.16318   1   4
        5.57772       -0.13681   1   5
        5.57772       -0.04356   1   6
        5.57772       -0.03765   1   7
        5.57772       -0.01154   1   8
        5.57772        0.01940   1   9
        5.57772        0.04404   1  10
        5.57772        0.05163   1  11
        5.57772        0.08300   1  12
        5.57772        0.26405   1  13
        5.57772        0.29168   1  14
        5.57772        0.29242   1  15
        5.57772        0.31226   1  16
        5.57772        0.34904   1  17
        5.57772        0.39286   1  18
        5.57772        0.46985   1  19
        5.57772        0.54641   1  20
        5.57772        0.57171   1  21
        5.57772        0.64576   1  22
        5.64843       -0.21585   1   1
        5.64843       -0.19093   1   2
        5.64843       -0.17574   1   3
        5.64843       -0.17499   1   4
        5.64843       -0.14854   1   5
        5.64843       -0.04274   1   6
        5.64843       -0.03780   1   7
        5.64843       -0.02297   1   8
        5.64843        0.03011   1   9
        5.64843        0.05431   1  10
        5.64843        0.06104   1  11
        5.64843        0.10147   1  12
        5.64843        0.25121   1  13
        5.64843        0.29215   1  14
        5.64843        0.29299   1  15
        5.64843        0.30831   1  16
        5.64843        0.34296   1  17
        5.64843        0.39072   1  18
        5.64843        0.46816   1  19
        5.64843        0.54582   1  20
        5.64843        0.57678   1  21
        5.64843        0.65509   1  22
        5.71914       -0.21544   1   1
        5.71914       -0.19161   1   2
        5.71914       -0.18556   1   3
        5.71914       -0.17155   1   4
        5.71914       -0.15516   1   5
        5.71914       -0.04504   1   6
        5.71914       -0.04112   1   7
        5.71914       -0.03803   1   8
        5.71914        0.04227   1   9
        5.71914        0.06302   1  10
        5.71914        0.07480   1  11
        5.71914        0.12359   1  12
        5.71914        0.24618   1  13
        5.71914        0.29257   1  14
        5.71914        0.29327   1  15
        5.71914        0.30348   1  16
        5.71914        0.33755   1  17
        5.71914        0.38476   1  18
        5.71914        0.47388   1  19
        5.71914        0.54609   1  20
        5.71914        0.58154   1  21
        5.71914        0.65813   1  22
        5.78985       -0.21265   1   1
        5.78985       -0.19248   1   2
        5.78985       -0.19189   1   3
        5.78985       -0.17599   1   4
        5.78985       -0.15188   1   5
        5.78985       -0.07081   1   6
        5.78985       -0.04037   1   7
        5.78985       -0.03698   1   8
        5.78985        0.05238   1   9
        5.78985        0.06321   1  10
        5.78985        0.09861   1  11
        5.78985        0.13594   1  12
        5.78985        0.25101   1  13
        5.78985        0.29295   1  14
        5.78985        0.29330   1  15
        5.78985        0.29994   1  16
        5.78985        0.33236   1  17
        5.78985        0.37524   1  18
        5.78985        0.48657   1  19
        5.78985        0.54590   1  20
        5.78985        0.58261   1  21
        5.78985        0.64832   1  22
        5.86056       -0.20778   1   1
        5.86056       -0.19569   1   2
        5.86056       -0.19264   1   3
        5.86056       -0.18247   1   4
        5.86056       -0.14474   1   5
        5.86056       -0.09878   1   6
        5.86056       -0.03993   1   7
        5.86056       -0.03584   1   8
        5.86056        0.05931   1   9
        5.86056        0.06347   1  10
        5.86056        0.11881   1  11
        5.86056        0.13710   1  12
        5.86056        0.26463   1  13
        5.86056        0.29322   1  14
        5.86056        0.29326   1  15
        5.86056        0.29758   1  16
        5.86056        0.33077   1  17
        5.86056        0.36102   1  18
        5.86056        0.50666   1  19
        5.86056        0.54523   1  20
        5.86056        0.58092   1  21
        5.86056        0.62413   1  22
        5.93127       -0.20183   1   1
        5.93127       -0.19755   1   2
        5.93127       -0.19303   1   3
        5.93127       -0.18940   1   4
        5.93127       -0.13718   1   5
        5.93127       -0.12386   1   6
        5.93127       -0.03839   1   7
        5.93127       -0.03597   1   8
        5.93127        0.06353   1   9
        5.93127        0.06361   1  10
        5.93127        0.13029   1  11
        5.93127        0.13460   1  12
        5.93127        0.28225   1  13
        5.93127        0.29318   1  14
        5.93127        0.29341   1  15
        5.93127        0.29523   1  16
        5.93127        0.33253   1  17
        5.93127        0.34329   1  18
        5.93127        0.53078   1  19
        5.93127        0.54508   1  20
        5.93127        0.58105   1  21
        5.93127        0.59670   1  22
        6.00198       -0.19842   1   1
        6.00198       -0.19778   1   2
        6.00198       -0.19378   1   3
        6.00198       -0.19276   1   4
        6.00198       -0.13485   1   5
        6.00198       -0.13374   1   6
        6.00198       -0.03730   1   7
        6.00198       -0.03638   1   8
        6.00198        0.06338   1   9
        6.00198        0.06517   1  10
        6.00198        0.13353   1  11
        6.00198        0.13368   1  12
        6.00198        0.29318   1  13
        6.00198        0.29328   1  14
        6.00198        0.29345   1  15
        6.00198        0.29400   1  16
        6.00198        0.33207   1  17
        6.00198        0.33365   1  18
        6.00198        0.54523   1  19
        6.00198        0.54524   1  20
        6.00198        0.58182   1  21
        6.00198        0.58203   1  22
