        0.00000       -0.27673   2   1
        0.00000       -0.27348   2   2
        0.00000       -0.17146   2   3
        0.00000       -0.16406   2   4
        0.00000       -0.16357   2   5
        0.00000       -0.00742   2   6
        0.00000        0.00258   2   7
        0.00000        0.00272   2   8
        0.00000        0.09859   2   9
        0.00000        0.15442   2  10
        0.00000        0.15507   2  11
        0.00000        0.19559   2  12
        0.00000        0.22695   2  13
        0.00000        0.24801   2  14
        0.00000        0.25194   2  15
        0.00000        0.25373   2  16
        0.00000        0.27374   2  17
        0.00000        0.41616   2  18
        0.00000        0.43476   2  19
        0.00000        0.63859   2  20
        0.00000        0.63928   2  21
        0.00000        0.71976   2  22
        0.07071       -0.27449   2   1
        0.07071       -0.27001   2   2
        0.07071       -0.17050   2   3
        0.07071       -0.16411   2   4
        0.07071       -0.16144   2   5
        0.07071       -0.00805   2   6
        0.07071       -0.00483   2   7
        0.07071        0.00287   2   8
        0.07071        0.09356   2   9
        0.07071        0.14434   2  10
        0.07071        0.14953   2  11
        0.07071        0.19413   2  12
        0.07071        0.22958   2  13
        0.07071        0.25272   2  14
        0.07071        0.25342   2  15
        0.07071        0.25732   2  16
        0.07071        0.27790   2  17
        0.07071        0.41435   2  18
        0.07071        0.43986   2  19
        0.07071        0.63503   2  20
        0.07071        0.63912   2  21
        0.07071        0.71946   2  22
        0.14142       -0.27323   2   1
        0.14142       -0.25712   2   2
        0.14142       -0.16709   2   3
        0.14142       -0.16466   2   4
        0.14142       -0.15672   2   5
        0.14142       -0.02352   2   6
        0.14142       -0.01012   2   7
        0.14142        0.00329   2   8
        0.14142        0.08294   2   9
        0.14142        0.12297   2  10
        0.14142        0.13450   2  11
        0.14142        0.18937   2  12
        0.14142        0.23333   2  13
        0.14142        0.25330   2  14
        0.14142        0.26449   2  15
        0.14142        0.26986   2  16
        0.14142        0.28664   2  17
        0.14142        0.40928   2  18
        0.14142        0.45281   2  19
        0.14142        0.62684   2  20
        0.14142        0.63898   2  21
        0.14142        0.71514   2  22
        0.21213       -0.27455   2   1
        0.21213       -0.23853   2   2
        0.21213       -0.16457   2   3
        0.21213       -0.15821   2   4
        0.21213       -0.15449   2   5
        0.21213       -0.05014   2   6
        0.21213       -0.01206   2   7
        0.21213        0.00409   2   8
        0.21213        0.07284   2   9
        0.21213        0.10033   2  10
        0.21213        0.11603   2  11
        0.21213        0.18138   2  12
        0.21213        0.23608   2  13
        0.21213        0.25389   2  14
        0.21213        0.27953   2  15
        0.21213        0.28357   2  16
        0.21213        0.29372   2  17
        0.21213        0.40224   2  18
        0.21213        0.47104   2  19
        0.21213        0.61835   2  20
        0.21213        0.63909   2  21
        0.21213        0.70313   2  22
        0.28284       -0.27585   2   1
        0.28284       -0.22097   2   2
        0.28284       -0.16518   2   3
        0.28284       -0.15440   2   4
        0.28284       -0.14094   2   5
        0.28284       -0.07910   2   6
        0.28284       -0.01115   2   7
        0.28284        0.00537   2   8
        0.28284        0.06497   2   9
        0.28284        0.08128   2  10
        0.28284        0.10062   2  11
        0.28284        0.17096   2  12
        0.28284        0.23661   2  13
        0.28284        0.25438   2  14
        0.28284        0.29427   2  15
        0.28284        0.29666   2  16
        0.28284        0.29694   2  17
        0.28284        0.39490   2  18
        0.28284        0.49259   2  19
        0.28284        0.61184   2  20
        0.28284        0.63919   2  21
        0.28284        0.68507   2  22
        0.35355       -0.27512   2   1
        0.35355       -0.21513   2   2
        0.35355       -0.16685   2   3
        0.35355       -0.15457   2   4
        0.35355       -0.11865   2   5
        0.35355       -0.09002   2   6
        0.35355       -0.00650   2   7
        0.35355        0.00723   2   8
        0.35355        0.05942   2   9
        0.35355        0.06676   2  10
        0.35355        0.08755   2  11
        0.35355        0.15828   2  12
        0.35355        0.23594   2  13
        0.35355        0.25452   2  14
        0.35355        0.29664   2  15
        0.35355        0.29846   2  16
        0.35355        0.31636   2  17
        0.35355        0.38796   2  18
        0.35355        0.51272   2  19
        0.35355        0.60888   2  20
        0.35355        0.63933   2  21
        0.35355        0.66184   2  22
        0.42426       -0.27442   2   1
        0.42426       -0.22434   2   2
        0.42426       -0.16798   2   3
        0.42426       -0.15680   2   4
        0.42426       -0.09661   2   5
        0.42426       -0.07173   2   6
        0.42426        0.00257   2   7
        0.42426        0.01007   2   8
        0.42426        0.05573   2   9
        0.42426        0.05721   2  10
        0.42426        0.07336   2  11
        0.42426        0.14272   2  12
        0.42426        0.23647   2  13
        0.42426        0.25479   2  14
        0.42426        0.29310   2  15
        0.42426        0.29416   2  16
        0.42426        0.33479   2  17
        0.42426        0.38154   2  18
        0.42426        0.52977   2  19
        0.42426        0.61119   2  20
        0.42426        0.63274   2  21
        0.42426        0.63930   2  22
        0.49497       -0.27547   2   1
        0.49497       -0.23878   2   2
        0.49497       -0.16805   2   3
        0.49497       -0.16224   2   4
        0.49497       -0.07397   2   5
        0.49497       -0.04355   2   6
        0.49497        0.01396   2   7
        0.49497        0.01653   2   8
        0.49497        0.05293   2   9
        0.49497        0.05569   2  10
        0.49497        0.05849   2  11
        0.49497        0.12488   2  12
        0.49497        0.23746   2  13
        0.49497        0.25493   2  14
        0.49497        0.28229   2  15
        0.49497        0.28325   2  16
        0.49497        0.34957   2  17
        0.49497        0.37646   2  18
        0.49497        0.54596   2  19
        0.49497        0.60273   2  20
        0.49497        0.61827   2  21
        0.49497        0.63852   2  22
        0.56569       -0.27637   2   1
        0.56569       -0.25457   2   2
        0.56569       -0.16812   2   3
        0.56569       -0.16726   2   4
        0.56569       -0.04876   2   5
        0.56569       -0.02413   2   6
        0.56569        0.01720   2   7
        0.56569        0.03263   2   8
        0.56569        0.04341   2   9
        0.56569        0.05115   2  10
        0.56569        0.06599   2  11
        0.56569        0.10829   2  12
        0.56569        0.23707   2  13
        0.56569        0.25485   2  14
        0.56569        0.26408   2  15
        0.56569        0.26989   2  16
        0.56569        0.36058   2  17
        0.56569        0.37347   2  18
        0.56569        0.55886   2  19
        0.56569        0.58029   2  20
        0.56569        0.62737   2  21
        0.56569        0.63761   2  22
        0.63640       -0.27554   2   1
        0.63640       -0.26810   2   2
        0.63640       -0.16908   2   3
        0.63640       -0.16859   2   4
        0.63640       -0.02536   2   5
        0.63640       -0.01653   2   6
        0.63640        0.01822   2   7
        0.63640        0.02741   2   8
        0.63640        0.04595   2   9
        0.63640        0.05077   2  10
        0.63640        0.08417   2  11
        0.63640        0.09777   2  12
        0.63640        0.23602   2  13
        0.63640        0.24474   2  14
        0.63640        0.25505   2  15
        0.63640        0.25845   2  16
        0.63640        0.36835   2  17
        0.63640        0.37176   2  18
        0.63640        0.56429   2  19
        0.63640        0.56839   2  20
        0.63640        0.63519   2  21
        0.63640        0.63762   2  22
        0.70711       -0.27477   2   1
        0.70711       -0.27351   2   2
        0.70711       -0.16915   2   3
        0.70711       -0.16889   2   4
        0.70711       -0.01498   2   5
        0.70711       -0.01365   2   6
        0.70711        0.01782   2   7
        0.70711        0.01810   2   8
        0.70711        0.05090   2   9
        0.70711        0.05127   2  10
        0.70711        0.09431   2  11
        0.70711        0.09450   2  12
        0.70711        0.23540   2  13
        0.70711        0.23564   2  14
        0.70711        0.25375   2  15
        0.70711        0.25528   2  16
        0.70711        0.37094   2  17
        0.70711        0.37147   2  18
        0.70711        0.56486   2  19
        0.70711        0.56496   2  20
        0.70711        0.63792   2  21
        0.70711        0.63833   2  22
        0.70711       -0.27477   2   1
        0.70711       -0.27351   2   2
        0.70711       -0.16915   2   3
        0.70711       -0.16889   2   4
        0.70711       -0.01498   2   5
        0.70711       -0.01365   2   6
        0.70711        0.01782   2   7
        0.70711        0.01810   2   8
        0.70711        0.05090   2   9
        0.70711        0.05127   2  10
        0.70711        0.09431   2  11
        0.70711        0.09450   2  12
        0.70711        0.23540   2  13
        0.70711        0.23564   2  14
        0.70711        0.25375   2  15
        0.70711        0.25528   2  16
        0.70711        0.37094   2  17
        0.70711        0.37147   2  18
        0.70711        0.56486   2  19
        0.70711        0.56496   2  20
        0.70711        0.63792   2  21
        0.70711        0.63833   2  22
        0.70711       -0.27477   2   1
        0.70711       -0.27351   2   2
        0.70711       -0.16915   2   3
        0.70711       -0.16889   2   4
        0.70711       -0.01498   2   5
        0.70711       -0.01365   2   6
        0.70711        0.01782   2   7
        0.70711        0.01810   2   8
        0.70711        0.05090   2   9
        0.70711        0.05127   2  10
        0.70711        0.09431   2  11
        0.70711        0.09450   2  12
        0.70711        0.23540   2  13
        0.70711        0.23564   2  14
        0.70711        0.25375   2  15
        0.70711        0.25528   2  16
        0.70711        0.37094   2  17
        0.70711        0.37147   2  18
        0.70711        0.56486   2  19
        0.70711        0.56496   2  20
        0.70711        0.63792   2  21
        0.70711        0.63833   2  22
        0.70711       -0.27477   2   1
        0.70711       -0.27351   2   2
        0.70711       -0.16915   2   3
        0.70711       -0.16889   2   4
        0.70711       -0.01498   2   5
        0.70711       -0.01365   2   6
        0.70711        0.01782   2   7
        0.70711        0.01810   2   8
        0.70711        0.05090   2   9
        0.70711        0.05127   2  10
        0.70711        0.09431   2  11
        0.70711        0.09450   2  12
        0.70711        0.23540   2  13
        0.70711        0.23564   2  14
        0.70711        0.25375   2  15
        0.70711        0.25528   2  16
        0.70711        0.37094   2  17
        0.70711        0.37147   2  18
        0.70711        0.56486   2  19
        0.70711        0.56496   2  20
        0.70711        0.63792   2  21
        0.70711        0.63833   2  22
        0.70711       -0.27477   2   1
        0.70711       -0.27351   2   2
        0.70711       -0.16915   2   3
        0.70711       -0.16889   2   4
        0.70711       -0.01498   2   5
        0.70711       -0.01365   2   6
        0.70711        0.01782   2   7
        0.70711        0.01810   2   8
        0.70711        0.05090   2   9
        0.70711        0.05127   2  10
        0.70711        0.09431   2  11
        0.70711        0.09450   2  12
        0.70711        0.23540   2  13
        0.70711        0.23564   2  14
        0.70711        0.25375   2  15
        0.70711        0.25528   2  16
        0.70711        0.37094   2  17
        0.70711        0.37147   2  18
        0.70711        0.56486   2  19
        0.70711        0.56496   2  20
        0.70711        0.63792   2  21
        0.70711        0.63833   2  22
        0.77782       -0.27432   2   1
        0.77782       -0.26878   2   2
        0.77782       -0.16890   2   3
        0.77782       -0.16880   2   4
        0.77782       -0.02779   2   5
        0.77782       -0.01571   2   6
        0.77782        0.01751   2   7
        0.77782        0.02810   2   8
        0.77782        0.04573   2   9
        0.77782        0.05123   2  10
        0.77782        0.08445   2  11
        0.77782        0.09769   2  12
        0.77782        0.23582   2  13
        0.77782        0.24403   2  14
        0.77782        0.25365   2  15
        0.77782        0.25996   2  16
        0.77782        0.36828   2  17
        0.77782        0.37260   2  18
        0.77782        0.56417   2  19
        0.77782        0.56862   2  20
        0.77782        0.63404   2  21
        0.77782        0.63725   2  22
        0.84853       -0.27529   2   1
        0.84853       -0.25458   2   2
        0.84853       -0.16847   2   3
        0.84853       -0.16711   2   4
        0.84853       -0.05098   2   5
        0.84853       -0.02475   2   6
        0.84853        0.01595   2   7
        0.84853        0.03258   2   8
        0.84853        0.04346   2   9
        0.84853        0.05169   2  10
        0.84853        0.06654   2  11
        0.84853        0.10823   2  12
        0.84853        0.23675   2  13
        0.84853        0.25350   2  14
        0.84853        0.26258   2  15
        0.84853        0.27145   2  16
        0.84853        0.36104   2  17
        0.84853        0.37465   2  18
        0.84853        0.55882   2  19
        0.84853        0.58083   2  20
        0.84853        0.62582   2  21
        0.84853        0.63542   2  22
        0.91924       -0.27485   2   1
        0.91924       -0.23882   2   2
        0.91924       -0.16817   2   3
        0.91924       -0.16226   2   4
        0.91924       -0.07435   2   5
        0.91924       -0.04490   2   6
        0.91924        0.01325   2   7
        0.91924        0.01654   2   8
        0.91924        0.05333   2   9
        0.91924        0.05650   2  10
        0.91924        0.05815   2  11
        0.91924        0.12441   2  12
        0.91924        0.23728   2  13
        0.91924        0.25340   2  14
        0.91924        0.28126   2  15
        0.91924        0.28475   2  16
        0.91924        0.34962   2  17
        0.91924        0.37700   2  18
        0.91924        0.54603   2  19
        0.91924        0.60365   2  20
        0.91924        0.61778   2  21
        0.91924        0.63514   2  22
        0.98995       -0.27393   2   1
        0.98995       -0.22440   2   2
        0.98995       -0.16764   2   3
        0.98995       -0.15657   2   4
        0.98995       -0.09596   2   5
        0.98995       -0.07202   2   6
        0.98995        0.00248   2   7
        0.98995        0.01040   2   8
        0.98995        0.05592   2   9
        0.98995        0.05770   2  10
        0.98995        0.07386   2  11
        0.98995        0.14206   2  12
        0.98995        0.23691   2  13
        0.98995        0.25331   2  14
        0.98995        0.29272   2  15
        0.98995        0.29564   2  16
        0.98995        0.33380   2  17
        0.98995        0.38111   2  18
        0.98995        0.52961   2  19
        0.98995        0.61120   2  20
        0.98995        0.63393   2  21
        0.98995        0.63656   2  22
        1.06066       -0.27420   2   1
        1.06066       -0.21469   2   2
        1.06066       -0.16660   2   3
        1.06066       -0.15399   2   4
        1.06066       -0.11855   2   5
        1.06066       -0.08966   2   6
        1.06066       -0.00669   2   7
        1.06066        0.00796   2   8
        1.06066        0.05952   2   9
        1.06066        0.06690   2  10
        1.06066        0.08869   2  11
        1.06066        0.15801   2  12
        1.06066        0.23682   2  13
        1.06066        0.25322   2  14
        1.06066        0.29638   2  15
        1.06066        0.30010   2  16
        1.06066        0.31510   2  17
        1.06066        0.38729   2  18
        1.06066        0.51223   2  19
        1.06066        0.60858   2  20
        1.06066        0.63781   2  21
        1.06066        0.66312   2  22
        1.13137       -0.27481   2   1
        1.13137       -0.22060   2   2
        1.13137       -0.16554   2   3
        1.13137       -0.15402   2   4
        1.13137       -0.14151   2   5
        1.13137       -0.07933   2   6
        1.13137       -0.01119   2   7
        1.13137        0.00577   2   8
        1.13137        0.06518   2   9
        1.13137        0.08146   2  10
        1.13137        0.10133   2  11
        1.13137        0.17097   2  12
        1.13137        0.23711   2  13
        1.13137        0.25290   2  14
        1.13137        0.29586   2  15
        1.13137        0.29629   2  16
        1.13137        0.29639   2  17
        1.13137        0.39467   2  18
        1.13137        0.49222   2  19
        1.13137        0.61177   2  20
        1.13137        0.63767   2  21
        1.13137        0.68664   2  22
        1.20208       -0.27426   2   1
        1.20208       -0.23904   2   2
        1.20208       -0.16497   2   3
        1.20208       -0.15855   2   4
        1.20208       -0.15433   2   5
        1.20208       -0.05080   2   6
        1.20208       -0.01198   2   7
        1.20208        0.00391   2   8
        1.20208        0.07329   2   9
        1.20208        0.10099   2  10
        1.20208        0.11597   2  11
        1.20208        0.18128   2  12
        1.20208        0.23580   2  13
        1.20208        0.25210   2  14
        1.20208        0.27937   2  15
        1.20208        0.28505   2  16
        1.20208        0.29320   2  17
        1.20208        0.40227   2  18
        1.20208        0.47111   2  19
        1.20208        0.61794   2  20
        1.20208        0.63698   2  21
        1.20208        0.70521   2  22
        1.27279       -0.27364   2   1
        1.27279       -0.25797   2   2
        1.27279       -0.16693   2   3
        1.27279       -0.16467   2   4
        1.27279       -0.15637   2   5
        1.27279       -0.02371   2   6
        1.27279       -0.01006   2   7
        1.27279        0.00284   2   8
        1.27279        0.08345   2   9
        1.27279        0.12392   2  10
        1.27279        0.13415   2  11
        1.27279        0.18922   2  12
        1.27279        0.23268   2  13
        1.27279        0.25146   2  14
        1.27279        0.26402   2  15
        1.27279        0.27130   2  16
        1.27279        0.28606   2  17
        1.27279        0.40923   2  18
        1.27279        0.45312   2  19
        1.27279        0.62578   2  20
        1.27279        0.63710   2  21
        1.27279        0.71701   2  22
        1.34350       -0.27473   2   1
        1.34350       -0.27040   2   2
        1.34350       -0.17034   2   3
        1.34350       -0.16429   2   4
        1.34350       -0.16094   2   5
        1.34350       -0.00803   2   6
        1.34350       -0.00462   2   7
        1.34350        0.00257   2   8
        1.34350        0.09381   2   9
        1.34350        0.14515   2  10
        1.34350        0.14907   2  11
        1.34350        0.19407   2  12
        1.34350        0.22922   2  13
        1.34350        0.25163   2  14
        1.34350        0.25236   2  15
        1.34350        0.25890   2  16
        1.34350        0.27762   2  17
        1.34350        0.41429   2  18
        1.34350        0.44002   2  19
        1.34350        0.63480   2  20
        1.34350        0.63804   2  21
        1.34350        0.72017   2  22
        1.41421       -0.27673   2   1
        1.41421       -0.27348   2   2
        1.41421       -0.17146   2   3
        1.41421       -0.16406   2   4
        1.41421       -0.16357   2   5
        1.41421       -0.00742   2   6
        1.41421        0.00258   2   7
        1.41421        0.00272   2   8
        1.41421        0.09859   2   9
        1.41421        0.15442   2  10
        1.41421        0.15507   2  11
        1.41421        0.19559   2  12
        1.41421        0.22695   2  13
        1.41421        0.24801   2  14
        1.41421        0.25194   2  15
        1.41421        0.25373   2  16
        1.41421        0.27374   2  17
        1.41421        0.41616   2  18
        1.41421        0.43476   2  19
        1.41421        0.63859   2  20
        1.41421        0.63928   2  21
        1.41421        0.71976   2  22
        1.41421       -0.27673   2   1
        1.41421       -0.27348   2   2
        1.41421       -0.17146   2   3
        1.41421       -0.16406   2   4
        1.41421       -0.16357   2   5
        1.41421       -0.00742   2   6
        1.41421        0.00258   2   7
        1.41421        0.00272   2   8
        1.41421        0.09859   2   9
        1.41421        0.15442   2  10
        1.41421        0.15507   2  11
        1.41421        0.19559   2  12
        1.41421        0.22695   2  13
        1.41421        0.24801   2  14
        1.41421        0.25194   2  15
        1.41421        0.25373   2  16
        1.41421        0.27374   2  17
        1.41421        0.41616   2  18
        1.41421        0.43476   2  19
        1.41421        0.63859   2  20
        1.41421        0.63928   2  21
        1.41421        0.71976   2  22
        1.48008       -0.27463   2   1
        1.48008       -0.27190   2   2
        1.48008       -0.17057   2   3
        1.48008       -0.16381   2   4
        1.48008       -0.16330   2   5
        1.48008       -0.01184   2   6
        1.48008        0.00465   2   7
        1.48008        0.00475   2   8
        1.48008        0.09092   2   9
        1.48008        0.14369   2  10
        1.48008        0.14618   2  11
        1.48008        0.19435   2  12
        1.48008        0.23287   2  13
        1.48008        0.24782   2  14
        1.48008        0.25708   2  15
        1.48008        0.25885   2  16
        1.48008        0.27443   2  17
        1.48008        0.41511   2  18
        1.48008        0.43792   2  19
        1.48008        0.63537   2  20
        1.48008        0.63595   2  21
        1.48008        0.71934   2  22
        1.54594       -0.26871   2   1
        1.54594       -0.26737   2   2
        1.54594       -0.16750   2   3
        1.54594       -0.16315   2   4
        1.54594       -0.16263   2   5
        1.54594       -0.02416   2   6
        1.54594        0.01058   2   7
        1.54594        0.01065   2   8
        1.54594        0.07204   2   9
        1.54594        0.11855   2  10
        1.54594        0.12483   2  11
        1.54594        0.19014   2  12
        1.54594        0.24648   2  13
        1.54594        0.24751   2  14
        1.54594        0.26831   2  15
        1.54594        0.27058   2  16
        1.54594        0.27606   2  17
        1.54594        0.41205   2  18
        1.54594        0.44676   2  19
        1.54594        0.62639   2  20
        1.54594        0.62668   2  21
        1.54594        0.71683   2  22
        1.61181       -0.26052   2   1
        1.61181       -0.25990   2   2
        1.61181       -0.16226   2   3
        1.61181       -0.16181   2   4
        1.61181       -0.16123   2   5
        1.61181       -0.04221   2   6
        1.61181        0.01961   2   7
        1.61181        0.01970   2   8
        1.61181        0.04813   2   9
        1.61181        0.08992   2  10
        1.61181        0.09918   2  11
        1.61181        0.18164   2  12
        1.61181        0.24787   2  13
        1.61181        0.26156   2  14
        1.61181        0.27781   2  15
        1.61181        0.28153   2  16
        1.61181        0.28473   2  17
        1.61181        0.40716   2  18
        1.61181        0.45956   2  19
        1.61181        0.61337   2  20
        1.61181        0.61347   2  21
        1.61181        0.70925   2  22
        1.67768       -0.25211   2   1
        1.67768       -0.24926   2   2
        1.67768       -0.16112   2   3
        1.67768       -0.16081   2   4
        1.67768       -0.15073   2   5
        1.67768       -0.06338   2   6
        1.67768        0.02265   2   7
        1.67768        0.03045   2   8
        1.67768        0.03051   2   9
        1.67768        0.06488   2  10
        1.67768        0.07456   2  11
        1.67768        0.16741   2  12
        1.67768        0.24999   2  13
        1.67768        0.27471   2  14
        1.67768        0.27921   2  15
        1.67768        0.29626   2  16
        1.67768        0.30009   2  17
        1.67768        0.40065   2  18
        1.67768        0.47428   2  19
        1.67768        0.59859   2  20
        1.67768        0.59901   2  21
        1.67768        0.69392   2  22
        1.74354       -0.24300   2   1
        1.74354       -0.23766   2   2
        1.74354       -0.15927   2   3
        1.74354       -0.15912   2   4
        1.74354       -0.13550   2   5
        1.74354       -0.08504   2   6
        1.74354       -0.00283   2   7
        1.74354        0.03989   2   8
        1.74354        0.03992   2   9
        1.74354        0.04739   2  10
        1.74354        0.05464   2  11
        1.74354        0.14702   2  12
        1.74354        0.25465   2  13
        1.74354        0.27942   2  14
        1.74354        0.28569   2  15
        1.74354        0.31272   2  16
        1.74354        0.31627   2  17
        1.74354        0.39270   2  18
        1.74354        0.48933   2  19
        1.74354        0.58471   2  20
        1.74354        0.58526   2  21
        1.74354        0.67039   2  22
        1.80941       -0.23394   2   1
        1.80941       -0.22598   2   2
        1.80941       -0.15592   2   3
        1.80941       -0.15587   2   4
        1.80941       -0.11606   2   5
        1.80941       -0.10448   2   6
        1.80941       -0.02737   2   7
        1.80941        0.02871   2   8
        1.80941        0.03081   2   9
        1.80941        0.05364   2  10
        1.80941        0.05473   2  11
        1.80941        0.12174   2  12
        1.80941        0.26183   2  13
        1.80941        0.27966   2  14
        1.80941        0.29340   2  15
        1.80941        0.33009   2  16
        1.80941        0.33241   2  17
        1.80941        0.38339   2  18
        1.80941        0.50376   2  19
        1.80941        0.57318   2  20
        1.80941        0.57360   2  21
        1.80941        0.64133   2  22
        1.87527       -0.22559   2   1
        1.87527       -0.21565   2   2
        1.87527       -0.15041   2   3
        1.87527       -0.15031   2   4
        1.87527       -0.11883   2   5
        1.87527       -0.09378   2   6
        1.87527       -0.05005   2   7
        1.87527        0.01373   2   8
        1.87527        0.01404   2   9
        1.87527        0.06219   2  10
        1.87527        0.06222   2  11
        1.87527        0.09399   2  12
        1.87527        0.27106   2  13
        1.87527        0.27979   2  14
        1.87527        0.29835   2  15
        1.87527        0.34626   2  16
        1.87527        0.34712   2  17
        1.87527        0.37275   2  18
        1.87527        0.51699   2  19
        1.87527        0.56423   2  20
        1.87527        0.56435   2  21
        1.87527        0.61162   2  22
        1.94114       -0.21847   2   1
        1.94114       -0.20866   2   2
        1.94114       -0.14251   2   3
        1.94114       -0.14220   2   4
        1.94114       -0.12563   2   5
        1.94114       -0.07044   2   6
        1.94114       -0.06994   2   7
        1.94114       -0.00354   2   8
        1.94114       -0.00187   2   9
        1.94114        0.06637   2  10
        1.94114        0.06800   2  11
        1.94114        0.06843   2  12
        1.94114        0.28048   2  13
        1.94114        0.28180   2  14
        1.94114        0.30019   2  15
        1.94114        0.35890   2  16
        1.94114        0.35897   2  17
        1.94114        0.36087   2  18
        1.94114        0.52851   2  19
        1.94114        0.55726   2  20
        1.94114        0.55737   2  21
        1.94114        0.58631   2  22
        2.00700       -0.21299   2   1
        2.00700       -0.20586   2   2
        2.00700       -0.13287   2   3
        2.00700       -0.13229   2   4
        2.00700       -0.12466   2   5
        2.00700       -0.08642   2   6
        2.00700       -0.04751   2   7
        2.00700       -0.02020   2   8
        2.00700       -0.01852   2   9
        2.00700        0.04065   2  10
        2.00700        0.07193   2  11
        2.00700        0.07221   2  12
        2.00700        0.28234   2  13
        2.00700        0.29369   2  14
        2.00700        0.29888   2  15
        2.00700        0.34789   2  16
        2.00700        0.36683   2  17
        2.00700        0.36720   2  18
        2.00700        0.53785   2  19
        2.00700        0.55209   2  20
        2.00700        0.55217   2  21
        2.00700        0.56834   2  22
        2.07287       -0.20931   2   1
        2.07287       -0.20583   2   2
        2.07287       -0.12368   2   3
        2.07287       -0.12296   2   4
        2.07287       -0.11859   2   5
        2.07287       -0.09954   2   6
        2.07287       -0.03377   2   7
        2.07287       -0.03276   2   8
        2.07287       -0.02563   2   9
        2.07287        0.01733   2  10
        2.07287        0.07409   2  11
        2.07287        0.07421   2  12
        2.07287        0.28568   2  13
        2.07287        0.29513   2  14
        2.07287        0.30656   2  15
        2.07287        0.33416   2  16
        2.07287        0.37064   2  17
        2.07287        0.37182   2  18
        2.07287        0.54493   2  19
        2.07287        0.54872   2  20
        2.07287        0.54888   2  21
        2.07287        0.55738   2  22
        2.13873       -0.20734   2   1
        2.13873       -0.20680   2   2
        2.13873       -0.11952   2   3
        2.13873       -0.11880   2   4
        2.13873       -0.11013   2   5
        2.13873       -0.10993   2   6
        2.13873       -0.03939   2   7
        2.13873       -0.03880   2   8
        2.13873       -0.00552   2   9
        2.13873       -0.00320   2  10
        2.13873        0.07464   2  11
        2.13873        0.07496   2  12
        2.13873        0.28987   2  13
        2.13873        0.29065   2  14
        2.13873        0.32015   2  15
        2.13873        0.32023   2  16
        2.13873        0.37169   2  17
        2.13873        0.37328   2  18
        2.13873        0.54749   2  19
        2.13873        0.54778   2  20
        2.13873        0.55053   2  21
        2.13873        0.55080   2  22
        2.13873       -0.20734   2   1
        2.13873       -0.20680   2   2
        2.13873       -0.11952   2   3
        2.13873       -0.11880   2   4
        2.13873       -0.11013   2   5
        2.13873       -0.10993   2   6
        2.13873       -0.03939   2   7
        2.13873       -0.03880   2   8
        2.13873       -0.00552   2   9
        2.13873       -0.00320   2  10
        2.13873        0.07464   2  11
        2.13873        0.07496   2  12
        2.13873        0.28987   2  13
        2.13873        0.29065   2  14
        2.13873        0.32015   2  15
        2.13873        0.32023   2  16
        2.13873        0.37169   2  17
        2.13873        0.37328   2  18
        2.13873        0.54749   2  19
        2.13873        0.54778   2  20
        2.13873        0.55053   2  21
        2.13873        0.55080   2  22
        2.20944       -0.20730   2   1
        2.20944       -0.20565   2   2
        2.20944       -0.14295   2   3
        2.20944       -0.12453   2   4
        2.20944       -0.11178   2   5
        2.20944       -0.08095   2   6
        2.20944       -0.03956   2   7
        2.20944       -0.03946   2   8
        2.20944       -0.00045   2   9
        2.20944        0.00054   2  10
        2.20944        0.07228   2  11
        2.20944        0.07477   2  12
        2.20944        0.29002   2  13
        2.20944        0.29078   2  14
        2.20944        0.31504   2  15
        2.20944        0.31901   2  16
        2.20944        0.37248   2  17
        2.20944        0.37452   2  18
        2.20944        0.52301   2  19
        2.20944        0.54824   2  20
        2.20944        0.55284   2  21
        2.20944        0.57531   2  22
        2.28015       -0.20924   2   1
        2.28015       -0.20122   2   2
        2.28015       -0.16327   2   3
        2.28015       -0.13667   2   4
        2.28015       -0.11706   2   5
        2.28015       -0.04876   2   6
        2.28015       -0.04035   2   7
        2.28015       -0.04001   2   8
        2.28015        0.00545   2   9
        2.28015        0.01545   2  10
        2.28015        0.06387   2  11
        2.28015        0.07508   2  12
        2.28015        0.29051   2  13
        2.28015        0.29110   2  14
        2.28015        0.30071   2  15
        2.28015        0.31655   2  16
        2.28015        0.36766   2  17
        2.28015        0.38205   2  18
        2.28015        0.49794   2  19
        2.28015        0.54875   2  20
        2.28015        0.55911   2  21
        2.28015        0.60352   2  22
        2.35086       -0.21225   2   1
        2.35086       -0.19441   2   2
        2.35086       -0.17720   2   3
        2.35086       -0.15051   2   4
        2.35086       -0.12573   2   5
        2.35086       -0.04212   2   6
        2.35086       -0.03898   2   7
        2.35086       -0.02267   2   8
        2.35086        0.01161   2   9
        2.35086        0.03392   2  10
        2.35086        0.05119   2  11
        2.35086        0.07653   2  12
        2.35086        0.28206   2  13
        2.35086        0.29131   2  14
        2.35086        0.29152   2  15
        2.35086        0.31427   2  16
        2.35086        0.35815   2  17
        2.35086        0.38977   2  18
        2.35086        0.47946   2  19
        2.35086        0.54804   2  20
        2.35086        0.56617   2  21
        2.35086        0.62915   2  22
        2.42158       -0.21470   2   1
        2.42158       -0.18663   2   2
        2.42158       -0.18522   2   3
        2.42158       -0.16312   2   4
        2.42158       -0.13677   2   5
        2.42158       -0.04335   2   6
        2.42158       -0.03778   2   7
        2.42158       -0.01144   2   8
        2.42158        0.01908   2   9
        2.42158        0.04391   2  10
        2.42158        0.05178   2  11
        2.42158        0.08325   2  12
        2.42158        0.26426   2  13
        2.42158        0.29199   2  14
        2.42158        0.29210   2  15
        2.42158        0.31187   2  16
        2.42158        0.34897   2  17
        2.42158        0.39303   2  18
        2.42158        0.46975   2  19
        2.42158        0.54658   2  20
        2.42158        0.57151   2  21
        2.42158        0.64588   2  22
        2.49229       -0.21590   2   1
        2.49229       -0.19113   2   2
        2.49229       -0.17561   2   3
        2.49229       -0.17493   2   4
        2.49229       -0.14850   2   5
        2.49229       -0.04253   2   6
        2.49229       -0.03793   2   7
        2.49229       -0.02292   2   8
        2.49229        0.02978   2   9
        2.49229        0.05424   2  10
        2.49229        0.06116   2  11
        2.49229        0.10178   2  12
        2.49229        0.25137   2  13
        2.49229        0.29246   2  14
        2.49229        0.29266   2  15
        2.49229        0.30792   2  16
        2.49229        0.34288   2  17
        2.49229        0.39089   2  18
        2.49229        0.46805   2  19
        2.49229        0.54599   2  20
        2.49229        0.57659   2  21
        2.49229        0.65521   2  22
        2.56300       -0.21547   2   1
        2.56300       -0.19182   2   2
        2.56300       -0.18550   2   3
        2.56300       -0.17138   2   4
        2.56300       -0.15515   2   5
        2.56300       -0.04502   2   6
        2.56300       -0.04093   2   7
        2.56300       -0.03816   2   8
        2.56300        0.04193   2   9
        2.56300        0.06320   2  10
        2.56300        0.07477   2  11
        2.56300        0.12387   2  12
        2.56300        0.24633   2  13
        2.56300        0.29288   2  14
        2.56300        0.29294   2  15
        2.56300        0.30309   2  16
        2.56300        0.33748   2  17
        2.56300        0.38493   2  18
        2.56300        0.47377   2  19
        2.56300        0.54626   2  20
        2.56300        0.58134   2  21
        2.56300        0.65825   2  22
        2.63371       -0.21269   2   1
        2.63371       -0.19242   2   2
        2.63371       -0.19211   2   3
        2.63371       -0.17582   2   4
        2.63371       -0.15187   2   5
        2.63371       -0.07081   2   6
        2.63371       -0.04019   2   7
        2.63371       -0.03711   2   8
        2.63371        0.05204   2   9
        2.63371        0.06344   2  10
        2.63371        0.09859   2  11
        2.63371        0.13615   2  12
        2.63371        0.25119   2  13
        2.63371        0.29296   2  14
        2.63371        0.29327   2  15
        2.63371        0.29955   2  16
        2.63371        0.33231   2  17
        2.63371        0.37540   2  18
        2.63371        0.48647   2  19
        2.63371        0.54607   2  20
        2.63371        0.58241   2  21
        2.63371        0.64844   2  22
        2.70442       -0.20782   2   1
        2.70442       -0.19564   2   2
        2.70442       -0.19285   2   3
        2.70442       -0.18229   2   4
        2.70442       -0.14472   2   5
        2.70442       -0.09879   2   6
        2.70442       -0.03978   2   7
        2.70442       -0.03597   2   8
        2.70442        0.05896   2   9
        2.70442        0.06376   2  10
        2.70442        0.11879   2  11
        2.70442        0.13722   2  12
        2.70442        0.26486   2  13
        2.70442        0.29289   2  14
        2.70442        0.29358   2  15
        2.70442        0.29719   2  16
        2.70442        0.33074   2  17
        2.70442        0.36115   2  18
        2.70442        0.50656   2  19
        2.70442        0.54540   2  20
        2.70442        0.58072   2  21
        2.70442        0.62425   2  22
        2.77513       -0.20188   2   1
        2.77513       -0.19749   2   2
        2.77513       -0.19323   2   3
        2.77513       -0.18921   2   4
        2.77513       -0.13717   2   5
        2.77513       -0.12388   2   6
        2.77513       -0.03825   2   7
        2.77513       -0.03610   2   8
        2.77513        0.06326   2   9
        2.77513        0.06386   2  10
        2.77513        0.13026   2  11
        2.77513        0.13466   2  12
        2.77513        0.28255   2  13
        2.77513        0.29285   2  14
        2.77513        0.29374   2  15
        2.77513        0.29484   2  16
        2.77513        0.33251   2  17
        2.77513        0.34338   2  18
        2.77513        0.53067   2  19
        2.77513        0.54525   2  20
        2.77513        0.58085   2  21
        2.77513        0.59684   2  22
        2.84584       -0.19837   2   1
        2.84584       -0.19783   2   2
        2.84584       -0.19398   2   3
        2.84584       -0.19256   2   4
        2.84584       -0.13486   2   5
        2.84584       -0.13372   2   6
        2.84584       -0.03717   2   7
        2.84584       -0.03651   2   8
        2.84584        0.06373   2   9
        2.84584        0.06482   2  10
        2.84584        0.13356   2  11
        2.84584        0.13365   2  12
        2.84584        0.29285   2  13
        2.84584        0.29362   2  14
        2.84584        0.29366   2  15
        2.84584        0.29378   2  16
        2.84584        0.33208   2  17
        2.84584        0.33364   2  18
        2.84584        0.54506   2  19
        2.84584        0.54541   2  20
        2.84584        0.58183   2  21
        2.84584        0.58203   2  22
        2.84584       -0.19837   2   1
        2.84584       -0.19783   2   2
        2.84584       -0.19398   2   3
        2.84584       -0.19256   2   4
        2.84584       -0.13486   2   5
        2.84584       -0.13372   2   6
        2.84584       -0.03717   2   7
        2.84584       -0.03651   2   8
        2.84584        0.06373   2   9
        2.84584        0.06482   2  10
        2.84584        0.13356   2  11
        2.84584        0.13365   2  12
        2.84584        0.29285   2  13
        2.84584        0.29362   2  14
        2.84584        0.29366   2  15
        2.84584        0.29378   2  16
        2.84584        0.33208   2  17
        2.84584        0.33364   2  18
        2.84584        0.54506   2  19
        2.84584        0.54541   2  20
        2.84584        0.58183   2  21
        2.84584        0.58203   2  22
        2.84584       -0.19837   2   1
        2.84584       -0.19783   2   2
        2.84584       -0.19398   2   3
        2.84584       -0.19256   2   4
        2.84584       -0.13486   2   5
        2.84584       -0.13372   2   6
        2.84584       -0.03717   2   7
        2.84584       -0.03651   2   8
        2.84584        0.06373   2   9
        2.84584        0.06482   2  10
        2.84584        0.13356   2  11
        2.84584        0.13365   2  12
        2.84584        0.29285   2  13
        2.84584        0.29362   2  14
        2.84584        0.29366   2  15
        2.84584        0.29378   2  16
        2.84584        0.33208   2  17
        2.84584        0.33364   2  18
        2.84584        0.54506   2  19
        2.84584        0.54541   2  20
        2.84584        0.58183   2  21
        2.84584        0.58203   2  22
        2.84584       -0.19837   2   1
        2.84584       -0.19783   2   2
        2.84584       -0.19398   2   3
        2.84584       -0.19256   2   4
        2.84584       -0.13486   2   5
        2.84584       -0.13372   2   6
        2.84584       -0.03717   2   7
        2.84584       -0.03651   2   8
        2.84584        0.06373   2   9
        2.84584        0.06482   2  10
        2.84584        0.13356   2  11
        2.84584        0.13365   2  12
        2.84584        0.29285   2  13
        2.84584        0.29362   2  14
        2.84584        0.29366   2  15
        2.84584        0.29378   2  16
        2.84584        0.33208   2  17
        2.84584        0.33364   2  18
        2.84584        0.54506   2  19
        2.84584        0.54541   2  20
        2.84584        0.58183   2  21
        2.84584        0.58203   2  22
        2.84584       -0.19837   2   1
        2.84584       -0.19783   2   2
        2.84584       -0.19398   2   3
        2.84584       -0.19256   2   4
        2.84584       -0.13486   2   5
        2.84584       -0.13372   2   6
        2.84584       -0.03717   2   7
        2.84584       -0.03651   2   8
        2.84584        0.06373   2   9
        2.84584        0.06482   2  10
        2.84584        0.13356   2  11
        2.84584        0.13365   2  12
        2.84584        0.29285   2  13
        2.84584        0.29362   2  14
        2.84584        0.29366   2  15
        2.84584        0.29378   2  16
        2.84584        0.33208   2  17
        2.84584        0.33364   2  18
        2.84584        0.54506   2  19
        2.84584        0.54541   2  20
        2.84584        0.58183   2  21
        2.84584        0.58203   2  22
        2.91170       -0.19838   2   1
        2.91170       -0.19781   2   2
        2.91170       -0.19600   2   3
        2.91170       -0.19490   2   4
        2.91170       -0.13157   2   5
        2.91170       -0.13057   2   6
        2.91170       -0.03451   2   7
        2.91170       -0.03388   2   8
        2.91170        0.06262   2   9
        2.91170        0.06362   2  10
        2.91170        0.13092   2  11
        2.91170        0.13112   2  12
        2.91170        0.29300   2  13
        2.91170        0.29380   2  14
        2.91170        0.29542   2  15
        2.91170        0.29585   2  16
        2.91170        0.33075   2  17
        2.91170        0.33233   2  18
        2.91170        0.54634   2  19
        2.91170        0.54669   2  20
        2.91170        0.58203   2  21
        2.91170        0.58223   2  22
        2.97757       -0.20154   2   1
        2.97757       -0.20108   2   2
        2.97757       -0.19836   2   3
        2.97757       -0.19772   2   4
        2.97757       -0.12221   2   5
        2.97757       -0.12156   2   6
        2.97757       -0.02696   2   7
        2.97757       -0.02645   2   8
        2.97757        0.05944   2   9
        2.97757        0.06029   2  10
        2.97757        0.12345   2  11
        2.97757        0.12386   2  12
        2.97757        0.29310   2  13
        2.97757        0.29369   2  14
        2.97757        0.30102   2  15
        2.97757        0.30162   2  16
        2.97757        0.32691   2  17
        2.97757        0.32852   2  18
        2.97757        0.54999   2  19
        2.97757        0.55030   2  20
        2.97757        0.58254   2  21
        2.97757        0.58273   2  22
        3.04344       -0.20980   2   1
        3.04344       -0.20934   2   2
        3.04344       -0.19811   2   3
        3.04344       -0.19745   2   4
        3.04344       -0.10762   2   5
        3.04344       -0.10739   2   6
        3.04344       -0.01566   2   7
        3.04344       -0.01534   2   8
        3.04344        0.05462   2   9
        3.04344        0.05540   2  10
        3.04344        0.11210   2  11
        3.04344        0.11263   2  12
        3.04344        0.29236   2  13
        3.04344        0.29293   2  14
        3.04344        0.30966   2  15
        3.04344        0.31014   2  16
        3.04344        0.32091   2  17
        3.04344        0.32249   2  18
        3.04344        0.55564   2  19
        3.04344        0.55584   2  20
        3.04344        0.58303   2  21
        3.04344        0.58322   2  22
        3.10930       -0.21958   2   1
        3.10930       -0.21885   2   2
        3.10930       -0.19734   2   3
        3.10930       -0.19676   2   4
        3.10930       -0.08869   2   5
        3.10930       -0.08850   2   6
        3.10930       -0.00190   2   7
        3.10930       -0.00180   2   8
        3.10930        0.04874   2   9
        3.10930        0.04960   2  10
        3.10930        0.09779   2  11
        3.10930        0.09817   2  12
        3.10930        0.28992   2  13
        3.10930        0.29082   2  14
        3.10930        0.31312   2  15
        3.10930        0.31462   2  16
        3.10930        0.32014   2  17
        3.10930        0.32044   2  18
        3.10930        0.56325   2  19
        3.10930        0.56329   2  20
        3.10930        0.58302   2  21
        3.10930        0.58321   2  22
        3.17517       -0.22990   2   1
        3.17517       -0.22925   2   2
        3.17517       -0.19569   2   3
        3.17517       -0.19526   2   4
        3.17517       -0.06604   2   5
        3.17517       -0.06585   2   6
        3.17517        0.01318   2   7
        3.17517        0.01325   2   8
        3.17517        0.04224   2   9
        3.17517        0.04354   2  10
        3.17517        0.08111   2  11
        3.17517        0.08117   2  12
        3.17517        0.28519   2  13
        3.17517        0.28662   2  14
        3.17517        0.30387   2  15
        3.17517        0.30527   2  16
        3.17517        0.33130   2  17
        3.17517        0.33153   2  18
        3.17517        0.57305   2  19
        3.17517        0.57312   2  20
        3.17517        0.58202   2  21
        3.17517        0.58221   2  22
        3.24103       -0.24035   2   1
        3.24103       -0.23995   2   2
        3.24103       -0.19277   2   3
        3.24103       -0.19250   2   4
        3.24103       -0.04087   2   5
        3.24103       -0.04072   2   6
        3.24103        0.02836   2   7
        3.24103        0.02856   2   8
        3.24103        0.03567   2   9
        3.24103        0.03754   2  10
        3.24103        0.06299   2  11
        3.24103        0.06326   2  12
        3.24103        0.27801   2  13
        3.24103        0.27986   2  14
        3.24103        0.29348   2  15
        3.24103        0.29482   2  16
        3.24103        0.34216   2  17
        3.24103        0.34241   2  18
        3.24103        0.57976   2  19
        3.24103        0.57990   2  20
        3.24103        0.58536   2  21
        3.24103        0.58541   2  22
        3.30690       -0.25057   2   1
        3.30690       -0.25031   2   2
        3.30690       -0.18835   2   3
        3.30690       -0.18817   2   4
        3.30690       -0.01506   2   5
        3.30690       -0.01459   2   6
        3.30690        0.02962   2   7
        3.30690        0.03176   2   8
        3.30690        0.03404   2   9
        3.30690        0.03429   2  10
        3.30690        0.05400   2  11
        3.30690        0.05437   2  12
        3.30690        0.26864   2  13
        3.30690        0.27053   2  14
        3.30690        0.28242   2  15
        3.30690        0.28380   2  16
        3.30690        0.35190   2  17
        3.30690        0.35228   2  18
        3.30690        0.57636   2  19
        3.30690        0.57643   2  20
        3.30690        0.59953   2  21
        3.30690        0.59959   2  22
        3.37276       -0.25999   2   1
        3.37276       -0.25959   2   2
        3.37276       -0.18258   2   3
        3.37276       -0.18241   2   4
        3.37276        0.00960   2   5
        3.37276        0.01026   2   6
        3.37276        0.01816   2   7
        3.37276        0.01848   2   8
        3.37276        0.02458   2   9
        3.37276        0.02646   2  10
        3.37276        0.06687   2  11
        3.37276        0.06703   2  12
        3.37276        0.25784   2  13
        3.37276        0.25934   2  14
        3.37276        0.27159   2  15
        3.37276        0.27306   2  16
        3.37276        0.35996   2  17
        3.37276        0.36047   2  18
        3.37276        0.57231   2  19
        3.37276        0.57240   2  20
        3.37276        0.61390   2  21
        3.37276        0.61412   2  22
        3.43863       -0.26776   2   1
        3.43863       -0.26701   2   2
        3.43863       -0.17631   2   3
        3.43863       -0.17610   2   4
        3.43863        0.00140   2   5
        3.43863        0.00213   2   6
        3.43863        0.02085   2   7
        3.43863        0.02207   2   8
        3.43863        0.03076   2   9
        3.43863        0.03138   2  10
        3.43863        0.08090   2  11
        3.43863        0.08093   2  12
        3.43863        0.24707   2  13
        3.43863        0.24795   2  14
        3.43863        0.26230   2  15
        3.43863        0.26383   2  16
        3.43863        0.36597   2  17
        3.43863        0.36654   2  18
        3.43863        0.56851   2  19
        3.43863        0.56862   2  20
        3.43863        0.62639   2  21
        3.43863        0.62673   2  22
        3.50449       -0.27295   2   1
        3.50449       -0.27183   2   2
        3.50449       -0.17118   2   3
        3.50449       -0.17092   2   4
        3.50449       -0.01059   2   5
        3.50449       -0.00944   2   6
        3.50449        0.01858   2   7
        3.50449        0.01914   2   8
        3.50449        0.04551   2   9
        3.50449        0.04597   2  10
        3.50449        0.09077   2  11
        3.50449        0.09089   2  12
        3.50449        0.23869   2  13
        3.50449        0.23904   2  14
        3.50449        0.25599   2  15
        3.50449        0.25753   2  16
        3.50449        0.36969   2  17
        3.50449        0.37024   2  18
        3.50449        0.56583   2  19
        3.50449        0.56594   2  20
        3.50449        0.63490   2  21
        3.50449        0.63529   2  22
        3.57036       -0.27477   2   1
        3.57036       -0.27351   2   2
        3.57036       -0.16915   2   3
        3.57036       -0.16889   2   4
        3.57036       -0.01498   2   5
        3.57036       -0.01365   2   6
        3.57036        0.01782   2   7
        3.57036        0.01810   2   8
        3.57036        0.05090   2   9
        3.57036        0.05127   2  10
        3.57036        0.09431   2  11
        3.57036        0.09450   2  12
        3.57036        0.23540   2  13
        3.57036        0.23564   2  14
        3.57036        0.25375   2  15
        3.57036        0.25528   2  16
        3.57036        0.37094   2  17
        3.57036        0.37147   2  18
        3.57036        0.56486   2  19
        3.57036        0.56496   2  20
        3.57036        0.63792   2  21
        3.57036        0.63833   2  22
        3.57036       -0.27673   2   1
        3.57036       -0.27348   2   2
        3.57036       -0.17146   2   3
        3.57036       -0.16406   2   4
        3.57036       -0.16357   2   5
        3.57036       -0.00742   2   6
        3.57036        0.00258   2   7
        3.57036        0.00272   2   8
        3.57036        0.09859   2   9
        3.57036        0.15442   2  10
        3.57036        0.15507   2  11
        3.57036        0.19559   2  12
        3.57036        0.22695   2  13
        3.57036        0.24801   2  14
        3.57036        0.25194   2  15
        3.57036        0.25373   2  16
        3.57036        0.27374   2  17
        3.57036        0.41616   2  18
        3.57036        0.43476   2  19
        3.57036        0.63859   2  20
        3.57036        0.63928   2  21
        3.57036        0.71976   2  22
        3.64179       -0.27354   2   1
        3.64179       -0.27107   2   2
        3.64179       -0.17025   2   3
        3.64179       -0.16303   2   4
        3.64179       -0.16223   2   5
        3.64179       -0.00799   2   6
        3.64179       -0.00158   2   7
        3.64179       -0.00085   2   8
        3.64179        0.09335   2   9
        3.64179        0.14352   2  10
        3.64179        0.15016   2  11
        3.64179        0.19409   2  12
        3.64179        0.23012   2  13
        3.64179        0.25242   2  14
        3.64179        0.25428   2  15
        3.64179        0.25659   2  16
        3.64179        0.27770   2  17
        3.64179        0.41424   2  18
        3.64179        0.44023   2  19
        3.64179        0.63640   2  20
        3.64179        0.63683   2  21
        3.64179        0.71994   2  22
        3.71322       -0.26517   2   1
        3.71322       -0.26422   2   2
        3.71322       -0.16541   2   3
        3.71322       -0.16099   2   4
        3.71322       -0.15904   2   5
        3.71322       -0.01360   2   6
        3.71322       -0.01025   2   7
        3.71322       -0.00956   2   8
        3.71322        0.08017   2   9
        3.71322        0.11680   2  10
        3.71322        0.14005   2  11
        3.71322        0.18943   2  12
        3.71322        0.23869   2  13
        3.71322        0.25987   2  14
        3.71322        0.26290   2  15
        3.71322        0.26508   2  16
        3.71322        0.28575   2  17
        3.71322        0.40859   2  18
        3.71322        0.45522   2  19
        3.71322        0.63049   2  20
        3.71322        0.63155   2  21
        3.71322        0.71711   2  22
        3.78464       -0.25434   2   1
        3.78464       -0.25380   2   2
        3.78464       -0.15874   2   3
        3.78464       -0.15678   2   4
        3.78464       -0.15441   2   5
        3.78464       -0.03109   2   6
        3.78464       -0.02382   2   7
        3.78464       -0.01131   2   8
        3.78464        0.06396   2   9
        3.78464        0.08400   2  10
        3.78464        0.12956   2  11
        3.78464        0.18194   2  12
        3.78464        0.25129   2  13
        3.78464        0.26798   2  14
        3.78464        0.27606   2  15
        3.78464        0.27654   2  16
        3.78464        0.29276   2  17
        3.78464        0.39981   2  18
        3.78464        0.47737   2  19
        3.78464        0.62368   2  20
        3.78464        0.62592   2  21
        3.78464        0.70518   2  22
        3.85607       -0.24255   2   1
        3.85607       -0.24144   2   2
        3.85607       -0.15686   2   3
        3.85607       -0.15634   2   4
        3.85607       -0.13608   2   5
        3.85607       -0.05027   2   6
        3.85607       -0.04185   2   7
        3.85607       -0.01168   2   8
        3.85607        0.04765   2   9
        3.85607        0.04984   2  10
        3.85607        0.12264   2  11
        3.85607        0.17278   2  12
        3.85607        0.26554   2  13
        3.85607        0.27710   2  14
        3.85607        0.28675   2  15
        3.85607        0.29227   2  16
        3.85607        0.29652   2  17
        3.85607        0.38867   2  18
        3.85607        0.50568   2  19
        3.85607        0.61769   2  20
        3.85607        0.62099   2  21
        3.85607        0.68268   2  22
        3.92750       -0.23061   2   1
        3.92750       -0.22822   2   2
        3.92750       -0.15641   2   3
        3.92750       -0.15527   2   4
        3.92750       -0.11211   2   5
        3.92750       -0.06811   2   6
        3.92750       -0.06312   2   7
        3.92750       -0.00948   2   8
        3.92750        0.01556   2   9
        3.92750        0.03180   2  10
        3.92750        0.12259   2  11
        3.92750        0.16297   2  12
        3.92750        0.27818   2  13
        3.92750        0.28581   2  14
        3.92750        0.29513   2  15
        3.92750        0.29692   2  16
        3.92750        0.30924   2  17
        3.92750        0.37563   2  18
        3.92750        0.53824   2  19
        3.92750        0.61265   2  20
        3.92750        0.61625   2  21
        3.92750        0.65455   2  22
        3.99893       -0.22049   2   1
        3.99893       -0.21658   2   2
        3.99893       -0.15554   2   3
        3.99893       -0.15428   2   4
        3.99893       -0.09043   2   5
        3.99893       -0.08269   2   6
        3.99893       -0.07523   2   7
        3.99893       -0.01836   2   8
        3.99893       -0.00422   2   9
        3.99893        0.01697   2  10
        3.99893        0.12965   2  11
        3.99893        0.15241   2  12
        3.99893        0.28698   2  13
        3.99893        0.29329   2  14
        3.99893        0.29523   2  15
        3.99893        0.29937   2  16
        3.99893        0.32678   2  17
        3.99893        0.36077   2  18
        3.99893        0.57062   2  19
        3.99893        0.60916   2  20
        3.99893        0.61162   2  21
        3.99893        0.62655   2  22
        4.07036       -0.21578   2   1
        4.07036       -0.21210   2   2
        4.07036       -0.15441   2   3
        4.07036       -0.15440   2   4
        4.07036       -0.09059   2   5
        4.07036       -0.09053   2   6
        4.07036       -0.05093   2   7
        4.07036       -0.05018   2   8
        4.07036        0.00452   2   9
        4.07036        0.00463   2  10
        4.07036        0.14074   2  11
        4.07036        0.14081   2  12
        4.07036        0.29164   2  13
        4.07036        0.29269   2  14
        4.07036        0.29771   2  15
        4.07036        0.29917   2  16
        4.07036        0.34403   2  17
        4.07036        0.34448   2  18
        4.07036        0.59954   2  19
        4.07036        0.59966   2  20
        4.07036        0.60856   2  21
        4.07036        0.60885   2  22
        4.07036       -0.21578   2   1
        4.07036       -0.21210   2   2
        4.07036       -0.15441   2   3
        4.07036       -0.15440   2   4
        4.07036       -0.09059   2   5
        4.07036       -0.09053   2   6
        4.07036       -0.05093   2   7
        4.07036       -0.05018   2   8
        4.07036        0.00452   2   9
        4.07036        0.00463   2  10
        4.07036        0.14074   2  11
        4.07036        0.14081   2  12
        4.07036        0.29164   2  13
        4.07036        0.29269   2  14
        4.07036        0.29771   2  15
        4.07036        0.29917   2  16
        4.07036        0.34403   2  17
        4.07036        0.34448   2  18
        4.07036        0.59954   2  19
        4.07036        0.59966   2  20
        4.07036        0.60856   2  21
        4.07036        0.60885   2  22
        4.13622       -0.21472   2   1
        4.13622       -0.21152   2   2
        4.13622       -0.15660   2   3
        4.13622       -0.15632   2   4
        4.13622       -0.08699   2   5
        4.13622       -0.08694   2   6
        4.13622       -0.05214   2   7
        4.13622       -0.05154   2   8
        4.13622        0.00130   2   9
        4.13622        0.00134   2  10
        4.13622        0.14162   2  11
        4.13622        0.14169   2  12
        4.13622        0.28798   2  13
        4.13622        0.28825   2  14
        4.13622        0.30321   2  15
        4.13622        0.30390   2  16
        4.13622        0.34384   2  17
        4.13622        0.34429   2  18
        4.13622        0.59468   2  19
        4.13622        0.59470   2  20
        4.13622        0.60989   2  21
        4.13622        0.61007   2  22
        4.20209       -0.21117   2   1
        4.20209       -0.20927   2   2
        4.20209       -0.16167   2   3
        4.20209       -0.16087   2   4
        4.20209       -0.07843   2   5
        4.20209       -0.07833   2   6
        4.20209       -0.05760   2   7
        4.20209       -0.05723   2   8
        4.20209       -0.00488   2   9
        4.20209       -0.00477   2  10
        4.20209        0.14256   2  11
        4.20209        0.14262   2  12
        4.20209        0.28435   2  13
        4.20209        0.28449   2  14
        4.20209        0.30978   2  15
        4.20209        0.31006   2  16
        4.20209        0.34381   2  17
        4.20209        0.34421   2  18
        4.20209        0.58211   2  19
        4.20209        0.58215   2  20
        4.20209        0.61259   2  21
        4.20209        0.61266   2  22
        4.26795       -0.20435   2   1
        4.26795       -0.20411   2   2
        4.26795       -0.16719   2   3
        4.26795       -0.16605   2   4
        4.26795       -0.07684   2   5
        4.26795       -0.07672   2   6
        4.26795       -0.06264   2   7
        4.26795       -0.06253   2   8
        4.26795       -0.00679   2   9
        4.26795       -0.00654   2  10
        4.26795        0.14063   2  11
        4.26795        0.14068   2  12
        4.26795        0.28262   2  13
        4.26795        0.28311   2  14
        4.26795        0.31386   2  15
        4.26795        0.31410   2  16
        4.26795        0.34531   2  17
        4.26795        0.34543   2  18
        4.26795        0.56428   2  19
        4.26795        0.56436   2  20
        4.26795        0.61681   2  21
        4.26795        0.61682   2  22
        4.33382       -0.19503   2   1
        4.33382       -0.19380   2   2
        4.33382       -0.17150   2   3
        4.33382       -0.17044   2   4
        4.33382       -0.09753   2   5
        4.33382       -0.09710   2   6
        4.33382       -0.05391   2   7
        4.33382       -0.05352   2   8
        4.33382       -0.00222   2   9
        4.33382       -0.00196   2  10
        4.33382        0.13466   2  11
        4.33382        0.13484   2  12
        4.33382        0.28089   2  13
        4.33382        0.28147   2  14
        4.33382        0.31526   2  15
        4.33382        0.31594   2  16
        4.33382        0.34883   2  17
        4.33382        0.34911   2  18
        4.33382        0.54391   2  19
        4.33382        0.54402   2  20
        4.33382        0.62297   2  21
        4.33382        0.62307   2  22
        4.39969       -0.18387   2   1
        4.39969       -0.18176   2   2
        4.39969       -0.17247   2   3
        4.39969       -0.17193   2   4
        4.39969       -0.12192   2   5
        4.39969       -0.12125   2   6
        4.39969       -0.04525   2   7
        4.39969       -0.04462   2   8
        4.39969        0.00621   2   9
        4.39969        0.00637   2  10
        4.39969        0.12596   2  11
        4.39969        0.12640   2  12
        4.39969        0.27655   2  13
        4.39969        0.27692   2  14
        4.39969        0.31518   2  15
        4.39969        0.31600   2  16
        4.39969        0.35431   2  17
        4.39969        0.35495   2  18
        4.39969        0.52393   2  19
        4.39969        0.52404   2  20
        4.39969        0.63094   2  21
        4.39969        0.63112   2  22
        4.46555       -0.18124   2   1
        4.46555       -0.18007   2   2
        4.46555       -0.16551   2   3
        4.46555       -0.16485   2   4
        4.46555       -0.13878   2   5
        4.46555       -0.13836   2   6
        4.46555       -0.03775   2   7
        4.46555       -0.03737   2   8
        4.46555        0.01538   2   9
        4.46555        0.01539   2  10
        4.46555        0.11725   2  11
        4.46555        0.11790   2  12
        4.46555        0.26920   2  13
        4.46555        0.26931   2  14
        4.46555        0.31306   2  15
        4.46555        0.31388   2  16
        4.46555        0.36142   2  17
        4.46555        0.36229   2  18
        4.46555        0.50660   2  19
        4.46555        0.50666   2  20
        4.46555        0.63976   2  21
        4.46555        0.63999   2  22
        4.53142       -0.18712   2   1
        4.53142       -0.18694   2   2
        4.53142       -0.16771   2   3
        4.53142       -0.16735   2   4
        4.53142       -0.13056   2   5
        4.53142       -0.13034   2   6
        4.53142       -0.03117   2   7
        4.53142       -0.03088   2   8
        4.53142        0.02248   2   9
        4.53142        0.02256   2  10
        4.53142        0.11139   2  11
        4.53142        0.11199   2  12
        4.53142        0.26000   2  13
        4.53142        0.26002   2  14
        4.53142        0.30851   2  15
        4.53142        0.30935   2  16
        4.53142        0.36918   2  17
        4.53142        0.37015   2  18
        4.53142        0.49302   2  19
        4.53142        0.49304   2  20
        4.53142        0.64813   2  21
        4.53142        0.64833   2  22
        4.59728       -0.19865   2   1
        4.59728       -0.19850   2   2
        4.59728       -0.16829   2   3
        4.59728       -0.16781   2   4
        4.59728       -0.11299   2   5
        4.59728       -0.11291   2   6
        4.59728       -0.02522   2   7
        4.59728       -0.02424   2   8
        4.59728        0.02558   2   9
        4.59728        0.02564   2  10
        4.59728        0.11015   2  11
        4.59728        0.11047   2  12
        4.59728        0.25029   2  13
        4.59728        0.25037   2  14
        4.59728        0.30267   2  15
        4.59728        0.30356   2  16
        4.59728        0.37633   2  17
        4.59728        0.37732   2  18
        4.59728        0.48322   2  19
        4.59728        0.48325   2  20
        4.59728        0.65495   2  21
        4.59728        0.65501   2  22
        4.66315       -0.20802   2   1
        4.66315       -0.20801   2   2
        4.66315       -0.16593   2   3
        4.66315       -0.16549   2   4
        4.66315       -0.09734   2   5
        4.66315       -0.09729   2   6
        4.66315       -0.01880   2   7
        4.66315       -0.01764   2   8
        4.66315        0.02389   2   9
        4.66315        0.02392   2  10
        4.66315        0.11306   2  11
        4.66315        0.11308   2  12
        4.66315        0.24132   2  13
        4.66315        0.24153   2  14
        4.66315        0.29732   2  15
        4.66315        0.29827   2  16
        4.66315        0.38190   2  17
        4.66315        0.38289   2  18
        4.66315        0.47668   2  19
        4.66315        0.47680   2  20
        4.66315        0.65950   2  21
        4.66315        0.65966   2  22
        4.72901       -0.21351   2   1
        4.72901       -0.21334   2   2
        4.72901       -0.16343   2   3
        4.72901       -0.16308   2   4
        4.72901       -0.08688   2   5
        4.72901       -0.08678   2   6
        4.72901       -0.01197   2   7
        4.72901       -0.01139   2   8
        4.72901        0.01885   2   9
        4.72901        0.01902   2  10
        4.72901        0.11711   2  11
        4.72901        0.11725   2  12
        4.72901        0.23463   2  13
        4.72901        0.23494   2  14
        4.72901        0.29383   2  15
        4.72901        0.29477   2  16
        4.72901        0.38539   2  17
        4.72901        0.38638   2  18
        4.72901        0.47292   2  19
        4.72901        0.47314   2  20
        4.72901        0.66194   2  21
        4.72901        0.66230   2  22
        4.79488       -0.21525   2   1
        4.79488       -0.21501   2   2
        4.79488       -0.16240   2   3
        4.79488       -0.16209   2   4
        4.79488       -0.08322   2   5
        4.79488       -0.08310   2   6
        4.79488       -0.00817   2   7
        4.79488       -0.00812   2   8
        4.79488        0.01538   2   9
        4.79488        0.01592   2  10
        4.79488        0.11901   2  11
        4.79488        0.11920   2  12
        4.79488        0.23208   2  13
        4.79488        0.23242   2  14
        4.79488        0.29266   2  15
        4.79488        0.29359   2  16
        4.79488        0.38658   2  17
        4.79488        0.38756   2  18
        4.79488        0.47169   2  19
        4.79488        0.47196   2  20
        4.79488        0.66268   2  21
        4.79488        0.66313   2  22
        4.79488       -0.21525   2   1
        4.79488       -0.21501   2   2
        4.79488       -0.16240   2   3
        4.79488       -0.16209   2   4
        4.79488       -0.08322   2   5
        4.79488       -0.08310   2   6
        4.79488       -0.00817   2   7
        4.79488       -0.00812   2   8
        4.79488        0.01538   2   9
        4.79488        0.01592   2  10
        4.79488        0.11901   2  11
        4.79488        0.11920   2  12
        4.79488        0.23208   2  13
        4.79488        0.23242   2  14
        4.79488        0.29266   2  15
        4.79488        0.29359   2  16
        4.79488        0.38658   2  17
        4.79488        0.38756   2  18
        4.79488        0.47169   2  19
        4.79488        0.47196   2  20
        4.79488        0.66268   2  21
        4.79488        0.66313   2  22
        4.86631       -0.21470   2   1
        4.86631       -0.21426   2   2
        4.86631       -0.16373   2   3
        4.86631       -0.16342   2   4
        4.86631       -0.08168   2   5
        4.86631       -0.08163   2   6
        4.86631       -0.01391   2   7
        4.86631       -0.01379   2   8
        4.86631        0.02083   2   9
        4.86631        0.02145   2  10
        4.86631        0.10624   2  11
        4.86631        0.10645   2  12
        4.86631        0.23901   2  13
        4.86631        0.23930   2  14
        4.86631        0.29255   2  15
        4.86631        0.29347   2  16
        4.86631        0.38609   2  17
        4.86631        0.38704   2  18
        4.86631        0.47393   2  19
        4.86631        0.47404   2  20
        4.86631        0.66114   2  21
        4.86631        0.66198   2  22
        4.93773       -0.21242   2   1
        4.93773       -0.21195   2   2
        4.93773       -0.16698   2   3
        4.93773       -0.16697   2   4
        4.93773       -0.07784   2   5
        4.93773       -0.07768   2   6
        4.93773       -0.02306   2   7
        4.93773       -0.02303   2   8
        4.93773        0.03005   2   9
        4.93773        0.03042   2  10
        4.93773        0.08052   2  11
        4.93773        0.08095   2  12
        4.93773        0.25355   2  13
        4.93773        0.25371   2  14
        4.93773        0.29220   2  15
        4.93773        0.29315   2  16
        4.93773        0.38472   2  17
        4.93773        0.38569   2  18
        4.93773        0.47951   2  19
        4.93773        0.47957   2  20
        4.93773        0.65368   2  21
        4.93773        0.65681   2  22
        5.00916       -0.20838   2   1
        5.00916       -0.20831   2   2
        5.00916       -0.17074   2   3
        5.00916       -0.16932   2   4
        5.00916       -0.07331   2   5
        5.00916       -0.07328   2   6
        5.00916       -0.03079   2   7
        5.00916       -0.03032   2   8
        5.00916        0.03436   2   9
        5.00916        0.03445   2  10
        5.00916        0.06221   2  11
        5.00916        0.06277   2  12
        5.00916        0.27057   2  13
        5.00916        0.27062   2  14
        5.00916        0.29168   2  15
        5.00916        0.29267   2  16
        5.00916        0.38257   2  17
        5.00916        0.38369   2  18
        5.00916        0.48730   2  19
        5.00916        0.48740   2  20
        5.00916        0.63853   2  21
        5.00916        0.64215   2  22
        5.08059       -0.20555   2   1
        5.08059       -0.20532   2   2
        5.08059       -0.16981   2   3
        5.08059       -0.16582   2   4
        5.08059       -0.07128   2   5
        5.08059       -0.07123   2   6
        5.08059       -0.03665   2   7
        5.08059       -0.03589   2   8
        5.08059        0.02476   2   9
        5.08059        0.02496   2  10
        5.08059        0.06331   2  11
        5.08059        0.06357   2  12
        5.08059        0.28868   2  13
        5.08059        0.28878   2  14
        5.08059        0.29140   2  15
        5.08059        0.29228   2  16
        5.08059        0.37953   2  17
        5.08059        0.38080   2  18
        5.08059        0.49794   2  19
        5.08059        0.49819   2  20
        5.08059        0.61654   2  21
        5.08059        0.61826   2  22
        5.15202       -0.20564   2   1
        5.15202       -0.20533   2   2
        5.15202       -0.15905   2   3
        5.15202       -0.15414   2   4
        5.15202       -0.07665   2   5
        5.15202       -0.07642   2   6
        5.15202       -0.03973   2   7
        5.15202       -0.03920   2   8
        5.15202        0.01099   2   9
        5.15202        0.01171   2  10
        5.15202        0.06943   2  11
        5.15202        0.06995   2  12
        5.15202        0.29035   2  13
        5.15202        0.29131   2  14
        5.15202        0.30593   2  15
        5.15202        0.30598   2  16
        5.15202        0.37585   2  17
        5.15202        0.37722   2  18
        5.15202        0.51276   2  19
        5.15202        0.51287   2  20
        5.15202        0.59162   2  21
        5.15202        0.59206   2  22
        5.22345       -0.20670   2   1
        5.22345       -0.20648   2   2
        5.22345       -0.13944   2   3
        5.22345       -0.13651   2   4
        5.22345       -0.09204   2   5
        5.22345       -0.09185   2   6
        5.22345       -0.03980   2   7
        5.22345       -0.03929   2   8
        5.22345       -0.00072   2   9
        5.22345        0.00100   2  10
        5.22345        0.07362   2  11
        5.22345        0.07366   2  12
        5.22345        0.29000   2  13
        5.22345        0.29084   2  14
        5.22345        0.31675   2  15
        5.22345        0.31676   2  16
        5.22345        0.37281   2  17
        5.22345        0.37431   2  18
        5.22345        0.53028   2  19
        5.22345        0.53075   2  20
        5.22345        0.56847   2  21
        5.22345        0.56934   2  22
        5.29488       -0.20734   2   1
        5.29488       -0.20680   2   2
        5.29488       -0.11952   2   3
        5.29488       -0.11880   2   4
        5.29488       -0.11013   2   5
        5.29488       -0.10993   2   6
        5.29488       -0.03939   2   7
        5.29488       -0.03880   2   8
        5.29488       -0.00552   2   9
        5.29488       -0.00320   2  10
        5.29488        0.07464   2  11
        5.29488        0.07496   2  12
        5.29488        0.28987   2  13
        5.29488        0.29065   2  14
        5.29488        0.32015   2  15
        5.29488        0.32023   2  16
        5.29488        0.37169   2  17
        5.29488        0.37328   2  18
        5.29488        0.54749   2  19
        5.29488        0.54778   2  20
        5.29488        0.55053   2  21
        5.29488        0.55080   2  22
        5.29488       -0.20734   2   1
        5.29488       -0.20680   2   2
        5.29488       -0.11952   2   3
        5.29488       -0.11880   2   4
        5.29488       -0.11013   2   5
        5.29488       -0.10993   2   6
        5.29488       -0.03939   2   7
        5.29488       -0.03880   2   8
        5.29488       -0.00552   2   9
        5.29488       -0.00320   2  10
        5.29488        0.07464   2  11
        5.29488        0.07496   2  12
        5.29488        0.28987   2  13
        5.29488        0.29065   2  14
        5.29488        0.32015   2  15
        5.29488        0.32023   2  16
        5.29488        0.37169   2  17
        5.29488        0.37328   2  18
        5.29488        0.54749   2  19
        5.29488        0.54778   2  20
        5.29488        0.55053   2  21
        5.29488        0.55080   2  22
        5.36559       -0.20782   2   1
        5.36559       -0.20580   2   2
        5.36559       -0.14591   2   3
        5.36559       -0.12250   2   4
        5.36559       -0.11083   2   5
        5.36559       -0.08006   2   6
        5.36559       -0.04008   2   7
        5.36559       -0.03916   2   8
        5.36559       -0.00232   2   9
        5.36559        0.00222   2  10
        5.36559        0.07253   2  11
        5.36559        0.07501   2  12
        5.36559        0.28998   2  13
        5.36559        0.29088   2  14
        5.36559        0.31494   2  15
        5.36559        0.31894   2  16
        5.36559        0.37081   2  17
        5.36559        0.37586   2  18
        5.36559        0.52199   2  19
        5.36559        0.54763   2  20
        5.36559        0.55252   2  21
        5.36559        0.57612   2  22
        5.43630       -0.20960   2   1
        5.43630       -0.20283   2   2
        5.43630       -0.16657   2   3
        5.43630       -0.13406   2   4
        5.43630       -0.11554   2   5
        5.43630       -0.04840   2   6
        5.43630       -0.04060   2   7
        5.43630       -0.04011   2   8
        5.43630        0.00439   2   9
        5.43630        0.01635   2  10
        5.43630        0.06452   2  11
        5.43630        0.07529   2  12
        5.43630        0.29028   2  13
        5.43630        0.29151   2  14
        5.43630        0.30049   2  15
        5.43630        0.31637   2  16
        5.43630        0.36600   2  17
        5.43630        0.38323   2  18
        5.43630        0.49710   2  19
        5.43630        0.54792   2  20
        5.43630        0.55853   2  21
        5.43630        0.60335   2  22
        5.50701       -0.21228   2   1
        5.50701       -0.19666   2   2
        5.50701       -0.17778   2   3
        5.50701       -0.14983   2   4
        5.50701       -0.12491   2   5
        5.50701       -0.04206   2   6
        5.50701       -0.03969   2   7
        5.50701       -0.02287   2   8
        5.50701        0.01089   2   9
        5.50701        0.03433   2  10
        5.50701        0.05092   2  11
        5.50701        0.07692   2  12
        5.50701        0.28201   2  13
        5.50701        0.29070   2  14
        5.50701        0.29229   2  15
        5.50701        0.31425   2  16
        5.50701        0.35673   2  17
        5.50701        0.39103   2  18
        5.50701        0.47939   2  19
        5.50701        0.54763   2  20
        5.50701        0.56640   2  21
        5.50701        0.62751   2  22
        5.57772       -0.21428   2   1
        5.57772       -0.18666   2   2
        5.57772       -0.18464   2   3
        5.57772       -0.16382   2   4
        5.57772       -0.13638   2   5
        5.57772       -0.04396   2   6
        5.57772       -0.03894   2   7
        5.57772       -0.01160   2   8
        5.57772        0.01830   2   9
        5.57772        0.04329   2  10
        5.57772        0.05221   2  11
        5.57772        0.08360   2  12
        5.57772        0.26439   2  13
        5.57772        0.29113   2  14
        5.57772        0.29301   2  15
        5.57772        0.31196   2  16
        5.57772        0.34756   2  17
        5.57772        0.39424   2  18
        5.57772        0.46987   2  19
        5.57772        0.54639   2  20
        5.57772        0.57164   2  21
        5.57772        0.64487   2  22
        5.64843       -0.21538   2   1
        5.64843       -0.18837   2   2
        5.64843       -0.17659   2   3
        5.64843       -0.17527   2   4
        5.64843       -0.14828   2   5
        5.64843       -0.04329   2   6
        5.64843       -0.03928   2   7
        5.64843       -0.02326   2   8
        5.64843        0.02915   2   9
        5.64843        0.05478   2  10
        5.64843        0.06223   2  11
        5.64843        0.10165   2  12
        5.64843        0.25130   2  13
        5.64843        0.29155   2  14
        5.64843        0.29357   2  15
        5.64843        0.30794   2  16
        5.64843        0.34122   2  17
        5.64843        0.39196   2  18
        5.64843        0.46800   2  19
        5.64843        0.54551   2  20
        5.64843        0.57571   2  21
        5.64843        0.65656   2  22
        5.71914       -0.21524   2   1
        5.71914       -0.18928   2   2
        5.71914       -0.18556   2   3
        5.71914       -0.17300   2   4
        5.71914       -0.15554   2   5
        5.71914       -0.04524   2   6
        5.71914       -0.04107   2   7
        5.71914       -0.03909   2   8
        5.71914        0.04151   2   9
        5.71914        0.06432   2  10
        5.71914        0.07547   2  11
        5.71914        0.12371   2  12
        5.71914        0.24631   2  13
        5.71914        0.29197   2  14
        5.71914        0.29390   2  15
        5.71914        0.30304   2  16
        5.71914        0.33592   2  17
        5.71914        0.38607   2  18
        5.71914        0.47375   2  19
        5.71914        0.54578   2  20
        5.71914        0.58071   2  21
        5.71914        0.66062   2  22
        5.78985       -0.21275   2   1
        5.78985       -0.19277   2   2
        5.78985       -0.19022   2   3
        5.78985       -0.17731   2   4
        5.78985       -0.15260   2   5
        5.78985       -0.07109   2   6
        5.78985       -0.03998   2   7
        5.78985       -0.03772   2   8
        5.78985        0.05135   2   9
        5.78985        0.06480   2  10
        5.78985        0.09866   2  11
        5.78985        0.13637   2  12
        5.78985        0.25143   2  13
        5.78985        0.29239   2  14
        5.78985        0.29394   2  15
        5.78985        0.29938   2  16
        5.78985        0.33099   2  17
        5.78985        0.37671   2  18
        5.78985        0.48666   2  19
        5.78985        0.54591   2  20
        5.78985        0.58316   2  21
        5.78985        0.64933   2  22
        5.86056       -0.20800   2   1
        5.86056       -0.19587   2   2
        5.86056       -0.19169   2   3
        5.86056       -0.18315   2   4
        5.86056       -0.14511   2   5
        5.86056       -0.09888   2   6
        5.86056       -0.03960   2   7
        5.86056       -0.03671   2   8
        5.86056        0.05780   2   9
        5.86056        0.06550   2  10
        5.86056        0.11859   2  11
        5.86056        0.13795   2  12
        5.86056        0.26498   2  13
        5.86056        0.29270   2  14
        5.86056        0.29385   2  15
        5.86056        0.29696   2  16
        5.86056        0.32925   2  17
        5.86056        0.36251   2  18
        5.86056        0.50714   2  19
        5.86056        0.54530   2  20
        5.86056        0.58201   2  21
        5.86056        0.62330   2  22
        5.93127       -0.20208   2   1
        5.93127       -0.19722   2   2
        5.93127       -0.19224   2   3
        5.93127       -0.19024   2   4
        5.93127       -0.13789   2   5
        5.93127       -0.12323   2   6
        5.93127       -0.03779   2   7
        5.93127       -0.03686   2   8
        5.93127        0.06205   2   9
        5.93127        0.06533   2  10
        5.93127        0.13015   2  11
        5.93127        0.13513   2  12
        5.93127        0.28258   2  13
        5.93127        0.29283   2  14
        5.93127        0.29379   2  15
        5.93127        0.29475   2  16
        5.93127        0.33088   2  17
        5.93127        0.34478   2  18
        5.93127        0.53143   2  19
        5.93127        0.54499   2  20
        5.93127        0.58151   2  21
        5.93127        0.59579   2  22
        6.00198       -0.19837   2   1
        6.00198       -0.19783   2   2
        6.00198       -0.19398   2   3
        6.00198       -0.19256   2   4
        6.00198       -0.13486   2   5
        6.00198       -0.13372   2   6
        6.00198       -0.03717   2   7
        6.00198       -0.03651   2   8
        6.00198        0.06373   2   9
        6.00198        0.06482   2  10
        6.00198        0.13356   2  11
        6.00198        0.13365   2  12
        6.00198        0.29285   2  13
        6.00198        0.29362   2  14
        6.00198        0.29366   2  15
        6.00198        0.29378   2  16
        6.00198        0.33208   2  17
        6.00198        0.33364   2  18
        6.00198        0.54506   2  19
        6.00198        0.54541   2  20
        6.00198        0.58183   2  21
        6.00198        0.58203   2  22
