 nbb,nqbz
           6          64
  0.25000000000000000        0.0000000000000000        0.0000000000000000        8.0000000000000000     
   0.0000000000000000       0.25000000000000000        0.0000000000000000        8.0000000000000000     
   0.0000000000000000        0.0000000000000000       0.36225963454508481        3.8100450869533038     
 -0.25000000000000000       -0.0000000000000000       -0.0000000000000000        8.0000000000000000     
  -0.0000000000000000      -0.25000000000000000       -0.0000000000000000        8.0000000000000000     
  -0.0000000000000000       -0.0000000000000000      -0.36225963454508481        3.8100450869533038     
    1      0.0000000000000000      0.0000000000000000      0.0000000000000000
    1    1    2      0.2500000000000000      0.0000000000000000      0.0000000000000000
    1    2    5      0.0000000000000000      0.2500000000000000      0.0000000000000000
    1    3   17      0.0000000000000000      0.0000000000000000      0.3622596345450848
    1    4    4      0.7500000000000000      0.0000000000000000      0.0000000000000000
    1    5   13      0.0000000000000000      0.7500000000000000      0.0000000000000000
    1    6   49      0.0000000000000000      0.0000000000000000      1.0867789036352544
    2      0.2500000000000000      0.0000000000000000      0.0000000000000000
    2    1    3      0.5000000000000000      0.0000000000000000      0.0000000000000000
    2    2    6      0.2500000000000000      0.2500000000000000      0.0000000000000000
    2    3   18      0.2500000000000000      0.0000000000000000      0.3622596345450848
    2    4    1      0.0000000000000000      0.0000000000000000      0.0000000000000000
    2    5   14      0.2500000000000000      0.7500000000000000      0.0000000000000000
    2    6   50      0.2500000000000000      0.0000000000000000      1.0867789036352544
    3      0.5000000000000000      0.0000000000000000      0.0000000000000000
    3    1    4      0.7500000000000000      0.0000000000000000      0.0000000000000000
    3    2    7      0.5000000000000000      0.2500000000000000      0.0000000000000000
    3    3   19      0.5000000000000000      0.0000000000000000      0.3622596345450848
    3    4    2      0.2500000000000000      0.0000000000000000      0.0000000000000000
    3    5   15      0.5000000000000000      0.7500000000000000      0.0000000000000000
    3    6   51      0.5000000000000000      0.0000000000000000      1.0867789036352544
    4      0.7500000000000000      0.0000000000000000      0.0000000000000000
    4    1    1      0.0000000000000000      0.0000000000000000      0.0000000000000000
    4    2    8      0.7500000000000000      0.2500000000000000      0.0000000000000000
    4    3   20      0.7500000000000000      0.0000000000000000      0.3622596345450848
    4    4    3      0.5000000000000000      0.0000000000000000      0.0000000000000000
    4    5   16      0.7500000000000000      0.7500000000000000      0.0000000000000000
    4    6   52      0.7500000000000000      0.0000000000000000      1.0867789036352544
    5      0.0000000000000000      0.2500000000000000      0.0000000000000000
    5    1    6      0.2500000000000000      0.2500000000000000      0.0000000000000000
    5    2    9      0.0000000000000000      0.5000000000000000      0.0000000000000000
    5    3   21      0.0000000000000000      0.2500000000000000      0.3622596345450848
    5    4    8      0.7500000000000000      0.2500000000000000      0.0000000000000000
    5    5    1      0.0000000000000000      0.0000000000000000      0.0000000000000000
    5    6   53      0.0000000000000000      0.2500000000000000      1.0867789036352544
    6      0.2500000000000000      0.2500000000000000      0.0000000000000000
    6    1    7      0.5000000000000000      0.2500000000000000      0.0000000000000000
    6    2   10      0.2500000000000000      0.5000000000000000      0.0000000000000000
    6    3   22      0.2500000000000000      0.2500000000000000      0.3622596345450848
    6    4    5      0.0000000000000000      0.2500000000000000      0.0000000000000000
    6    5    2      0.2500000000000000      0.0000000000000000      0.0000000000000000
    6    6   54      0.2500000000000000      0.2500000000000000      1.0867789036352544
    7      0.5000000000000000      0.2500000000000000      0.0000000000000000
    7    1    8      0.7500000000000000      0.2500000000000000      0.0000000000000000
    7    2   11      0.5000000000000000      0.5000000000000000      0.0000000000000000
    7    3   23      0.5000000000000000      0.2500000000000000      0.3622596345450848
    7    4    6      0.2500000000000000      0.2500000000000000      0.0000000000000000
    7    5    3      0.5000000000000000      0.0000000000000000      0.0000000000000000
    7    6   55      0.5000000000000000      0.2500000000000000      1.0867789036352544
    8      0.7500000000000000      0.2500000000000000      0.0000000000000000
    8    1    5      0.0000000000000000      0.2500000000000000      0.0000000000000000
    8    2   12      0.7500000000000000      0.5000000000000000      0.0000000000000000
    8    3   24      0.7500000000000000      0.2500000000000000      0.3622596345450848
    8    4    7      0.5000000000000000      0.2500000000000000      0.0000000000000000
    8    5    4      0.7500000000000000      0.0000000000000000      0.0000000000000000
    8    6   56      0.7500000000000000      0.2500000000000000      1.0867789036352544
    9      0.0000000000000000      0.5000000000000000      0.0000000000000000
    9    1   10      0.2500000000000000      0.5000000000000000      0.0000000000000000
    9    2   13      0.0000000000000000      0.7500000000000000      0.0000000000000000
    9    3   25      0.0000000000000000      0.5000000000000000      0.3622596345450848
    9    4   12      0.7500000000000000      0.5000000000000000      0.0000000000000000
    9    5    5      0.0000000000000000      0.2500000000000000      0.0000000000000000
    9    6   57      0.0000000000000000      0.5000000000000000      1.0867789036352544
   10      0.2500000000000000      0.5000000000000000      0.0000000000000000
   10    1   11      0.5000000000000000      0.5000000000000000      0.0000000000000000
   10    2   14      0.2500000000000000      0.7500000000000000      0.0000000000000000
   10    3   26      0.2500000000000000      0.5000000000000000      0.3622596345450848
   10    4    9      0.0000000000000000      0.5000000000000000      0.0000000000000000
   10    5    6      0.2500000000000000      0.2500000000000000      0.0000000000000000
   10    6   58      0.2500000000000000      0.5000000000000000      1.0867789036352544
   11      0.5000000000000000      0.5000000000000000      0.0000000000000000
   11    1   12      0.7500000000000000      0.5000000000000000      0.0000000000000000
   11    2   15      0.5000000000000000      0.7500000000000000      0.0000000000000000
   11    3   27      0.5000000000000000      0.5000000000000000      0.3622596345450848
   11    4   10      0.2500000000000000      0.5000000000000000      0.0000000000000000
   11    5    7      0.5000000000000000      0.2500000000000000      0.0000000000000000
   11    6   59      0.5000000000000000      0.5000000000000000      1.0867789036352544
   12      0.7500000000000000      0.5000000000000000      0.0000000000000000
   12    1    9      0.0000000000000000      0.5000000000000000      0.0000000000000000
   12    2   16      0.7500000000000000      0.7500000000000000      0.0000000000000000
   12    3   28      0.7500000000000000      0.5000000000000000      0.3622596345450848
   12    4   11      0.5000000000000000      0.5000000000000000      0.0000000000000000
   12    5    8      0.7500000000000000      0.2500000000000000      0.0000000000000000
   12    6   60      0.7500000000000000      0.5000000000000000      1.0867789036352544
   13      0.0000000000000000      0.7500000000000000      0.0000000000000000
   13    1   14      0.2500000000000000      0.7500000000000000      0.0000000000000000
   13    2    1      0.0000000000000000      0.0000000000000000      0.0000000000000000
   13    3   29      0.0000000000000000      0.7500000000000000      0.3622596345450848
   13    4   16      0.7500000000000000      0.7500000000000000      0.0000000000000000
   13    5    9      0.0000000000000000      0.5000000000000000      0.0000000000000000
   13    6   61      0.0000000000000000      0.7500000000000000      1.0867789036352544
   14      0.2500000000000000      0.7500000000000000      0.0000000000000000
   14    1   15      0.5000000000000000      0.7500000000000000      0.0000000000000000
   14    2    2      0.2500000000000000      0.0000000000000000      0.0000000000000000
   14    3   30      0.2500000000000000      0.7500000000000000      0.3622596345450848
   14    4   13      0.0000000000000000      0.7500000000000000      0.0000000000000000
   14    5   10      0.2500000000000000      0.5000000000000000      0.0000000000000000
   14    6   62      0.2500000000000000      0.7500000000000000      1.0867789036352544
   15      0.5000000000000000      0.7500000000000000      0.0000000000000000
   15    1   16      0.7500000000000000      0.7500000000000000      0.0000000000000000
   15    2    3      0.5000000000000000      0.0000000000000000      0.0000000000000000
   15    3   31      0.5000000000000000      0.7500000000000000      0.3622596345450848
   15    4   14      0.2500000000000000      0.7500000000000000      0.0000000000000000
   15    5   11      0.5000000000000000      0.5000000000000000      0.0000000000000000
   15    6   63      0.5000000000000000      0.7500000000000000      1.0867789036352544
   16      0.7500000000000000      0.7500000000000000      0.0000000000000000
   16    1   13      0.0000000000000000      0.7500000000000000      0.0000000000000000
   16    2    4      0.7500000000000000      0.0000000000000000      0.0000000000000000
   16    3   32      0.7500000000000000      0.7500000000000000      0.3622596345450848
   16    4   15      0.5000000000000000      0.7500000000000000      0.0000000000000000
   16    5   12      0.7500000000000000      0.5000000000000000      0.0000000000000000
   16    6   64      0.7500000000000000      0.7500000000000000      1.0867789036352544
   17      0.0000000000000000      0.0000000000000000      0.3622596345450848
   17    1   18      0.2500000000000000      0.0000000000000000      0.3622596345450848
   17    2   21      0.0000000000000000      0.2500000000000000      0.3622596345450848
   17    3   33      0.0000000000000000      0.0000000000000000      0.7245192690901696
   17    4   20      0.7500000000000000      0.0000000000000000      0.3622596345450848
   17    5   29      0.0000000000000000      0.7500000000000000      0.3622596345450848
   17    6    1      0.0000000000000000      0.0000000000000000      0.0000000000000000
   18      0.2500000000000000      0.0000000000000000      0.3622596345450848
   18    1   19      0.5000000000000000      0.0000000000000000      0.3622596345450848
   18    2   22      0.2500000000000000      0.2500000000000000      0.3622596345450848
   18    3   34      0.2500000000000000      0.0000000000000000      0.7245192690901696
   18    4   17      0.0000000000000000      0.0000000000000000      0.3622596345450848
   18    5   30      0.2500000000000000      0.7500000000000000      0.3622596345450848
   18    6    2      0.2500000000000000      0.0000000000000000      0.0000000000000000
   19      0.5000000000000000      0.0000000000000000      0.3622596345450848
   19    1   20      0.7500000000000000      0.0000000000000000      0.3622596345450848
   19    2   23      0.5000000000000000      0.2500000000000000      0.3622596345450848
   19    3   35      0.5000000000000000      0.0000000000000000      0.7245192690901696
   19    4   18      0.2500000000000000      0.0000000000000000      0.3622596345450848
   19    5   31      0.5000000000000000      0.7500000000000000      0.3622596345450848
   19    6    3      0.5000000000000000      0.0000000000000000      0.0000000000000000
   20      0.7500000000000000      0.0000000000000000      0.3622596345450848
   20    1   17      0.0000000000000000      0.0000000000000000      0.3622596345450848
   20    2   24      0.7500000000000000      0.2500000000000000      0.3622596345450848
   20    3   36      0.7500000000000000      0.0000000000000000      0.7245192690901696
   20    4   19      0.5000000000000000      0.0000000000000000      0.3622596345450848
   20    5   32      0.7500000000000000      0.7500000000000000      0.3622596345450848
   20    6    4      0.7500000000000000      0.0000000000000000      0.0000000000000000
   21      0.0000000000000000      0.2500000000000000      0.3622596345450848
   21    1   22      0.2500000000000000      0.2500000000000000      0.3622596345450848
   21    2   25      0.0000000000000000      0.5000000000000000      0.3622596345450848
   21    3   37      0.0000000000000000      0.2500000000000000      0.7245192690901696
   21    4   24      0.7500000000000000      0.2500000000000000      0.3622596345450848
   21    5   17      0.0000000000000000      0.0000000000000000      0.3622596345450848
   21    6    5      0.0000000000000000      0.2500000000000000      0.0000000000000000
   22      0.2500000000000000      0.2500000000000000      0.3622596345450848
   22    1   23      0.5000000000000000      0.2500000000000000      0.3622596345450848
   22    2   26      0.2500000000000000      0.5000000000000000      0.3622596345450848
   22    3   38      0.2500000000000000      0.2500000000000000      0.7245192690901696
   22    4   21      0.0000000000000000      0.2500000000000000      0.3622596345450848
   22    5   18      0.2500000000000000      0.0000000000000000      0.3622596345450848
   22    6    6      0.2500000000000000      0.2500000000000000      0.0000000000000000
   23      0.5000000000000000      0.2500000000000000      0.3622596345450848
   23    1   24      0.7500000000000000      0.2500000000000000      0.3622596345450848
   23    2   27      0.5000000000000000      0.5000000000000000      0.3622596345450848
   23    3   39      0.5000000000000000      0.2500000000000000      0.7245192690901696
   23    4   22      0.2500000000000000      0.2500000000000000      0.3622596345450848
   23    5   19      0.5000000000000000      0.0000000000000000      0.3622596345450848
   23    6    7      0.5000000000000000      0.2500000000000000      0.0000000000000000
   24      0.7500000000000000      0.2500000000000000      0.3622596345450848
   24    1   21      0.0000000000000000      0.2500000000000000      0.3622596345450848
   24    2   28      0.7500000000000000      0.5000000000000000      0.3622596345450848
   24    3   40      0.7500000000000000      0.2500000000000000      0.7245192690901696
   24    4   23      0.5000000000000000      0.2500000000000000      0.3622596345450848
   24    5   20      0.7500000000000000      0.0000000000000000      0.3622596345450848
   24    6    8      0.7500000000000000      0.2500000000000000      0.0000000000000000
   25      0.0000000000000000      0.5000000000000000      0.3622596345450848
   25    1   26      0.2500000000000000      0.5000000000000000      0.3622596345450848
   25    2   29      0.0000000000000000      0.7500000000000000      0.3622596345450848
   25    3   41      0.0000000000000000      0.5000000000000000      0.7245192690901696
   25    4   28      0.7500000000000000      0.5000000000000000      0.3622596345450848
   25    5   21      0.0000000000000000      0.2500000000000000      0.3622596345450848
   25    6    9      0.0000000000000000      0.5000000000000000      0.0000000000000000
   26      0.2500000000000000      0.5000000000000000      0.3622596345450848
   26    1   27      0.5000000000000000      0.5000000000000000      0.3622596345450848
   26    2   30      0.2500000000000000      0.7500000000000000      0.3622596345450848
   26    3   42      0.2500000000000000      0.5000000000000000      0.7245192690901696
   26    4   25      0.0000000000000000      0.5000000000000000      0.3622596345450848
   26    5   22      0.2500000000000000      0.2500000000000000      0.3622596345450848
   26    6   10      0.2500000000000000      0.5000000000000000      0.0000000000000000
   27      0.5000000000000000      0.5000000000000000      0.3622596345450848
   27    1   28      0.7500000000000000      0.5000000000000000      0.3622596345450848
   27    2   31      0.5000000000000000      0.7500000000000000      0.3622596345450848
   27    3   43      0.5000000000000000      0.5000000000000000      0.7245192690901696
   27    4   26      0.2500000000000000      0.5000000000000000      0.3622596345450848
   27    5   23      0.5000000000000000      0.2500000000000000      0.3622596345450848
   27    6   11      0.5000000000000000      0.5000000000000000      0.0000000000000000
   28      0.7500000000000000      0.5000000000000000      0.3622596345450848
   28    1   25      0.0000000000000000      0.5000000000000000      0.3622596345450848
   28    2   32      0.7500000000000000      0.7500000000000000      0.3622596345450848
   28    3   44      0.7500000000000000      0.5000000000000000      0.7245192690901696
   28    4   27      0.5000000000000000      0.5000000000000000      0.3622596345450848
   28    5   24      0.7500000000000000      0.2500000000000000      0.3622596345450848
   28    6   12      0.7500000000000000      0.5000000000000000      0.0000000000000000
   29      0.0000000000000000      0.7500000000000000      0.3622596345450848
   29    1   30      0.2500000000000000      0.7500000000000000      0.3622596345450848
   29    2   17      0.0000000000000000      0.0000000000000000      0.3622596345450848
   29    3   45      0.0000000000000000      0.7500000000000000      0.7245192690901696
   29    4   32      0.7500000000000000      0.7500000000000000      0.3622596345450848
   29    5   25      0.0000000000000000      0.5000000000000000      0.3622596345450848
   29    6   13      0.0000000000000000      0.7500000000000000      0.0000000000000000
   30      0.2500000000000000      0.7500000000000000      0.3622596345450848
   30    1   31      0.5000000000000000      0.7500000000000000      0.3622596345450848
   30    2   18      0.2500000000000000      0.0000000000000000      0.3622596345450848
   30    3   46      0.2500000000000000      0.7500000000000000      0.7245192690901696
   30    4   29      0.0000000000000000      0.7500000000000000      0.3622596345450848
   30    5   26      0.2500000000000000      0.5000000000000000      0.3622596345450848
   30    6   14      0.2500000000000000      0.7500000000000000      0.0000000000000000
   31      0.5000000000000000      0.7500000000000000      0.3622596345450848
   31    1   32      0.7500000000000000      0.7500000000000000      0.3622596345450848
   31    2   19      0.5000000000000000      0.0000000000000000      0.3622596345450848
   31    3   47      0.5000000000000000      0.7500000000000000      0.7245192690901696
   31    4   30      0.2500000000000000      0.7500000000000000      0.3622596345450848
   31    5   27      0.5000000000000000      0.5000000000000000      0.3622596345450848
   31    6   15      0.5000000000000000      0.7500000000000000      0.0000000000000000
   32      0.7500000000000000      0.7500000000000000      0.3622596345450848
   32    1   29      0.0000000000000000      0.7500000000000000      0.3622596345450848
   32    2   20      0.7500000000000000      0.0000000000000000      0.3622596345450848
   32    3   48      0.7500000000000000      0.7500000000000000      0.7245192690901696
   32    4   31      0.5000000000000000      0.7500000000000000      0.3622596345450848
   32    5   28      0.7500000000000000      0.5000000000000000      0.3622596345450848
   32    6   16      0.7500000000000000      0.7500000000000000      0.0000000000000000
   33      0.0000000000000000      0.0000000000000000      0.7245192690901696
   33    1   34      0.2500000000000000      0.0000000000000000      0.7245192690901696
   33    2   37      0.0000000000000000      0.2500000000000000      0.7245192690901696
   33    3   49      0.0000000000000000      0.0000000000000000      1.0867789036352544
   33    4   36      0.7500000000000000      0.0000000000000000      0.7245192690901696
   33    5   45      0.0000000000000000      0.7500000000000000      0.7245192690901696
   33    6   17      0.0000000000000000      0.0000000000000000      0.3622596345450848
   34      0.2500000000000000      0.0000000000000000      0.7245192690901696
   34    1   35      0.5000000000000000      0.0000000000000000      0.7245192690901696
   34    2   38      0.2500000000000000      0.2500000000000000      0.7245192690901696
   34    3   50      0.2500000000000000      0.0000000000000000      1.0867789036352544
   34    4   33      0.0000000000000000      0.0000000000000000      0.7245192690901696
   34    5   46      0.2500000000000000      0.7500000000000000      0.7245192690901696
   34    6   18      0.2500000000000000      0.0000000000000000      0.3622596345450848
   35      0.5000000000000000      0.0000000000000000      0.7245192690901696
   35    1   36      0.7500000000000000      0.0000000000000000      0.7245192690901696
   35    2   39      0.5000000000000000      0.2500000000000000      0.7245192690901696
   35    3   51      0.5000000000000000      0.0000000000000000      1.0867789036352544
   35    4   34      0.2500000000000000      0.0000000000000000      0.7245192690901696
   35    5   47      0.5000000000000000      0.7500000000000000      0.7245192690901696
   35    6   19      0.5000000000000000      0.0000000000000000      0.3622596345450848
   36      0.7500000000000000      0.0000000000000000      0.7245192690901696
   36    1   33      0.0000000000000000      0.0000000000000000      0.7245192690901696
   36    2   40      0.7500000000000000      0.2500000000000000      0.7245192690901696
   36    3   52      0.7500000000000000      0.0000000000000000      1.0867789036352544
   36    4   35      0.5000000000000000      0.0000000000000000      0.7245192690901696
   36    5   48      0.7500000000000000      0.7500000000000000      0.7245192690901696
   36    6   20      0.7500000000000000      0.0000000000000000      0.3622596345450848
   37      0.0000000000000000      0.2500000000000000      0.7245192690901696
   37    1   38      0.2500000000000000      0.2500000000000000      0.7245192690901696
   37    2   41      0.0000000000000000      0.5000000000000000      0.7245192690901696
   37    3   53      0.0000000000000000      0.2500000000000000      1.0867789036352544
   37    4   40      0.7500000000000000      0.2500000000000000      0.7245192690901696
   37    5   33      0.0000000000000000      0.0000000000000000      0.7245192690901696
   37    6   21      0.0000000000000000      0.2500000000000000      0.3622596345450848
   38      0.2500000000000000      0.2500000000000000      0.7245192690901696
   38    1   39      0.5000000000000000      0.2500000000000000      0.7245192690901696
   38    2   42      0.2500000000000000      0.5000000000000000      0.7245192690901696
   38    3   54      0.2500000000000000      0.2500000000000000      1.0867789036352544
   38    4   37      0.0000000000000000      0.2500000000000000      0.7245192690901696
   38    5   34      0.2500000000000000      0.0000000000000000      0.7245192690901696
   38    6   22      0.2500000000000000      0.2500000000000000      0.3622596345450848
   39      0.5000000000000000      0.2500000000000000      0.7245192690901696
   39    1   40      0.7500000000000000      0.2500000000000000      0.7245192690901696
   39    2   43      0.5000000000000000      0.5000000000000000      0.7245192690901696
   39    3   55      0.5000000000000000      0.2500000000000000      1.0867789036352544
   39    4   38      0.2500000000000000      0.2500000000000000      0.7245192690901696
   39    5   35      0.5000000000000000      0.0000000000000000      0.7245192690901696
   39    6   23      0.5000000000000000      0.2500000000000000      0.3622596345450848
   40      0.7500000000000000      0.2500000000000000      0.7245192690901696
   40    1   37      0.0000000000000000      0.2500000000000000      0.7245192690901696
   40    2   44      0.7500000000000000      0.5000000000000000      0.7245192690901696
   40    3   56      0.7500000000000000      0.2500000000000000      1.0867789036352544
   40    4   39      0.5000000000000000      0.2500000000000000      0.7245192690901696
   40    5   36      0.7500000000000000      0.0000000000000000      0.7245192690901696
   40    6   24      0.7500000000000000      0.2500000000000000      0.3622596345450848
   41      0.0000000000000000      0.5000000000000000      0.7245192690901696
   41    1   42      0.2500000000000000      0.5000000000000000      0.7245192690901696
   41    2   45      0.0000000000000000      0.7500000000000000      0.7245192690901696
   41    3   57      0.0000000000000000      0.5000000000000000      1.0867789036352544
   41    4   44      0.7500000000000000      0.5000000000000000      0.7245192690901696
   41    5   37      0.0000000000000000      0.2500000000000000      0.7245192690901696
   41    6   25      0.0000000000000000      0.5000000000000000      0.3622596345450848
   42      0.2500000000000000      0.5000000000000000      0.7245192690901696
   42    1   43      0.5000000000000000      0.5000000000000000      0.7245192690901696
   42    2   46      0.2500000000000000      0.7500000000000000      0.7245192690901696
   42    3   58      0.2500000000000000      0.5000000000000000      1.0867789036352544
   42    4   41      0.0000000000000000      0.5000000000000000      0.7245192690901696
   42    5   38      0.2500000000000000      0.2500000000000000      0.7245192690901696
   42    6   26      0.2500000000000000      0.5000000000000000      0.3622596345450848
   43      0.5000000000000000      0.5000000000000000      0.7245192690901696
   43    1   44      0.7500000000000000      0.5000000000000000      0.7245192690901696
   43    2   47      0.5000000000000000      0.7500000000000000      0.7245192690901696
   43    3   59      0.5000000000000000      0.5000000000000000      1.0867789036352544
   43    4   42      0.2500000000000000      0.5000000000000000      0.7245192690901696
   43    5   39      0.5000000000000000      0.2500000000000000      0.7245192690901696
   43    6   27      0.5000000000000000      0.5000000000000000      0.3622596345450848
   44      0.7500000000000000      0.5000000000000000      0.7245192690901696
   44    1   41      0.0000000000000000      0.5000000000000000      0.7245192690901696
   44    2   48      0.7500000000000000      0.7500000000000000      0.7245192690901696
   44    3   60      0.7500000000000000      0.5000000000000000      1.0867789036352544
   44    4   43      0.5000000000000000      0.5000000000000000      0.7245192690901696
   44    5   40      0.7500000000000000      0.2500000000000000      0.7245192690901696
   44    6   28      0.7500000000000000      0.5000000000000000      0.3622596345450848
   45      0.0000000000000000      0.7500000000000000      0.7245192690901696
   45    1   46      0.2500000000000000      0.7500000000000000      0.7245192690901696
   45    2   33      0.0000000000000000      0.0000000000000000      0.7245192690901696
   45    3   61      0.0000000000000000      0.7500000000000000      1.0867789036352544
   45    4   48      0.7500000000000000      0.7500000000000000      0.7245192690901696
   45    5   41      0.0000000000000000      0.5000000000000000      0.7245192690901696
   45    6   29      0.0000000000000000      0.7500000000000000      0.3622596345450848
   46      0.2500000000000000      0.7500000000000000      0.7245192690901696
   46    1   47      0.5000000000000000      0.7500000000000000      0.7245192690901696
   46    2   34      0.2500000000000000      0.0000000000000000      0.7245192690901696
   46    3   62      0.2500000000000000      0.7500000000000000      1.0867789036352544
   46    4   45      0.0000000000000000      0.7500000000000000      0.7245192690901696
   46    5   42      0.2500000000000000      0.5000000000000000      0.7245192690901696
   46    6   30      0.2500000000000000      0.7500000000000000      0.3622596345450848
   47      0.5000000000000000      0.7500000000000000      0.7245192690901696
   47    1   48      0.7500000000000000      0.7500000000000000      0.7245192690901696
   47    2   35      0.5000000000000000      0.0000000000000000      0.7245192690901696
   47    3   63      0.5000000000000000      0.7500000000000000      1.0867789036352544
   47    4   46      0.2500000000000000      0.7500000000000000      0.7245192690901696
   47    5   43      0.5000000000000000      0.5000000000000000      0.7245192690901696
   47    6   31      0.5000000000000000      0.7500000000000000      0.3622596345450848
   48      0.7500000000000000      0.7500000000000000      0.7245192690901696
   48    1   45      0.0000000000000000      0.7500000000000000      0.7245192690901696
   48    2   36      0.7500000000000000      0.0000000000000000      0.7245192690901696
   48    3   64      0.7500000000000000      0.7500000000000000      1.0867789036352544
   48    4   47      0.5000000000000000      0.7500000000000000      0.7245192690901696
   48    5   44      0.7500000000000000      0.5000000000000000      0.7245192690901696
   48    6   32      0.7500000000000000      0.7500000000000000      0.3622596345450848
   49      0.0000000000000000      0.0000000000000000      1.0867789036352544
   49    1   50      0.2500000000000000      0.0000000000000000      1.0867789036352544
   49    2   53      0.0000000000000000      0.2500000000000000      1.0867789036352544
   49    3    1      0.0000000000000000      0.0000000000000000      0.0000000000000000
   49    4   52      0.7500000000000000      0.0000000000000000      1.0867789036352544
   49    5   61      0.0000000000000000      0.7500000000000000      1.0867789036352544
   49    6   33      0.0000000000000000      0.0000000000000000      0.7245192690901696
   50      0.2500000000000000      0.0000000000000000      1.0867789036352544
   50    1   51      0.5000000000000000      0.0000000000000000      1.0867789036352544
   50    2   54      0.2500000000000000      0.2500000000000000      1.0867789036352544
   50    3    2      0.2500000000000000      0.0000000000000000      0.0000000000000000
   50    4   49      0.0000000000000000      0.0000000000000000      1.0867789036352544
   50    5   62      0.2500000000000000      0.7500000000000000      1.0867789036352544
   50    6   34      0.2500000000000000      0.0000000000000000      0.7245192690901696
   51      0.5000000000000000      0.0000000000000000      1.0867789036352544
   51    1   52      0.7500000000000000      0.0000000000000000      1.0867789036352544
   51    2   55      0.5000000000000000      0.2500000000000000      1.0867789036352544
   51    3    3      0.5000000000000000      0.0000000000000000      0.0000000000000000
   51    4   50      0.2500000000000000      0.0000000000000000      1.0867789036352544
   51    5   63      0.5000000000000000      0.7500000000000000      1.0867789036352544
   51    6   35      0.5000000000000000      0.0000000000000000      0.7245192690901696
   52      0.7500000000000000      0.0000000000000000      1.0867789036352544
   52    1   49      0.0000000000000000      0.0000000000000000      1.0867789036352544
   52    2   56      0.7500000000000000      0.2500000000000000      1.0867789036352544
   52    3    4      0.7500000000000000      0.0000000000000000      0.0000000000000000
   52    4   51      0.5000000000000000      0.0000000000000000      1.0867789036352544
   52    5   64      0.7500000000000000      0.7500000000000000      1.0867789036352544
   52    6   36      0.7500000000000000      0.0000000000000000      0.7245192690901696
   53      0.0000000000000000      0.2500000000000000      1.0867789036352544
   53    1   54      0.2500000000000000      0.2500000000000000      1.0867789036352544
   53    2   57      0.0000000000000000      0.5000000000000000      1.0867789036352544
   53    3    5      0.0000000000000000      0.2500000000000000      0.0000000000000000
   53    4   56      0.7500000000000000      0.2500000000000000      1.0867789036352544
   53    5   49      0.0000000000000000      0.0000000000000000      1.0867789036352544
   53    6   37      0.0000000000000000      0.2500000000000000      0.7245192690901696
   54      0.2500000000000000      0.2500000000000000      1.0867789036352544
   54    1   55      0.5000000000000000      0.2500000000000000      1.0867789036352544
   54    2   58      0.2500000000000000      0.5000000000000000      1.0867789036352544
   54    3    6      0.2500000000000000      0.2500000000000000      0.0000000000000000
   54    4   53      0.0000000000000000      0.2500000000000000      1.0867789036352544
   54    5   50      0.2500000000000000      0.0000000000000000      1.0867789036352544
   54    6   38      0.2500000000000000      0.2500000000000000      0.7245192690901696
   55      0.5000000000000000      0.2500000000000000      1.0867789036352544
   55    1   56      0.7500000000000000      0.2500000000000000      1.0867789036352544
   55    2   59      0.5000000000000000      0.5000000000000000      1.0867789036352544
   55    3    7      0.5000000000000000      0.2500000000000000      0.0000000000000000
   55    4   54      0.2500000000000000      0.2500000000000000      1.0867789036352544
   55    5   51      0.5000000000000000      0.0000000000000000      1.0867789036352544
   55    6   39      0.5000000000000000      0.2500000000000000      0.7245192690901696
   56      0.7500000000000000      0.2500000000000000      1.0867789036352544
   56    1   53      0.0000000000000000      0.2500000000000000      1.0867789036352544
   56    2   60      0.7500000000000000      0.5000000000000000      1.0867789036352544
   56    3    8      0.7500000000000000      0.2500000000000000      0.0000000000000000
   56    4   55      0.5000000000000000      0.2500000000000000      1.0867789036352544
   56    5   52      0.7500000000000000      0.0000000000000000      1.0867789036352544
   56    6   40      0.7500000000000000      0.2500000000000000      0.7245192690901696
   57      0.0000000000000000      0.5000000000000000      1.0867789036352544
   57    1   58      0.2500000000000000      0.5000000000000000      1.0867789036352544
   57    2   61      0.0000000000000000      0.7500000000000000      1.0867789036352544
   57    3    9      0.0000000000000000      0.5000000000000000      0.0000000000000000
   57    4   60      0.7500000000000000      0.5000000000000000      1.0867789036352544
   57    5   53      0.0000000000000000      0.2500000000000000      1.0867789036352544
   57    6   41      0.0000000000000000      0.5000000000000000      0.7245192690901696
   58      0.2500000000000000      0.5000000000000000      1.0867789036352544
   58    1   59      0.5000000000000000      0.5000000000000000      1.0867789036352544
   58    2   62      0.2500000000000000      0.7500000000000000      1.0867789036352544
   58    3   10      0.2500000000000000      0.5000000000000000      0.0000000000000000
   58    4   57      0.0000000000000000      0.5000000000000000      1.0867789036352544
   58    5   54      0.2500000000000000      0.2500000000000000      1.0867789036352544
   58    6   42      0.2500000000000000      0.5000000000000000      0.7245192690901696
   59      0.5000000000000000      0.5000000000000000      1.0867789036352544
   59    1   60      0.7500000000000000      0.5000000000000000      1.0867789036352544
   59    2   63      0.5000000000000000      0.7500000000000000      1.0867789036352544
   59    3   11      0.5000000000000000      0.5000000000000000      0.0000000000000000
   59    4   58      0.2500000000000000      0.5000000000000000      1.0867789036352544
   59    5   55      0.5000000000000000      0.2500000000000000      1.0867789036352544
   59    6   43      0.5000000000000000      0.5000000000000000      0.7245192690901696
   60      0.7500000000000000      0.5000000000000000      1.0867789036352544
   60    1   57      0.0000000000000000      0.5000000000000000      1.0867789036352544
   60    2   64      0.7500000000000000      0.7500000000000000      1.0867789036352544
   60    3   12      0.7500000000000000      0.5000000000000000      0.0000000000000000
   60    4   59      0.5000000000000000      0.5000000000000000      1.0867789036352544
   60    5   56      0.7500000000000000      0.2500000000000000      1.0867789036352544
   60    6   44      0.7500000000000000      0.5000000000000000      0.7245192690901696
   61      0.0000000000000000      0.7500000000000000      1.0867789036352544
   61    1   62      0.2500000000000000      0.7500000000000000      1.0867789036352544
   61    2   49      0.0000000000000000      0.0000000000000000      1.0867789036352544
   61    3   13      0.0000000000000000      0.7500000000000000      0.0000000000000000
   61    4   64      0.7500000000000000      0.7500000000000000      1.0867789036352544
   61    5   57      0.0000000000000000      0.5000000000000000      1.0867789036352544
   61    6   45      0.0000000000000000      0.7500000000000000      0.7245192690901696
   62      0.2500000000000000      0.7500000000000000      1.0867789036352544
   62    1   63      0.5000000000000000      0.7500000000000000      1.0867789036352544
   62    2   50      0.2500000000000000      0.0000000000000000      1.0867789036352544
   62    3   14      0.2500000000000000      0.7500000000000000      0.0000000000000000
   62    4   61      0.0000000000000000      0.7500000000000000      1.0867789036352544
   62    5   58      0.2500000000000000      0.5000000000000000      1.0867789036352544
   62    6   46      0.2500000000000000      0.7500000000000000      0.7245192690901696
   63      0.5000000000000000      0.7500000000000000      1.0867789036352544
   63    1   64      0.7500000000000000      0.7500000000000000      1.0867789036352544
   63    2   51      0.5000000000000000      0.0000000000000000      1.0867789036352544
   63    3   15      0.5000000000000000      0.7500000000000000      0.0000000000000000
   63    4   62      0.2500000000000000      0.7500000000000000      1.0867789036352544
   63    5   59      0.5000000000000000      0.5000000000000000      1.0867789036352544
   63    6   47      0.5000000000000000      0.7500000000000000      0.7245192690901696
   64      0.7500000000000000      0.7500000000000000      1.0867789036352544
   64    1   61      0.0000000000000000      0.7500000000000000      1.0867789036352544
   64    2   52      0.7500000000000000      0.0000000000000000      1.0867789036352544
   64    3   16      0.7500000000000000      0.7500000000000000      0.0000000000000000
   64    4   63      0.5000000000000000      0.7500000000000000      1.0867789036352544
   64    5   60      0.7500000000000000      0.5000000000000000      1.0867789036352544
   64    6   48      0.7500000000000000      0.7500000000000000      0.7245192690901696
