    1      0.500000000000000      0.000000000000000      0.000000000000000     0.000000  <-- isyml= 001
    2      0.473684210526316      0.000000000000000      0.000000000000000     0.026316 
    3      0.447368421052632      0.000000000000000      0.000000000000000     0.052632 
    4      0.421052631578947      0.000000000000000      0.000000000000000     0.078947 
    5      0.394736842105263      0.000000000000000      0.000000000000000     0.105263 
    6      0.368421052631579      0.000000000000000      0.000000000000000     0.131579 
    7      0.342105263157895      0.000000000000000      0.000000000000000     0.157895 
    8      0.315789473684211      0.000000000000000      0.000000000000000     0.184211 
    9      0.289473684210526      0.000000000000000      0.000000000000000     0.210526 
   10      0.263157894736842      0.000000000000000      0.000000000000000     0.236842 
   11      0.236842105263158      0.000000000000000      0.000000000000000     0.263158 
   12      0.210526315789474      0.000000000000000      0.000000000000000     0.289474 
   13      0.184210526315789      0.000000000000000      0.000000000000000     0.315789 
   14      0.157894736842105      0.000000000000000      0.000000000000000     0.342105 
   15      0.131578947368421      0.000000000000000      0.000000000000000     0.368421 
   16      0.105263157894737      0.000000000000000      0.000000000000000     0.394737 
   17      0.078947368421053      0.000000000000000      0.000000000000000     0.421053 
   18      0.052631578947368      0.000000000000000      0.000000000000000     0.447368 
   19      0.026315789473684      0.000000000000000      0.000000000000000     0.473684 
   20      0.000000000000000      0.000000000000000      0.000000000000000     0.500000 

   21      0.000000000000000      0.000000000000000      0.000000000000000     0.500000  <-- isyml= 002
   22      0.026315789473684      0.026315789473684      0.000000000000000     0.537216 
   23      0.052631578947368      0.052631578947368      0.000000000000000     0.574432 
   24      0.078947368421053      0.078947368421053      0.000000000000000     0.611648 
   25      0.105263157894737      0.105263157894737      0.000000000000000     0.648865 
   26      0.131578947368421      0.131578947368421      0.000000000000000     0.686081 
   27      0.157894736842105      0.157894736842105      0.000000000000000     0.723297 
   28      0.184210526315789      0.184210526315789      0.000000000000000     0.760513 
   29      0.210526315789474      0.210526315789474      0.000000000000000     0.797729 
   30      0.236842105263158      0.236842105263158      0.000000000000000     0.834945 
   31      0.263157894736842      0.263157894736842      0.000000000000000     0.872161 
   32      0.289473684210526      0.289473684210526      0.000000000000000     0.909378 
   33      0.315789473684211      0.315789473684211      0.000000000000000     0.946594 
   34      0.342105263157895      0.342105263157895      0.000000000000000     0.983810 
   35      0.368421052631579      0.368421052631579      0.000000000000000     1.021026 
   36      0.394736842105263      0.394736842105263      0.000000000000000     1.058242 
   37      0.421052631578947      0.421052631578947      0.000000000000000     1.095458 
   38      0.447368421052632      0.447368421052632      0.000000000000000     1.132674 
   39      0.473684210526316      0.473684210526316      0.000000000000000     1.169891 
   40      0.500000000000000      0.500000000000000      0.000000000000000     1.207107 

   41      0.500000000000000      0.500000000000000      0.000000000000000     1.207107  <-- isyml= 003
   42      0.500000000000000      0.500000000000000      0.038132605263158     1.245239 
   43      0.500000000000000      0.500000000000000      0.076265210526316     1.283372 
   44      0.500000000000000      0.500000000000000      0.114397815789474     1.321505 
   45      0.500000000000000      0.500000000000000      0.152530421052632     1.359637 
   46      0.500000000000000      0.500000000000000      0.190663026315789     1.397770 
   47      0.500000000000000      0.500000000000000      0.228795631578947     1.435902 
   48      0.500000000000000      0.500000000000000      0.266928236842105     1.474035 
   49      0.500000000000000      0.500000000000000      0.305060842105263     1.512168 
   50      0.500000000000000      0.500000000000000      0.343193447368421     1.550300 
   51      0.500000000000000      0.500000000000000      0.381326052631579     1.588433 
   52      0.500000000000000      0.500000000000000      0.419458657894737     1.626565 
   53      0.500000000000000      0.500000000000000      0.457591263157895     1.664698 
   54      0.500000000000000      0.500000000000000      0.495723868421053     1.702831 
   55      0.500000000000000      0.500000000000000      0.533856473684211     1.740963 
   56      0.500000000000000      0.500000000000000      0.571989078947368     1.779096 
   57      0.500000000000000      0.500000000000000      0.610121684210526     1.817228 
   58      0.500000000000000      0.500000000000000      0.648254289473684     1.855361 
   59      0.500000000000000      0.500000000000000      0.686386894736842     1.893494 
   60      0.500000000000000      0.500000000000000      0.724519500000000     1.931626 

