=== Reading Ham for iq,spin,q=   3   1  0.50000  0.00000  0.00000
1 0.020624  0.000002  0.000000  0.000003  0.001577  0.000001  0.007035  0.000002  0.001252  0.000002
1 0.022892  0.000000  0.000000  0.000000  0.000008  0.000000  0.004437  0.000000  0.000783  0.000000
2 0.000002  0.070084  0.000000  0.000555  0.000002  0.000000  0.000000  0.000000  0.000001  0.010556
2 0.000000  0.037221  0.000000  0.000009  0.000000  0.000000  0.000000  0.000000  0.000000  0.000912
3 0.000000  0.000000  0.075219  0.000001  0.000000  0.000000  0.000000  0.000000  0.000000  0.000004
3 0.000000  0.000000  0.031242  0.000000  0.000000  0.000000  0.000000  0.000000  0.000000  0.000000
4 0.000003  0.000555  0.000001  0.070211  0.000008  0.000000  0.000009  0.000000  0.000007  0.008528
4 0.000000  0.000009  0.000000  0.038496  0.000000  0.000000  0.000000  0.000000  0.000000  0.000173
5 0.001577  0.000002  0.000000  0.000008  0.042819  0.000002  0.019804  0.000005  0.000226  0.000010
5 0.000008  0.000000  0.000000  0.000000  0.307971  0.000000  0.000259  0.000000  0.000002  0.000000
6 0.000001  0.000000  0.000000  0.000000  0.000002  0.064852  0.000003  0.006072  0.000000  0.000000
6 0.000000  0.000000  0.000000  0.000000  0.000000  0.300031  0.000000  0.000061  0.000000  0.000000
7 0.007035  0.000000  0.000000  0.000009  0.019804  0.000003  0.027671  0.000004  0.001199  0.000011
7 0.004437  0.000000  0.000000  0.000000  0.000259  0.000000  0.319413  0.000000  0.000758  0.000000
8 0.000002  0.000000  0.000000  0.000000  0.000005  0.006072  0.000004  0.065056  0.000007  0.000000
8 0.000000  0.000000  0.000000  0.000000  0.000000  0.000061  0.000000  0.300335  0.000000  0.000000
9 0.001252  0.000001  0.000000  0.000007  0.000226  0.000000  0.001199  0.000007  0.064749  0.000002
9 0.000783  0.000000  0.000000  0.000000  0.000002  0.000000  0.000758  0.000000  0.307624  0.000000
10 0.000002  0.010556  0.000004  0.008528  0.000010  0.000000  0.000011  0.000000  0.000002  1.807862
10 0.000000  0.000912  0.000000  0.000173  0.000000  0.000000  0.000000  0.000000  0.000000  0.676907
11 0.000000  0.000005  0.007071  0.000009  0.000000  0.000003  0.000000  0.000006  0.000000  0.000019
11 0.000000  0.000000  0.000132  0.000000  0.000000  0.000000  0.000000  0.000000  0.000000  0.000000
12 0.000002  0.005322  0.000007  0.015110  0.000019  0.000000  0.000022  0.000000  0.000009  0.032459
12 0.000000  0.006233  0.000000  0.000460  0.000000  0.000000  0.000000  0.000000  0.000000  0.001612
13 0.000000  0.000004  0.004259  0.000003  0.000000  0.000001  0.000000  0.000000  0.000000  0.000042
13 0.000000  0.000000  0.012894  0.000000  0.000000  0.000000  0.000000  0.000000  0.000000  0.000000
14 0.000008  0.016704  0.000003  0.007870  0.000019  0.000000  0.000018  0.000000  0.000013  0.017608
14 0.000000  0.000441  0.000000  0.005134  0.000000  0.000000  0.000000  0.000000  0.000000  0.003277
15 0.000000  0.000005  0.000262  0.000015  0.000000  0.000001  0.000000  0.000001  0.000000  0.000069
15 0.000000  0.000000  0.000180  0.000000  0.000000  0.000000  0.000000  0.000000  0.000000  0.000000
16 0.000000  0.005270  0.000004  0.010843  0.000007  0.000000  0.000010  0.000000  0.000003  0.039518
16 0.000000  0.000164  0.000000  0.000194  0.000000  0.000000  0.000000  0.000000  0.000000  0.002342
17 0.010508  0.000001  0.000000  0.000001  0.000619  0.000000  0.002170  0.000001  0.000351  0.000001
17 0.009013  0.000000  0.000000  0.000000  0.000008  0.000000  0.001338  0.000000  0.000159  0.000000
18 0.000001  0.039165  0.000000  0.000286  0.000001  0.000000  0.000000  0.000000  0.000001  0.004267
18 0.000000  0.018606  0.000000  0.000005  0.000000  0.000000  0.000000  0.000000  0.000000  0.000186
19 0.000000  0.000000  0.041752  0.000000  0.000000  0.000000  0.000000  0.000000  0.000000  0.000003
19 0.000000  0.000000  0.016521  0.000000  0.000000  0.000000  0.000000  0.000000  0.000000  0.000000
20 0.000002  0.000281  0.000000  0.039592  0.000005  0.000000  0.000005  0.000000  0.000004  0.003618
20 0.000000  0.000005  0.000000  0.018891  0.000000  0.000000  0.000000  0.000000  0.000000  0.000002
21 0.000898  0.000001  0.000000  0.000003  0.032394  0.000002  0.009907  0.000003  0.000137  0.000004
21 0.000004  0.000000  0.000000  0.000000  0.189250  0.000000  0.000024  0.000000  0.000000  0.000000
22 0.000000  0.000000  0.000000  0.000000  0.000001  0.042958  0.000002  0.002917  0.000001  0.000000
22 0.000000  0.000000  0.000000  0.000000  0.000000  0.186327  0.000000  0.000012  0.000000  0.000000
23 0.003662  0.000000  0.000000  0.000004  0.009790  0.000002  0.023718  0.000002  0.000609  0.000003
23 0.001618  0.000000  0.000000  0.000000  0.000022  0.000000  0.194263  0.000000  0.000233  0.000000
24 0.000001  0.000000  0.000000  0.000000  0.000003  0.002867  0.000003  0.043262  0.000004  0.000000
24 0.000000  0.000000  0.000000  0.000000  0.000000  0.000012  0.000000  0.186420  0.000000  0.000000
25 0.000559  0.000001  0.000000  0.000004  0.000021  0.000001  0.000613  0.000004  0.042965  0.000001
25 0.000189  0.000000  0.000000  0.000000  0.000000  0.000000  0.000233  0.000000  0.189181  0.000000
26 0.000783  0.000034  0.000000  0.000088  0.165886  0.000012  0.010777  0.000043  0.001090  0.000036
26 0.000000  0.000000  0.000000  0.000000  0.676468  0.000000  0.000000  0.000000  0.000000  0.000000
27 0.000011  0.000000  0.000009  0.000001  0.000023  0.179066  0.000004  0.000388  0.000048  0.000000
27 0.000000  0.000000  0.000000  0.000000  0.000000  0.676471  0.000000  0.000000  0.000000  0.000000
28 0.006551  0.000009  0.000000  0.000220  0.008811  0.000022  0.145265  0.000066  0.000005  0.000475
28 0.000002  0.000000  0.000000  0.000000  0.000000  0.000000  0.676465  0.000000  0.000000  0.000000
29 0.000004  0.000001  0.000012  0.000000  0.000040  0.001184  0.000046  0.184321  0.000010  0.000001
29 0.000000  0.000000  0.000000  0.000000  0.000000  0.000000  0.000000  0.676470  0.000000  0.000000
30 0.004433  0.000012  0.000000  0.000090  0.000940  0.000033  0.000253  0.000019  0.169032  0.000160
30 0.000000  0.000000  0.000000  0.000000  0.000000  0.000000  0.000000  0.000000  0.676468  0.000000
31 0.000000  0.000125  0.000000  0.004222  0.000000  0.000000  0.000000  0.000000  0.000000  0.003472
31 0.000000  0.000007  0.000000  0.003781  0.000000  0.000000  0.000000  0.000000  0.000000  0.000111
32 0.000134  0.000000  0.000000  0.000011  0.008366  0.000003  0.002064  0.000002  0.000089  0.000013
32 0.000007  0.000000  0.000000  0.000000  0.006355  0.000000  0.000077  0.000000  0.000004  0.000000
33 0.000000  0.000000  0.000000  0.000000  0.000000  0.000113  0.000000  0.001827  0.000001  0.000000
33 0.000000  0.000000  0.000000  0.000000  0.000000  0.000008  0.000000  0.001740  0.000000  0.000000
34 0.004233  0.000011  0.000000  0.000000  0.001671  0.000003  0.001525  0.000003  0.002108  0.000082
34 0.003781  0.000000  0.000000  0.000000  0.000023  0.000000  0.001049  0.000000  0.002633  0.000000
35 0.000000  0.008445  0.000001  0.001579  0.000000  0.000000  0.000000  0.000000  0.000001  0.016267
35 0.000000  0.006355  0.000000  0.000023  0.000000  0.000000  0.000000  0.000000  0.000000  0.010679
36 0.000000  0.000002  0.000106  0.000001  0.000000  0.000000  0.000000  0.000000  0.000000  0.000013
36 0.000000  0.000000  0.000008  0.000000  0.000000  0.000000  0.000000  0.000000  0.000000  0.000000
37 0.000000  0.002070  0.000000  0.001634  0.000000  0.000000  0.000000  0.000000  0.000001  0.004921
37 0.000000  0.000077  0.000000  0.001049  0.000000  0.000000  0.000000  0.000000  0.000000  0.000317
38 0.000000  0.000000  0.001840  0.000001  0.000000  0.000000  0.000000  0.000000  0.000000  0.000008
38 0.000000  0.000000  0.001740  0.000000  0.000000  0.000000  0.000000  0.000000  0.000000  0.000000
39 0.000000  0.000204  0.000002  0.002250  0.000001  0.000000  0.000001  0.000000  0.000000  0.003959
39 0.000000  0.000004  0.000000  0.002633  0.000000  0.000000  0.000000  0.000000  0.000000  0.000014
40 0.003478  0.000013  0.000000  0.000081  0.016120  0.000003  0.004853  0.000009  0.003847  0.000000
40 0.000111  0.000000  0.000000  0.000000  0.010679  0.000000  0.000317  0.000000  0.000014  0.000000
41 0.000000  0.000000  0.000006  0.000000  0.000001  0.009797  0.000002  0.000724  0.000003  0.000000
41 0.000000  0.000000  0.000000  0.000000  0.000000  0.010325  0.000000  0.000042  0.000000  0.000000
42 0.006942  0.000019  0.000001  0.000070  0.009776  0.000002  0.002045  0.000005  0.000811  0.000071
42 0.000220  0.000000  0.000000  0.000000  0.006373  0.000000  0.000070  0.000000  0.000078  0.000000
43 0.000001  0.000000  0.000002  0.000000  0.000003  0.002147  0.000009  0.003822  0.000008  0.000000
43 0.000000  0.000000  0.000000  0.000000  0.000000  0.000043  0.000000  0.009081  0.000000  0.000000
44 0.001782  0.000020  0.000001  0.000018  0.021608  0.000005  0.018088  0.000005  0.003626  0.000137
44 0.000002  0.000000  0.000000  0.000000  0.000640  0.000000  0.009336  0.000000  0.000821  0.000000
45 0.000001  0.000000  0.000008  0.000000  0.000001  0.001171  0.000003  0.002637  0.000011  0.000000
45 0.000000  0.000000  0.000000  0.000000  0.000000  0.000002  0.000000  0.002709  0.000000  0.000000
46 0.005045  0.000005  0.000000  0.000071  0.005314  0.000006  0.004692  0.000010  0.005090  0.000017
46 0.005229  0.000000  0.000000  0.000000  0.000098  0.000000  0.002213  0.000000  0.010645  0.000000
47 0.000000  0.000006  0.000000  0.001374  0.000000  0.000000  0.000000  0.000000  0.000000  0.001119
47 0.000000  0.000001  0.000000  0.000920  0.000000  0.000000  0.000000  0.000000  0.000000  0.000021
48 0.000029  0.000000  0.000000  0.000006  0.002870  0.000002  0.000600  0.000001  0.000046  0.000008
48 0.000001  0.000000  0.000000  0.000000  0.002122  0.000000  0.000017  0.000000  0.000001  0.000000
49 0.000000  0.000000  0.000000  0.000000  0.000000  0.000044  0.000000  0.000691  0.000001  0.000000
49 0.000000  0.000000  0.000000  0.000000  0.000000  0.000005  0.000000  0.000618  0.000000  0.000000
50 0.001502  0.000006  0.000000  0.000001  0.000674  0.000002  0.000841  0.000001  0.000628  0.000048
50 0.001048  0.000000  0.000000  0.000000  0.000004  0.000000  0.000393  0.000000  0.000763  0.000000
51 0.000000  0.004556  0.000000  0.000913  0.000000  0.000000  0.000000  0.000000  0.000001  0.007459
51 0.000000  0.002258  0.000000  0.000007  0.000000  0.000000  0.000000  0.000000  0.000000  0.004454
52 0.000000  0.000001  0.000014  0.000001  0.000000  0.000000  0.000000  0.000000  0.000000  0.000008
52 0.000000  0.000000  0.000004  0.000000  0.000000  0.000000  0.000000  0.000000  0.000000  0.000000
53 0.000000  0.000955  0.000000  0.001159  0.000000  0.000000  0.000000  0.000000  0.000000  0.002502
53 0.000000  0.000023  0.000000  0.000422  0.000000  0.000000  0.000000  0.000000  0.000000  0.000140
54 0.000000  0.000000  0.001050  0.000000  0.000000  0.000000  0.000000  0.000000  0.000000  0.000006
54 0.000000  0.000000  0.000659  0.000000  0.000000  0.000000  0.000000  0.000000  0.000000  0.000000
55 0.000000  0.000103  0.000002  0.001102  0.000001  0.000000  0.000001  0.000000  0.000000  0.002638
55 0.000000  0.000002  0.000000  0.000803  0.000000  0.000000  0.000000  0.000000  0.000000  0.000014
56 0.000005  0.004302  0.000004  0.003779  0.000004  0.000000  0.000006  0.000000  0.000017  0.027061
56 0.000000  0.000002  0.000000  0.000000  0.000000  0.000000  0.000000  0.000000  0.000000  0.000004
57 0.000000  0.000007  0.000868  0.000001  0.000000  0.000004  0.000000  0.000000  0.000000  0.000027
57 0.000000  0.000000  0.000000  0.000000  0.000000  0.000000  0.000000  0.000000  0.000000  0.000000
58 0.000011  0.007023  0.000003  0.003098  0.000018  0.000000  0.000008  0.000000  0.000034  0.005657
58 0.000000  0.000000  0.000000  0.000000  0.000000  0.000000  0.000000  0.000000  0.000000  0.000000
59 0.000000  0.000022  0.003763  0.000006  0.000000  0.000007  0.000000  0.000013  0.000000  0.000085
59 0.000000  0.000000  0.000001  0.000000  0.000000  0.000000  0.000000  0.000000  0.000000  0.000000
60 0.000008  0.003543  0.000013  0.000189  0.000006  0.000000  0.000002  0.000000  0.000005  0.001342
60 0.000000  0.000000  0.000000  0.000001  0.000000  0.000000  0.000000  0.000000  0.000000  0.000000
61 0.009995  0.009045  0.000000  0.012694  0.036512  0.000000  0.018226  0.000001  0.003044  0.029707
61 0.008343  0.008859  0.000000  0.012132  0.018836  0.000000  0.009467  0.000000  0.002096  0.021256
62 0.005497  0.003199  0.000001  0.006946  0.033929  0.000004  0.014579  0.000009  0.015484  0.028949
62 0.007209  0.008514  0.000000  0.013868  0.023114  0.000000  0.009314  0.000000  0.012859  0.046619
63 0.000000  0.000000  0.002936  0.000000  0.000001  0.014600  0.000001  0.015726  0.000001  0.000001
63 0.000000  0.000000  0.005039  0.000000  0.000000  0.010159  0.000000  0.011247  0.000000  0.000000
64 0.008937  0.006457  0.000000  0.000340  0.028104  0.000007  0.017373  0.000010  0.015389  0.001125
64 0.010288  0.013850  0.000000  0.005323  0.018758  0.000000  0.012473  0.000000  0.012773  0.009888
65 0.007403  0.023768  0.000000  0.019045  0.009676  0.000001  0.000463  0.000000  0.001227  0.076353
65 0.013110  0.019303  0.000000  0.015048  0.042734  0.000000  0.017119  0.000000  0.005296  0.056509
66 0.000001  0.000000  0.006553  0.000001  0.000001  0.008275  0.000005  0.014849  0.000003  0.000020
66 0.000000  0.000000  0.009359  0.000000  0.000000  0.016675  0.000000  0.024746  0.000000  0.000000
67 0.004698  0.017124  0.000001  0.018527  0.000022  0.000001  0.007185  0.000000  0.000437  0.059753
67 0.006234  0.007175  0.000000  0.010299  0.016954  0.000000  0.021717  0.000000  0.001995  0.010318
68 0.000001  0.000003  0.001557  0.000005  0.000001  0.014669  0.000000  0.008169  0.000005  0.000003
68 0.000000  0.000000  0.010399  0.000000  0.000000  0.024776  0.000000  0.014787  0.000000  0.000000
69 0.002593  0.001933  0.000004  0.002652  0.003674  0.000000  0.000585  0.000001  0.022875  0.000508
69 0.001914  0.012033  0.000000  0.011977  0.005346  0.000000  0.002028  0.000000  0.043571  0.076095
70 0.005890  0.006189  0.000000  0.007919  0.021000  0.000000  0.010994  0.000000  0.001440  0.018273
70 0.003437  0.004300  0.000000  0.005276  0.009243  0.000000  0.004886  0.000000  0.000688  0.012243
71 0.004898  0.003711  0.000001  0.007287  0.023569  0.000003  0.011030  0.000006  0.010275  0.025150
71 0.003806  0.004827  0.000000  0.007548  0.012874  0.000000  0.005865  0.000000  0.006457  0.030116
72 0.000000  0.000000  0.002907  0.000000  0.000000  0.010094  0.000001  0.010579  0.000001  0.000001
72 0.000000  0.000000  0.002633  0.000000  0.000000  0.005432  0.000000  0.005863  0.000000  0.000000
73 0.006599  0.006620  0.000000  0.002141  0.020315  0.000005  0.012775  0.000007  0.009978  0.000928
73 0.004789  0.007542  0.000000  0.003737  0.011159  0.000000  0.007165  0.000000  0.006327  0.007525
74 0.009995  0.009045  0.000000  0.012694  0.036513  0.000000  0.018226  0.000001  0.003044  0.029705
74 0.008343  0.008859  0.000000  0.012132  0.018836  0.000000  0.009467  0.000000  0.002096  0.021256
75 0.005496  0.003202  0.000001  0.006953  0.033929  0.000004  0.014580  0.000009  0.015484  0.028956
75 0.007209  0.008514  0.000000  0.013868  0.023114  0.000000  0.009314  0.000000  0.012859  0.046619
76 0.000000  0.000000  0.002936  0.000000  0.000001  0.014600  0.000001  0.015726  0.000001  0.000001
76 0.000000  0.000000  0.005039  0.000000  0.000000  0.010159  0.000000  0.011247  0.000000  0.000000
77 0.008936  0.006456  0.000000  0.000331  0.028106  0.000007  0.017370  0.000010  0.015390  0.001122
77 0.010288  0.013850  0.000000  0.005323  0.018758  0.000000  0.012473  0.000000  0.012773  0.009888
78 0.007398  0.023830  0.000000  0.019107  0.009675  0.000001  0.000453  0.000000  0.001236  0.076342
78 0.013110  0.019303  0.000000  0.015048  0.042734  0.000000  0.017119  0.000000  0.005296  0.056509
79 0.000001  0.000000  0.006523  0.000000  0.000001  0.008271  0.000005  0.014843  0.000003  0.000022
79 0.000000  0.000000  0.009359  0.000000  0.000000  0.016675  0.000000  0.024746  0.000000  0.000000
80 0.004679  0.017125  0.000001  0.018666  0.000008  0.000001  0.007184  0.000001  0.000359  0.059488
80 0.006234  0.007175  0.000000  0.010299  0.016954  0.000000  0.021717  0.000000  0.001995  0.010318
81 0.000001  0.000003  0.001553  0.000004  0.000001  0.014664  0.000000  0.008168  0.000005  0.000002
81 0.000000  0.000000  0.010399  0.000000  0.000000  0.024776  0.000000  0.014787  0.000000  0.000000
82 0.002603  0.002012  0.000002  0.001831  0.003696  0.000000  0.000606  0.000001  0.022873  0.000292
82 0.001914  0.012033  0.000000  0.011977  0.005346  0.000000  0.002028  0.000000  0.043571  0.076095
83 0.005890  0.006189  0.000000  0.007918  0.021000  0.000000  0.010994  0.000000  0.001440  0.018274
83 0.003437  0.004300  0.000000  0.005276  0.009243  0.000000  0.004886  0.000000  0.000688  0.012243
84 0.004898  0.003714  0.000001  0.007295  0.023568  0.000003  0.011031  0.000006  0.010276  0.025153
84 0.003806  0.004827  0.000000  0.007548  0.012874  0.000000  0.005865  0.000000  0.006457  0.030116
85 0.000000  0.000000  0.002907  0.000000  0.000000  0.010094  0.000001  0.010578  0.000001  0.000001
85 0.000000  0.000000  0.002633  0.000000  0.000000  0.005432  0.000000  0.005863  0.000000  0.000000
86 0.006598  0.006619  0.000000  0.002131  0.020317  0.000005  0.012772  0.000007  0.009979  0.000923
86 0.004789  0.007542  0.000000  0.003737  0.011159  0.000000  0.007165  0.000000  0.006327  0.007525
87 0.017603  0.011214  0.000000  0.012959  0.025149  0.000000  0.033253  0.000001  0.001999  0.013723
87 0.014535  0.010837  0.000000  0.012324  0.013438  0.000000  0.016957  0.000000  0.001389  0.009933
88 0.007423  0.002069  0.000000  0.004740  0.002376  0.000001  0.041665  0.000006  0.018059  0.009830
88 0.008925  0.001251  0.000000  0.009954  0.000986  0.000000  0.026943  0.000000  0.014705  0.012446
89 0.000000  0.000000  0.008110  0.000000  0.000001  0.047760  0.000000  0.048204  0.000002  0.000002
89 0.000000  0.000000  0.019434  0.000000  0.000000  0.032259  0.000000  0.032690  0.000000  0.000000
90 0.009262  0.004641  0.000000  0.005208  0.000402  0.000002  0.040781  0.000003  0.017226  0.011875
90 0.010341  0.009941  0.000000  0.003372  0.000163  0.000000  0.026190  0.000000  0.013765  0.015504
91 0.002615  0.010158  0.000005  0.005330  0.003527  0.000012  0.032694  0.000012  0.000957  0.013862
91 0.009555  0.000081  0.000000  0.000733  0.004519  0.000000  0.051917  0.000000  0.001643  0.012340
92 0.000002  0.000005  0.033606  0.000000  0.000005  0.001361  0.000004  0.020120  0.000007  0.000055
92 0.000000  0.000000  0.027424  0.000000  0.000000  0.015153  0.000000  0.056330  0.000000  0.000000
93 0.005229  0.013686  0.000005  0.016325  0.024721  0.000008  0.028475  0.000003  0.001156  0.029357
93 0.012132  0.024331  0.000000  0.023624  0.051972  0.000000  0.037079  0.000000  0.000523  0.056146
94 0.000000  0.000005  0.035264  0.000013  0.000001  0.019771  0.000001  0.000610  0.000004  0.000027
94 0.000000  0.000000  0.027843  0.000000  0.000000  0.056337  0.000000  0.014066  0.000000  0.000000
95 0.001394  0.004292  0.000002  0.003474  0.002631  0.000001  0.000447  0.000002  0.010505  0.059840
95 0.001299  0.013857  0.000000  0.012963  0.001711  0.000000  0.000513  0.000000  0.019258  0.010801
96 0.010548  0.007700  0.000000  0.008378  0.014677  0.000000  0.018688  0.000001  0.000793  0.009096
96 0.006074  0.005147  0.000000  0.005540  0.006568  0.000000  0.008219  0.000000  0.000394  0.005591
97 0.006297  0.001110  0.000000  0.005035  0.002140  0.000001  0.027846  0.000004  0.011883  0.009269
97 0.004603  0.000095  0.000000  0.005382  0.001069  0.000000  0.014242  0.000000  0.007287  0.008095
98 0.000000  0.000000  0.009659  0.000000  0.000000  0.033884  0.000000  0.034087  0.000002  0.000001
98 0.000000  0.000000  0.011233  0.000000  0.000000  0.018222  0.000000  0.018381  0.000000  0.000000
99 0.007104  0.004775  0.000000  0.002711  0.001206  0.000001  0.027356  0.000002  0.011384  0.010768
99 0.005002  0.005378  0.000000  0.000715  0.000782  0.000000  0.013974  0.000000  0.006934  0.008703
100 0.017603  0.011214  0.000000  0.012958  0.025149  0.000000  0.033254  0.000001  0.001999  0.013724
100 0.014535  0.010837  0.000000  0.012324  0.013438  0.000000  0.016957  0.000000  0.001389  0.009933
101 0.007422  0.002068  0.000000  0.004732  0.002375  0.000001  0.041667  0.000006  0.018059  0.009826
101 0.008925  0.001251  0.000000  0.009954  0.000986  0.000000  0.026943  0.000000  0.014705  0.012446
102 0.000000  0.000000  0.008109  0.000000  0.000001  0.047760  0.000000  0.048204  0.000002  0.000002
102 0.000000  0.000000  0.019434  0.000000  0.000000  0.032259  0.000000  0.032690  0.000000  0.000000
103 0.009262  0.004638  0.000000  0.005194  0.000403  0.000002  0.040780  0.000003  0.017226  0.011875
103 0.010341  0.009941  0.000000  0.003372  0.000163  0.000000  0.026190  0.000000  0.013765  0.015504
104 0.002594  0.010154  0.000004  0.005478  0.003519  0.000012  0.032712  0.000012  0.000961  0.013839
104 0.009555  0.000081  0.000000  0.000733  0.004519  0.000000  0.051917  0.000000  0.001643  0.012340
105 0.000002  0.000005  0.033572  0.000000  0.000005  0.001378  0.000004  0.020090  0.000008  0.000056
105 0.000000  0.000000  0.027424  0.000000  0.000000  0.015153  0.000000  0.056330  0.000000  0.000000
106 0.005240  0.013769  0.000005  0.015476  0.024710  0.000008  0.028479  0.000003  0.001159  0.028025
106 0.012132  0.024331  0.000000  0.023624  0.051972  0.000000  0.037079  0.000000  0.000523  0.056146
107 0.000000  0.000005  0.035236  0.000011  0.000001  0.019780  0.000001  0.000607  0.000004  0.000029
107 0.000000  0.000000  0.027843  0.000000  0.000000  0.056337  0.000000  0.014066  0.000000  0.000000
108 0.001378  0.004258  0.000003  0.003235  0.002599  0.000001  0.000506  0.000002  0.010472  0.059887
108 0.001299  0.013857  0.000000  0.012963  0.001711  0.000000  0.000513  0.000000  0.019258  0.010801
109 0.010548  0.007700  0.000000  0.008376  0.014677  0.000000  0.018688  0.000001  0.000793  0.009092
109 0.006074  0.005147  0.000000  0.005540  0.006568  0.000000  0.008219  0.000000  0.000394  0.005591
110 0.006297  0.001109  0.000000  0.005028  0.002139  0.000001  0.027847  0.000004  0.011883  0.009269
110 0.004603  0.000095  0.000000  0.005382  0.001069  0.000000  0.014242  0.000000  0.007287  0.008095
111 0.000000  0.000000  0.009658  0.000000  0.000000  0.033884  0.000000  0.034087  0.000002  0.000001
111 0.000000  0.000000  0.011233  0.000000  0.000000  0.018222  0.000000  0.018381  0.000000  0.000000
112 0.007104  0.004772  0.000000  0.002696  0.001206  0.000001  0.027355  0.000002  0.011384  0.010767
112 0.005002  0.005378  0.000000  0.000715  0.000782  0.000000  0.013974  0.000000  0.006934  0.008703
