 ===============================================================
  quasiparticle energies isp=           2
 ===============================================================


           q               state   SEx    SExcore   SEc     vxc     ---    dSEnoZ   eQP(starting by lmf)    eHF   Z=1  FWHM=2Z*Simg ReS(elda)
  0.00000  0.00000  0.00000   1  -29.620  -1.889  10.713 -20.112   0.000  -0.685 -21.013   0.000   0.000 -32.411 1.00  -0.00000    -20.79679
  0.00000  0.00000  0.00000   2  -30.806  -2.134  10.391 -21.569   0.000  -0.980 -19.966   0.000   0.000 -31.337 1.00  -0.00000    -22.54965
  0.00000  0.00000  0.00000   3  -21.799  -1.866   6.829 -17.614   0.000   0.779  -8.695   0.000   0.000 -14.746 1.00  -0.00000    -16.83548
  0.00000  0.00000  0.00000   4  -25.823  -5.532   4.816 -24.487   0.000  -2.052  -5.811   0.000   0.000 -12.678 1.00  -0.00000    -26.53864
  0.00000  0.00000  0.00000   5  -25.827  -5.530   4.818 -24.485   0.000  -2.054  -5.810   0.000   0.000 -12.682 1.00   0.00000    -26.53892
  0.00000  0.00000  0.00000   6  -24.819  -1.154   5.298 -21.266   0.000   0.592  -3.521   0.000   0.000  -8.228 1.00  -0.00000    -20.67465
  0.00000  0.00000  0.00000   7  -25.138  -1.153   5.573 -21.275   0.000   0.556  -3.515   0.000   0.000  -8.532 1.00  -0.00000    -20.71836
  0.00000  0.00000  0.00000   8  -25.141  -1.153   5.577 -21.275   0.000   0.557  -3.515   0.000   0.000  -8.535 1.00  -0.00000    -20.71792
  0.00000  0.00000  0.00000   9  -29.994 -14.113  10.822 -34.619   0.000   1.334  -2.193   0.000   0.000 -11.681 1.00   0.00000    -33.28487
  0.00000  0.00000  0.00000  10  -29.997 -14.114  10.824 -34.622   0.000   1.334  -2.192   0.000   0.000 -11.682 1.00  -0.00000    -33.28786
  0.00000  0.00000  0.00000  11  -29.491 -13.778  10.559 -34.075   0.000   1.365  -2.180   0.000   0.000 -11.375 1.00  -0.00000    -32.71024
  0.00000  0.00000  0.00000  12  -26.822 -13.412   7.974 -33.785   0.000   1.525  -1.660   0.000   0.000  -8.109 1.00  -0.00000    -32.25943
  0.00000  0.00000  0.00000  13  -26.843 -13.406   7.988 -33.779   0.000   1.518  -1.657   0.000   0.000  -8.127 1.00  -0.00000    -32.26167
  0.00000  0.00000  0.00000  14  -27.455 -14.051   8.808 -34.024   0.000   1.325  -1.157   0.000   0.000  -8.639 1.00  -0.00000    -32.69874
  0.00000  0.00000  0.00000  15  -27.459 -14.042   8.805 -34.008   0.000   1.312  -1.149   0.000   0.000  -8.642 1.00   0.00000    -32.69554
  0.00000  0.00000  0.00000  16  -28.431 -13.624   9.347 -33.816   0.000   1.107  -1.028   0.000   0.000  -9.268 1.00  -0.00000    -32.70871
  0.00000  0.00000  0.00000  17  -13.727 -12.222  -5.264 -33.238   0.000   2.025   1.161   0.000   0.000   8.451 1.00  -0.00000    -31.21278
  0.00000  0.00000  0.00000  18  -13.689 -12.235  -5.295 -33.236   0.000   2.016   1.171   0.000   0.000   8.483 1.00  -0.00000    -31.21927
  0.00000  0.00000  0.00000  19   -8.343  -2.513  -4.725 -16.772   0.000   1.191   1.321   0.000   0.000   7.237 1.00  -0.00000    -15.58039
  0.00000  0.00000  0.00000  20   -5.769  -1.630  -5.081 -13.682   0.000   1.202   5.178   0.000   0.000  11.461 1.00  -0.00000    -12.48012
  0.00000  0.00000  0.00000  21   -9.527  -2.813  -6.340 -20.348   0.000   1.668   9.991   0.000   0.000  18.000 1.00  -0.00000    -18.67961
  0.00000  0.00000  0.00000  22   -4.218  -1.933  -5.503 -14.079   0.000   2.425  14.107   0.000   0.000  22.035 1.00  -0.00000    -11.65434
  0.00000  0.00000  0.00000  23   -4.218  -1.933  -5.503 -14.079   0.000   2.425  14.107   0.000   0.000  22.035 1.00  -0.00000    -11.65456
  0.00000  0.00000  0.00000  24   -2.208  -0.042  -5.791  -9.386   0.000   1.346  16.706   0.000   0.000  23.843 1.00  -0.00000     -8.03999
  0.00000  0.00000  0.00000  25   -6.128  -3.157  -5.388 -16.390   0.000   1.717  18.732   0.000   0.000  25.837 1.00  -0.00000    -14.67280
  0.00000  0.00000  0.00000  26   -6.141  -3.163  -5.415 -16.401   0.000   1.683  18.737   0.000   0.000  25.835 1.00  -0.00000    -14.71868
  0.00000  0.00000  0.00000  27   -6.142  -3.164  -5.415 -16.402   0.000   1.681  18.738   0.000   0.000  25.834 1.00  -0.00000    -14.72065
  0.00000  0.00000  0.00000  28   -3.768  -3.017  -6.357 -14.874   0.000   1.730  21.047   0.000   0.000  29.135 1.00   0.00000    -13.14319
  0.00000  0.00000  0.00000  29   -3.659  -2.974  -6.576 -16.298   0.000   3.090  22.936   0.000   0.000  32.601 1.00  -0.00000    -13.20782
  0.00000  0.00000  0.00000  30   -3.659  -2.974  -6.576 -16.298   0.000   3.090  22.936   0.000   0.000  32.601 1.00  -0.00000    -13.20779
  0.00000  0.00000  0.00000  31   -3.627  -2.974  -6.585 -16.296   0.000   3.111  22.994   0.000   0.000  32.689 1.00   0.00000    -13.18499
  0.00000  0.00000  0.00000  32   -3.439  -0.967  -6.101 -13.053   0.000   2.546  26.260   0.000   0.000  34.906 1.00  -0.00000    -10.50756
  0.00000  0.00000  0.00000  33   -5.150  -2.409  -6.186 -15.919   0.000   2.173  26.586   0.000   0.000  34.945 1.00  -0.00000    -13.74548
  0.00000  0.00000  0.00000  34   -5.151  -2.410  -6.184 -15.919   0.000   2.174  26.586   0.000   0.000  34.944 1.00   0.00000    -13.74500
  0.00000  0.00000  0.00000  35   -4.401  -2.655  -6.024 -16.343   0.000   3.263  26.868   0.000   0.000  36.154 1.00  -0.00000    -13.07966
  0.00000  0.00000  0.00000  36   -4.401  -2.656  -6.025 -16.343   0.000   3.262  26.868   0.000   0.000  36.155 1.00  -0.00000    -13.08119
  0.00000  0.00000  0.00000  37    0.000   0.000   0.000 -13.426   0.000   0.000  28.212   0.000   0.000   0.000 1.00   0.00000      0.00000

 -0.25000 -0.25000  0.75000   1  -30.840  -2.145  10.383 -21.618   0.000  -0.984 -19.909   0.000   0.000 -31.276 1.00  -0.00000    -22.60154
 -0.25000 -0.25000  0.75000   2  -30.831  -2.118  10.386 -21.596   0.000  -0.968 -19.885   0.000   0.000 -31.238 1.00  -0.00000    -22.56385
 -0.25000 -0.25000  0.75000   3  -22.232  -2.052   6.454 -18.444   0.000   0.614  -7.814   0.000   0.000 -13.654 1.00   0.00000    -17.83056
 -0.25000 -0.25000  0.75000   4  -21.955  -1.716   6.233 -18.008   0.000   0.569  -7.668   0.000   0.000 -13.332 1.00  -0.00000    -17.43853
 -0.25000 -0.25000  0.75000   5  -25.019  -4.717   7.467 -22.828   0.000   0.558  -6.829   0.000   0.000 -13.738 1.00  -0.00000    -22.26946
 -0.25000 -0.25000  0.75000   6  -22.746  -2.745   5.693 -20.345   0.000   0.547  -6.154   0.000   0.000 -11.300 1.00   0.00000    -19.79814
 -0.25000 -0.25000  0.75000   7  -26.376  -5.266   6.725 -24.408   0.000  -0.510  -5.900   0.000   0.000 -13.135 1.00  -0.00000    -24.91732
 -0.25000 -0.25000  0.75000   8  -23.439  -3.484   4.091 -22.057   0.000  -0.775  -5.466   0.000   0.000 -10.332 1.00  -0.00000    -22.83193
 -0.25000 -0.25000  0.75000   9  -29.402 -13.236  10.433 -33.565   0.000   1.360  -2.312   0.000   0.000 -11.385 1.00  -0.00000    -32.20476
 -0.25000 -0.25000  0.75000  10  -31.162 -15.151  11.007 -36.479   0.000   1.172  -1.891   0.000   0.000 -11.725 1.00  -0.00000    -35.30658
 -0.25000 -0.25000  0.75000  11  -30.726 -14.253  10.380 -35.658   0.000   1.060  -1.741   0.000   0.000 -11.062 1.00   0.00000    -34.59842
 -0.25000 -0.25000  0.75000  12  -26.875 -12.393   9.078 -31.514   0.000   1.324  -1.489   0.000   0.000  -9.243 1.00  -0.00000    -30.18950
 -0.25000 -0.25000  0.75000  13  -29.367 -11.819   8.786 -33.252   0.000   0.853  -1.213   0.000   0.000  -9.146 1.00  -0.00000    -32.39924
 -0.25000 -0.25000  0.75000  14  -29.321 -11.255   8.555 -32.918   0.000   0.897  -1.151   0.000   0.000  -8.810 1.00  -0.00000    -32.02106
 -0.25000 -0.25000  0.75000  15  -28.698 -14.701   9.599 -34.951   0.000   1.151  -0.851   0.000   0.000  -9.299 1.00  -0.00000    -33.79999
 -0.25000 -0.25000  0.75000  16  -28.903 -14.392   9.650 -34.727   0.000   1.081  -0.791   0.000   0.000  -9.359 1.00  -0.00000    -33.64576
 -0.25000 -0.25000  0.75000  17  -10.609 -12.986  -6.881 -32.960   0.000   2.485   0.793   0.000   0.000  10.159 1.00  -0.00000    -30.47543
 -0.25000 -0.25000  0.75000  18   -9.907 -13.582  -7.329 -33.287   0.000   2.469   0.813   0.000   0.000  10.612 1.00   0.00000    -30.81868
 -0.25000 -0.25000  0.75000  19   -8.013  -2.528  -5.392 -17.426   0.000   1.493   7.248   0.000   0.000  14.133 1.00  -0.00000    -15.93342
 -0.25000 -0.25000  0.75000  20   -7.796  -2.662  -5.572 -17.574   0.000   1.544   7.398   0.000   0.000  14.513 1.00  -0.00000    -16.03058
 -0.25000 -0.25000  0.75000  21   -7.450  -2.751  -5.513 -17.582   0.000   1.868   9.175   0.000   0.000  16.556 1.00  -0.00000    -15.71452
 -0.25000 -0.25000  0.75000  22   -7.158  -2.837  -5.593 -17.546   0.000   1.958   9.411   0.000   0.000  16.962 1.00  -0.00000    -15.58781
 -0.25000 -0.25000  0.75000  23   -7.003  -2.687  -5.498 -16.741   0.000   1.552  11.459   0.000   0.000  18.510 1.00  -0.00000    -15.18874
 -0.25000 -0.25000  0.75000  24   -7.216  -2.895  -5.419 -17.102   0.000   1.572  11.486   0.000   0.000  18.477 1.00  -0.00000    -15.52992
 -0.25000 -0.25000  0.75000  25   -5.327  -2.170  -6.288 -15.902   0.000   2.116  15.559   0.000   0.000  23.964 1.00  -0.00000    -13.78514
 -0.25000 -0.25000  0.75000  26   -5.094  -2.141  -6.338 -15.679   0.000   2.105  15.707   0.000   0.000  24.151 1.00  -0.00000    -13.57320
 -0.25000 -0.25000  0.75000  27   -5.211  -2.614  -6.162 -15.838   0.000   1.850  18.766   0.000   0.000  26.779 1.00  -0.00000    -13.98733
 -0.25000 -0.25000  0.75000  28   -5.259  -2.752  -6.073 -16.045   0.000   1.961  18.789   0.000   0.000  26.824 1.00  -0.00000    -14.08388
 -0.25000 -0.25000  0.75000  29    0.000   0.000   0.000 -14.427   0.000   0.000  27.874   0.000   0.000   0.000 1.00   0.00000      0.00000
 -0.25000 -0.25000  0.75000  30    0.000   0.000   0.000 -14.440   0.000   0.000  27.999   0.000   0.000   0.000 1.00   0.00000      0.00000
 -0.25000 -0.25000  0.75000  31    0.000   0.000   0.000 -14.387   0.000   0.000  28.980   0.000   0.000   0.000 1.00   0.00000      0.00000
 -0.25000 -0.25000  0.75000  32    0.000   0.000   0.000 -14.531   0.000   0.000  28.990   0.000   0.000   0.000 1.00   0.00000      0.00000
 -0.25000 -0.25000  0.75000  33    0.000   0.000   0.000 -13.979   0.000   0.000  30.250   0.000   0.000   0.000 1.00   0.00000      0.00000
 -0.25000 -0.25000  0.75000  34    0.000   0.000   0.000 -13.832   0.000   0.000  30.292   0.000   0.000   0.000 1.00   0.00000      0.00000
 -0.25000 -0.25000  0.75000  35    0.000   0.000   0.000 -14.314   0.000   0.000  32.024   0.000   0.000   0.000 1.00   0.00000      0.00000
 -0.25000 -0.25000  0.75000  36    0.000   0.000   0.000 -14.208   0.000   0.000  32.056   0.000   0.000   0.000 1.00   0.00000      0.00000
 -0.25000 -0.25000  0.75000  37    0.000   0.000   0.000 -15.211   0.000   0.000  33.520   0.000   0.000   0.000 1.00   0.00000      0.00000

 -0.50000  0.50000  0.50000   1  -30.805  -2.133  10.380 -21.565   0.000  -0.994 -19.948   0.000   0.000 -31.321 1.00  -0.00000    -22.55893
 -0.50000  0.50000  0.50000   2  -30.906  -2.138  10.369 -21.689   0.000  -0.986 -19.827   0.000   0.000 -31.182 1.00  -0.00000    -22.67565
 -0.50000  0.50000  0.50000   3  -21.739  -1.859   6.581 -17.576   0.000   0.559  -8.651   0.000   0.000 -14.674 1.00  -0.00000    -17.01733
 -0.50000  0.50000  0.50000   4  -21.812  -1.252   6.027 -17.472   0.000   0.435  -7.585   0.000   0.000 -13.177 1.00  -0.00000    -17.03703
 -0.50000  0.50000  0.50000   5  -25.596  -6.055   6.153 -24.968   0.000  -0.530  -6.312   0.000   0.000 -12.995 1.00  -0.00000    -25.49782
 -0.50000  0.50000  0.50000   6  -25.367  -5.458   3.766 -24.390   0.000  -2.669  -5.889   0.000   0.000 -12.324 1.00  -0.00000    -27.05862
 -0.50000  0.50000  0.50000   7  -23.965  -1.211   5.689 -20.021   0.000   0.534  -4.824   0.000   0.000  -9.979 1.00  -0.00000    -19.48731
 -0.50000  0.50000  0.50000   8  -24.101  -1.212   6.041 -19.997   0.000   0.725  -4.790   0.000   0.000 -10.106 1.00  -0.00000    -19.27185
 -0.50000  0.50000  0.50000   9  -27.382 -11.940  10.554 -30.648   0.000   1.880  -2.824   0.000   0.000 -11.497 1.00  -0.00000    -28.76781
 -0.50000  0.50000  0.50000  10  -31.199 -15.237  11.054 -36.594   0.000   1.212  -1.902   0.000   0.000 -11.744 1.00  -0.00000    -35.38203
 -0.50000  0.50000  0.50000  11  -30.905 -14.943  10.765 -36.240   0.000   1.156  -1.812   0.000   0.000 -11.421 1.00  -0.00000    -35.08349
 -0.50000  0.50000  0.50000  12  -27.205 -13.848   7.722 -34.783   0.000   1.453  -1.479   0.000   0.000  -7.749 1.00  -0.00000    -33.33001
 -0.50000  0.50000  0.50000  13  -29.473 -14.553   9.683 -35.586   0.000   1.243  -1.443   0.000   0.000  -9.883 1.00  -0.00000    -34.34289
 -0.50000  0.50000  0.50000  14  -27.391 -13.400   7.795 -34.206   0.000   1.209  -1.086   0.000   0.000  -7.672 1.00  -0.00000    -32.99676
 -0.50000  0.50000  0.50000  15  -28.333 -14.761   9.286 -35.009   0.000   1.202  -0.847   0.000   0.000  -8.931 1.00  -0.00000    -33.80722
 -0.50000  0.50000  0.50000  16  -28.663 -14.401   9.435 -34.727   0.000   1.098  -0.792   0.000   0.000  -9.128 1.00  -0.00000    -33.62881
 -0.50000  0.50000  0.50000  17  -13.449 -11.841  -5.564 -32.855   0.000   2.001   1.226   0.000   0.000   8.791 1.00  -0.00000    -30.85362
 -0.50000  0.50000  0.50000  18  -12.537 -12.532  -6.277 -33.449   0.000   2.103   1.272   0.000   0.000   9.651 1.00  -0.00000    -31.34586
 -0.50000  0.50000  0.50000  19   -5.887  -1.630  -4.927 -13.695   0.000   1.251   5.211   0.000   0.000  11.390 1.00   0.00000    -12.44415
 -0.50000  0.50000  0.50000  20   -5.351  -3.149  -5.437 -16.014   0.000   2.078   6.181   0.000   0.000  13.696 1.00  -0.00000    -13.93645
 -0.50000  0.50000  0.50000  21   -9.678  -2.807  -6.262 -20.376   0.000   1.629  10.042   0.000   0.000  17.933 1.00  -0.00000    -18.74702
 -0.50000  0.50000  0.50000  22   -8.930  -1.577  -6.092 -18.047   0.000   1.447  10.356   0.000   0.000  17.895 1.00  -0.00000    -16.59985
 -0.50000  0.50000  0.50000  23   -8.312  -5.084  -4.388 -18.884   0.000   1.100  11.646   0.000   0.000  17.135 1.00  -0.00000    -17.78415
 -0.50000  0.50000  0.50000  24   -4.182  -1.935  -5.584 -14.081   0.000   2.380  13.704   0.000   0.000  21.667 1.00  -0.00000    -11.70083
 -0.50000  0.50000  0.50000  25   -4.257  -1.934  -5.515 -14.094   0.000   2.388  14.196   0.000   0.000  22.099 1.00  -0.00000    -11.70584
 -0.50000  0.50000  0.50000  26   -5.835  -2.166  -6.954 -16.844   0.000   1.890  16.713   0.000   0.000  25.557 1.00  -0.00000    -14.95379
 -0.50000  0.50000  0.50000  27   -5.910  -2.163  -6.968 -16.872   0.000   1.831  16.739   0.000   0.000  25.538 1.00  -0.00000    -15.04137
 -0.50000  0.50000  0.50000  28   -3.781  -3.015  -6.003 -14.876   0.000   2.077  21.052   0.000   0.000  29.132 1.00  -0.00000    -12.79962
 -0.50000  0.50000  0.50000  29   -3.472  -0.966  -5.965 -13.045   0.000   2.642  26.253   0.000   0.000  34.860 1.00  -0.00000    -10.40295
 -0.50000  0.50000  0.50000  30   -4.946  -2.425  -6.769 -15.877   0.000   1.737  26.599   0.000   0.000  35.105 1.00  -0.00000    -14.14008
 -0.50000  0.50000  0.50000  31   -4.927  -2.424  -6.875 -15.883   0.000   1.658  26.601   0.000   0.000  35.134 1.00   0.00000    -14.22496
 -0.50000  0.50000  0.50000  32    0.000   0.000   0.000 -13.428   0.000   0.000  28.207   0.000   0.000   0.000 1.00   0.00000      0.00000
 -0.50000  0.50000  0.50000  33    0.000   0.000   0.000 -13.428   0.000   0.000  28.209   0.000   0.000   0.000 1.00   0.00000      0.00000
 -0.50000  0.50000  0.50000  34    0.000   0.000   0.000 -16.856   0.000   0.000  30.769   0.000   0.000   0.000 1.00   0.00000      0.00000
 -0.50000  0.50000  0.50000  35    0.000   0.000   0.000 -17.004   0.000   0.000  35.046   0.000   0.000   0.000 1.00   0.00000      0.00000
 -0.50000  0.50000  0.50000  36    0.000   0.000   0.000 -13.660   0.000   0.000  37.298   0.000   0.000   0.000 1.00   0.00000      0.00000
 -0.50000  0.50000  0.50000  37    0.000   0.000   0.000 -12.115   0.000   0.000  38.631   0.000   0.000   0.000 1.00   0.00000      0.00000

  0.25000  0.25000  0.25000   1  -30.056  -1.993  10.499 -20.698   0.000  -0.852 -20.613   0.000   0.000 -31.965 1.00  -0.00000    -21.55028
  0.25000  0.25000  0.25000   2  -30.074  -1.991  10.555 -20.692   0.000  -0.818 -20.599   0.000   0.000 -31.972 1.00   0.00000    -21.50974
  0.25000  0.25000  0.25000   3  -22.739  -1.800   5.936 -19.015   0.000   0.413  -6.312   0.000   0.000 -11.835 1.00  -0.00000    -18.60278
  0.25000  0.25000  0.25000   4  -22.413  -1.613   5.270 -18.913   0.000   0.157  -6.297   0.000   0.000 -11.409 1.00  -0.00000    -18.75586
  0.25000  0.25000  0.25000   5  -27.192  -6.574   5.481 -26.088   0.000  -2.197  -5.532   0.000   0.000 -13.210 1.00  -0.00000    -28.28495
  0.25000  0.25000  0.25000   6  -27.193  -6.573   5.454 -26.087   0.000  -2.226  -5.532   0.000   0.000 -13.211 1.00  -0.00000    -28.31243
  0.25000  0.25000  0.25000   7  -23.706  -3.829   4.802 -22.762   0.000   0.029  -4.804   0.000   0.000  -9.577 1.00  -0.00000    -22.73288
  0.25000  0.25000  0.25000   8  -23.713  -3.821   4.817 -22.753   0.000   0.037  -4.802   0.000   0.000  -9.583 1.00   0.00000    -22.71645
  0.25000  0.25000  0.25000   9  -30.336 -14.422  10.937 -35.168   0.000   1.347  -2.198   0.000   0.000 -11.788 1.00   0.00000    -33.82132
  0.25000  0.25000  0.25000  10  -30.336 -14.422  10.938 -35.168   0.000   1.348  -2.198   0.000   0.000 -11.788 1.00  -0.00000    -33.82014
  0.25000  0.25000  0.25000  11  -29.461 -13.515  10.090 -34.020   0.000   1.133  -1.987   0.000   0.000 -10.943 1.00  -0.00000    -32.88646
  0.25000  0.25000  0.25000  12  -27.676 -13.693   9.336 -33.338   0.000   1.305  -1.246   0.000   0.000  -9.277 1.00  -0.00000    -32.03299
  0.25000  0.25000  0.25000  13  -27.679 -13.678   9.335 -33.314   0.000   1.292  -1.238   0.000   0.000  -9.281 1.00  -0.00000    -32.02241
  0.25000  0.25000  0.25000  14  -27.328 -12.893   9.164 -32.255   0.000   1.199  -1.222   0.000   0.000  -9.187 1.00  -0.00000    -31.05663
  0.25000  0.25000  0.25000  15  -28.747  -9.489   7.756 -31.279   0.000   0.798  -0.962   0.000   0.000  -7.920 1.00  -0.00000    -30.48091
  0.25000  0.25000  0.25000  16  -28.753  -9.490   7.761 -31.279   0.000   0.797  -0.962   0.000   0.000  -7.926 1.00  -0.00000    -30.48203
  0.25000  0.25000  0.25000  17  -11.139 -12.225  -6.550 -32.340   0.000   2.425   0.793   0.000   0.000   9.769 1.00  -0.00000    -29.91462
  0.25000  0.25000  0.25000  18  -11.116 -12.237  -6.573 -32.338   0.000   2.413   0.805   0.000   0.000   9.790 1.00  -0.00000    -29.92521
  0.25000  0.25000  0.25000  19   -9.587  -2.329  -4.751 -17.888   0.000   1.221   3.983   0.000   0.000   9.955 1.00  -0.00000    -16.66729
  0.25000  0.25000  0.25000  20   -9.140  -2.345  -5.046 -17.829   0.000   1.297   4.136   0.000   0.000  10.480 1.00  -0.00000    -16.53164
  0.25000  0.25000  0.25000  21   -6.456  -2.672  -5.557 -16.073   0.000   1.388  12.158   0.000   0.000  19.102 1.00  -0.00000    -14.68475
  0.25000  0.25000  0.25000  22   -6.476  -2.884  -5.539 -16.348   0.000   1.449  12.275   0.000   0.000  19.263 1.00  -0.00000    -14.89851
  0.25000  0.25000  0.25000  23   -4.691  -2.668  -6.017 -15.608   0.000   2.232  16.592   0.000   0.000  24.841 1.00  -0.00000    -13.37618
  0.25000  0.25000  0.25000  24   -4.691  -2.669  -6.016 -15.609   0.000   2.233  16.593   0.000   0.000  24.842 1.00  -0.00000    -13.37618
  0.25000  0.25000  0.25000  25   -4.726  -2.517  -5.896 -15.247   0.000   2.109  16.635   0.000   0.000  24.639 1.00  -0.00000    -13.13845
  0.25000  0.25000  0.25000  26   -4.726  -2.517  -5.894 -15.247   0.000   2.111  16.635   0.000   0.000  24.640 1.00   0.00000    -13.13642
  0.25000  0.25000  0.25000  27   -3.230  -2.125  -6.514 -13.839   0.000   1.971  19.931   0.000   0.000  28.416 1.00  -0.00000    -11.86863
  0.25000  0.25000  0.25000  28   -3.247  -2.112  -6.466 -13.823   0.000   1.998  19.939   0.000   0.000  28.403 1.00  -0.00000    -11.82511
  0.25000  0.25000  0.25000  29   -5.025  -2.556  -6.010 -15.609   0.000   2.017  22.193   0.000   0.000  30.220 1.00  -0.00000    -13.59184
  0.25000  0.25000  0.25000  30   -5.025  -2.556  -6.011 -15.609   0.000   2.016  22.193   0.000   0.000  30.220 1.00  -0.00000    -13.59305
  0.25000  0.25000  0.25000  31   -4.817  -2.705  -6.469 -15.811   0.000   1.820  22.285   0.000   0.000  30.575 1.00  -0.00000    -13.99092
  0.25000  0.25000  0.25000  32   -4.818  -2.706  -6.471 -15.812   0.000   1.817  22.286   0.000   0.000  30.574 1.00  -0.00000    -13.99442
  0.25000  0.25000  0.25000  33    0.000   0.000   0.000 -13.623   0.000   0.000  28.619   0.000   0.000   0.000 1.00   0.00000      0.00000
  0.25000  0.25000  0.25000  34    0.000   0.000   0.000 -13.604   0.000   0.000  28.807   0.000   0.000   0.000 1.00   0.00000      0.00000
  0.25000  0.25000  0.25000  35    0.000   0.000   0.000 -16.335   0.000   0.000  32.159   0.000   0.000   0.000 1.00   0.00000      0.00000
  0.25000  0.25000  0.25000  36    0.000   0.000   0.000 -16.335   0.000   0.000  32.159   0.000   0.000   0.000 1.00   0.00000      0.00000
  0.25000  0.25000  0.25000  37    0.000   0.000   0.000 -16.441   0.000   0.000  32.244   0.000   0.000   0.000 1.00   0.00000      0.00000

