 ===============================================================
  quasiparticle energies isp=           1
 ===============================================================


           q               state   SEx    SExcore   SEc     vxc     ---    dSEnoZ   eQP(starting by lmf)    eHF   Z=1  FWHM=2Z*Simg ReS(elda)
  0.00000  0.00000  0.00000   1  -29.619  -1.889  10.700 -20.112   0.000  -0.697 -21.013   0.000   0.000 -32.410 1.00  -0.00000    -20.80876
  0.00000  0.00000  0.00000   2  -30.806  -2.134  10.378 -21.569   0.000  -0.992 -19.967   0.000   0.000 -31.337 1.00  -0.00000    -22.56128
  0.00000  0.00000  0.00000   3  -21.799  -1.866   6.818 -17.614   0.000   0.768  -8.695   0.000   0.000 -14.746 1.00  -0.00000    -16.84585
  0.00000  0.00000  0.00000   4  -25.819  -5.529   4.781 -24.483   0.000  -2.085  -5.810   0.000   0.000 -12.675 1.00  -0.00000    -26.56784
  0.00000  0.00000  0.00000   5  -25.823  -5.528   4.783 -24.482   0.000  -2.087  -5.809   0.000   0.000 -12.678 1.00  -0.00000    -26.56811
  0.00000  0.00000  0.00000   6  -24.818  -1.154   5.285 -21.266   0.000   0.580  -3.522   0.000   0.000  -8.227 1.00  -0.00000    -20.68658
  0.00000  0.00000  0.00000   7  -25.137  -1.153   5.563 -21.275   0.000   0.547  -3.515   0.000   0.000  -8.530 1.00  -0.00000    -20.72720
  0.00000  0.00000  0.00000   8  -25.140  -1.153   5.566 -21.275   0.000   0.548  -3.515   0.000   0.000  -8.533 1.00  -0.00000    -20.72664
  0.00000  0.00000  0.00000   9  -29.990 -14.110  10.808 -34.615   0.000   1.322  -2.191   0.000   0.000 -11.676 1.00  -0.00000    -33.29210
  0.00000  0.00000  0.00000  10  -29.993 -14.112  10.810 -34.617   0.000   1.322  -2.190   0.000   0.000 -11.677 1.00  -0.00000    -33.29472
  0.00000  0.00000  0.00000  11  -29.488 -13.777  10.547 -34.072   0.000   1.353  -2.179   0.000   0.000 -11.372 1.00  -0.00000    -32.71849
  0.00000  0.00000  0.00000  12  -26.824 -13.419   7.965 -33.790   0.000   1.513  -1.659   0.000   0.000  -8.111 1.00  -0.00000    -32.27748
  0.00000  0.00000  0.00000  13  -26.841 -13.414   7.976 -33.785   0.000   1.506  -1.656   0.000   0.000  -8.126 1.00  -0.00000    -32.27900
  0.00000  0.00000  0.00000  14  -27.453 -14.051   8.791 -34.026   0.000   1.313  -1.159   0.000   0.000  -8.637 1.00  -0.00000    -32.71314
  0.00000  0.00000  0.00000  15  -27.456 -14.043   8.789 -34.011   0.000   1.300  -1.152   0.000   0.000  -8.640 1.00  -0.00000    -32.71030
  0.00000  0.00000  0.00000  16  -28.435 -13.625   9.336 -33.819   0.000   1.094  -1.030   0.000   0.000  -9.271 1.00  -0.00000    -32.72483
  0.00000  0.00000  0.00000  17  -13.736 -12.221  -5.246 -33.238   0.000   2.035   1.161   0.000   0.000   8.442 1.00  -0.00000    -31.20300
  0.00000  0.00000  0.00000  18  -13.705 -12.232  -5.272 -33.235   0.000   2.027   1.169   0.000   0.000   8.467 1.00  -0.00000    -31.20844
  0.00000  0.00000  0.00000  19   -8.342  -2.513  -4.713 -16.772   0.000   1.203   1.321   0.000   0.000   7.237 1.00  -0.00000    -15.56821
  0.00000  0.00000  0.00000  20   -5.769  -1.630  -5.069 -13.682   0.000   1.214   5.178   0.000   0.000  11.461 1.00  -0.00000    -12.46799
  0.00000  0.00000  0.00000  21   -9.526  -2.813  -6.328 -20.348   0.000   1.681   9.991   0.000   0.000  18.000 1.00  -0.00000    -18.66740
  0.00000  0.00000  0.00000  22   -4.218  -1.933  -5.491 -14.079   0.000   2.437  14.107   0.000   0.000  22.035 1.00  -0.00000    -11.64234
  0.00000  0.00000  0.00000  23   -4.218  -1.933  -5.491 -14.079   0.000   2.437  14.107   0.000   0.000  22.035 1.00  -0.00000    -11.64257
  0.00000  0.00000  0.00000  24   -2.208  -0.042  -5.779  -9.386   0.000   1.358  16.706   0.000   0.000  23.842 1.00  -0.00000     -8.02790
  0.00000  0.00000  0.00000  25   -6.128  -3.157  -5.376 -16.390   0.000   1.729  18.732   0.000   0.000  25.837 1.00  -0.00000    -14.66039
  0.00000  0.00000  0.00000  26   -6.141  -3.163  -5.403 -16.401   0.000   1.695  18.737   0.000   0.000  25.835 1.00  -0.00000    -14.70646
  0.00000  0.00000  0.00000  27   -6.142  -3.164  -5.403 -16.402   0.000   1.694  18.738   0.000   0.000  25.834 1.00  -0.00000    -14.70844
  0.00000  0.00000  0.00000  28   -3.768  -3.017  -6.345 -14.874   0.000   1.742  21.047   0.000   0.000  29.135 1.00  -0.00000    -13.13111
  0.00000  0.00000  0.00000  29   -3.659  -2.974  -6.564 -16.298   0.000   3.102  22.935   0.000   0.000  32.601 1.00  -0.00000    -13.19608
  0.00000  0.00000  0.00000  30   -3.659  -2.974  -6.564 -16.298   0.000   3.102  22.936   0.000   0.000  32.601 1.00  -0.00000    -13.19606
  0.00000  0.00000  0.00000  31   -3.627  -2.974  -6.573 -16.296   0.000   3.123  22.994   0.000   0.000  32.689 1.00  -0.00000    -13.17326
  0.00000  0.00000  0.00000  32   -3.439  -0.967  -6.089 -13.053   0.000   2.558  26.259   0.000   0.000  34.906 1.00  -0.00000    -10.49547
  0.00000  0.00000  0.00000  33   -5.149  -2.409  -6.176 -15.919   0.000   2.184  26.586   0.000   0.000  34.946 1.00  -0.00000    -13.73443
  0.00000  0.00000  0.00000  34   -5.150  -2.410  -6.174 -15.919   0.000   2.185  26.586   0.000   0.000  34.945 1.00  -0.00000    -13.73391
  0.00000  0.00000  0.00000  35   -4.402  -2.654  -6.010 -16.343   0.000   3.276  26.867   0.000   0.000  36.153 1.00  -0.00000    -13.06663
  0.00000  0.00000  0.00000  36   -4.402  -2.655  -6.011 -16.343   0.000   3.275  26.868   0.000   0.000  36.154 1.00  -0.00000    -13.06818
  0.00000  0.00000  0.00000  37    0.000   0.000   0.000 -13.426   0.000   0.000  28.211   0.000   0.000   0.000 1.00   0.00000      0.00000

 -0.25000 -0.25000  0.75000   1  -30.839  -2.145  10.371 -21.618   0.000  -0.995 -19.909   0.000   0.000 -31.275 1.00  -0.00000    -22.61315
 -0.25000 -0.25000  0.75000   2  -30.831  -2.118  10.373 -21.596   0.000  -0.979 -19.885   0.000   0.000 -31.237 1.00  -0.00000    -22.57560
 -0.25000 -0.25000  0.75000   3  -22.231  -2.051   6.441 -18.443   0.000   0.603  -7.814   0.000   0.000 -13.653 1.00  -0.00000    -17.84082
 -0.25000 -0.25000  0.75000   4  -21.955  -1.716   6.219 -18.008   0.000   0.556  -7.669   0.000   0.000 -13.332 1.00  -0.00000    -17.45192
 -0.25000 -0.25000  0.75000   5  -25.016  -4.715   7.452 -22.824   0.000   0.546  -6.828   0.000   0.000 -13.735 1.00  -0.00000    -22.27841
 -0.25000 -0.25000  0.75000   6  -22.746  -2.746   5.681 -20.346   0.000   0.535  -6.154   0.000   0.000 -11.300 1.00  -0.00000    -19.81092
 -0.25000 -0.25000  0.75000   7  -26.373  -5.263   6.703 -24.403   0.000  -0.529  -5.899   0.000   0.000 -13.131 1.00  -0.00000    -24.93218
 -0.25000 -0.25000  0.75000   8  -23.438  -3.486   4.079 -22.059   0.000  -0.786  -5.467   0.000   0.000 -10.332 1.00  -0.00000    -22.84533
 -0.25000 -0.25000  0.75000   9  -29.399 -13.234  10.418 -33.562   0.000   1.347  -2.310   0.000   0.000 -11.381 1.00  -0.00000    -32.21500
 -0.25000 -0.25000  0.75000  10  -31.160 -15.151  10.993 -36.478   0.000   1.161  -1.888   0.000   0.000 -11.721 1.00  -0.00000    -35.31791
 -0.25000 -0.25000  0.75000  11  -30.725 -14.253  10.368 -35.659   0.000   1.048  -1.739   0.000   0.000 -11.058 1.00  -0.00000    -34.61056
 -0.25000 -0.25000  0.75000  12  -26.877 -12.394   9.067 -31.515   0.000   1.312  -1.491   0.000   0.000  -9.247 1.00  -0.00000    -30.20362
 -0.25000 -0.25000  0.75000  13  -29.364 -11.821   8.772 -33.255   0.000   0.842  -1.211   0.000   0.000  -9.141 1.00  -0.00000    -32.41341
 -0.25000 -0.25000  0.75000  14  -29.319 -11.258   8.542 -32.921   0.000   0.885  -1.149   0.000   0.000  -8.805 1.00  -0.00000    -32.03588
 -0.25000 -0.25000  0.75000  15  -28.699 -14.701   9.588 -34.952   0.000   1.138  -0.854   0.000   0.000  -9.303 1.00  -0.00000    -33.81306
 -0.25000 -0.25000  0.75000  16  -28.904 -14.392   9.638 -34.727   0.000   1.069  -0.794   0.000   0.000  -9.363 1.00  -0.00000    -33.65854
 -0.25000 -0.25000  0.75000  17  -10.625 -12.978  -6.858 -32.955   0.000   2.495   0.791   0.000   0.000  10.144 1.00  -0.00000    -30.46036
 -0.25000 -0.25000  0.75000  18   -9.908 -13.589  -7.316 -33.291   0.000   2.479   0.811   0.000   0.000  10.605 1.00  -0.00000    -30.81203
 -0.25000 -0.25000  0.75000  19   -8.013  -2.528  -5.380 -17.426   0.000   1.505   7.248   0.000   0.000  14.134 1.00  -0.00000    -15.92129
 -0.25000 -0.25000  0.75000  20   -7.796  -2.662  -5.560 -17.574   0.000   1.556   7.397   0.000   0.000  14.513 1.00  -0.00000    -16.01795
 -0.25000 -0.25000  0.75000  21   -7.449  -2.752  -5.501 -17.583   0.000   1.881   9.176   0.000   0.000  16.557 1.00  -0.00000    -15.70158
 -0.25000 -0.25000  0.75000  22   -7.158  -2.837  -5.583 -17.545   0.000   1.968   9.411   0.000   0.000  16.961 1.00  -0.00000    -15.57714
 -0.25000 -0.25000  0.75000  23   -7.003  -2.688  -5.487 -16.742   0.000   1.564  11.459   0.000   0.000  18.511 1.00  -0.00000    -15.17753
 -0.25000 -0.25000  0.75000  24   -7.215  -2.895  -5.407 -17.101   0.000   1.584  11.486   0.000   0.000  18.477 1.00  -0.00000    -15.51677
 -0.25000 -0.25000  0.75000  25   -5.327  -2.170  -6.276 -15.901   0.000   2.128  15.560   0.000   0.000  23.965 1.00  -0.00000    -13.77306
 -0.25000 -0.25000  0.75000  26   -5.094  -2.141  -6.326 -15.679   0.000   2.117  15.706   0.000   0.000  24.150 1.00  -0.00000    -13.56177
 -0.25000 -0.25000  0.75000  27   -5.211  -2.614  -6.149 -15.838   0.000   1.863  18.766   0.000   0.000  26.779 1.00  -0.00000    -13.97527
 -0.25000 -0.25000  0.75000  28   -5.259  -2.751  -6.062 -16.045   0.000   1.973  18.789   0.000   0.000  26.824 1.00  -0.00000    -14.07165
 -0.25000 -0.25000  0.75000  29    0.000   0.000   0.000 -14.427   0.000   0.000  27.874   0.000   0.000   0.000 1.00   0.00000      0.00000
 -0.25000 -0.25000  0.75000  30    0.000   0.000   0.000 -14.440   0.000   0.000  27.998   0.000   0.000   0.000 1.00   0.00000      0.00000
 -0.25000 -0.25000  0.75000  31    0.000   0.000   0.000 -14.387   0.000   0.000  28.980   0.000   0.000   0.000 1.00   0.00000      0.00000
 -0.25000 -0.25000  0.75000  32    0.000   0.000   0.000 -14.531   0.000   0.000  28.990   0.000   0.000   0.000 1.00   0.00000      0.00000
 -0.25000 -0.25000  0.75000  33    0.000   0.000   0.000 -13.979   0.000   0.000  30.250   0.000   0.000   0.000 1.00   0.00000      0.00000
 -0.25000 -0.25000  0.75000  34    0.000   0.000   0.000 -13.833   0.000   0.000  30.292   0.000   0.000   0.000 1.00   0.00000      0.00000
 -0.25000 -0.25000  0.75000  35    0.000   0.000   0.000 -14.314   0.000   0.000  32.024   0.000   0.000   0.000 1.00   0.00000      0.00000
 -0.25000 -0.25000  0.75000  36    0.000   0.000   0.000 -14.208   0.000   0.000  32.055   0.000   0.000   0.000 1.00   0.00000      0.00000
 -0.25000 -0.25000  0.75000  37    0.000   0.000   0.000 -15.211   0.000   0.000  33.520   0.000   0.000   0.000 1.00   0.00000      0.00000

 -0.50000  0.50000  0.50000   1  -30.804  -2.133  10.367 -21.565   0.000  -1.005 -19.948   0.000   0.000 -31.320 1.00  -0.00000    -22.57058
 -0.50000  0.50000  0.50000   2  -30.905  -2.138  10.356 -21.689   0.000  -0.998 -19.827   0.000   0.000 -31.181 1.00  -0.00000    -22.68729
 -0.50000  0.50000  0.50000   3  -21.739  -1.859   6.570 -17.576   0.000   0.548  -8.651   0.000   0.000 -14.673 1.00  -0.00000    -17.02734
 -0.50000  0.50000  0.50000   4  -21.811  -1.252   6.014 -17.472   0.000   0.423  -7.585   0.000   0.000 -13.176 1.00  -0.00000    -17.04890
 -0.50000  0.50000  0.50000   5  -25.592  -6.053   6.138 -24.965   0.000  -0.542  -6.312   0.000   0.000 -12.992 1.00  -0.00000    -25.50729
 -0.50000  0.50000  0.50000   6  -25.364  -5.456   3.739 -24.387   0.000  -2.693  -5.888   0.000   0.000 -12.321 1.00  -0.00000    -27.08039
 -0.50000  0.50000  0.50000   7  -23.964  -1.211   5.678 -20.021   0.000   0.524  -4.825   0.000   0.000  -9.978 1.00  -0.00000    -19.49703
 -0.50000  0.50000  0.50000   8  -24.100  -1.212   6.032 -19.997   0.000   0.718  -4.790   0.000   0.000 -10.104 1.00  -0.00000    -19.27946
 -0.50000  0.50000  0.50000   9  -27.376 -11.937  10.541 -30.642   0.000   1.870  -2.823   0.000   0.000 -11.494 1.00  -0.00000    -28.77229
 -0.50000  0.50000  0.50000  10  -31.197 -15.236  11.040 -36.593   0.000   1.200  -1.899   0.000   0.000 -11.739 1.00  -0.00000    -35.39292
 -0.50000  0.50000  0.50000  11  -30.903 -14.944  10.752 -36.240   0.000   1.145  -1.810   0.000   0.000 -11.417 1.00  -0.00000    -35.09493
 -0.50000  0.50000  0.50000  12  -27.202 -13.853   7.709 -34.787   0.000   1.441  -1.478   0.000   0.000  -7.746 1.00  -0.00000    -33.34600
 -0.50000  0.50000  0.50000  13  -29.477 -14.558   9.677 -35.590   0.000   1.231  -1.442   0.000   0.000  -9.888 1.00  -0.00000    -34.35862
 -0.50000  0.50000  0.50000  14  -27.388 -13.403   7.775 -34.213   0.000   1.197  -1.086   0.000   0.000  -7.664 1.00  -0.00000    -33.01575
 -0.50000  0.50000  0.50000  15  -28.332 -14.761   9.273 -35.010   0.000   1.190  -0.849   0.000   0.000  -8.932 1.00  -0.00000    -33.81986
 -0.50000  0.50000  0.50000  16  -28.663 -14.400   9.422 -34.727   0.000   1.086  -0.794   0.000   0.000  -9.130 1.00  -0.00000    -33.64119
 -0.50000  0.50000  0.50000  17  -13.462 -11.837  -5.542 -32.853   0.000   2.011   1.225   0.000   0.000   8.778 1.00  -0.00000    -30.84207
 -0.50000  0.50000  0.50000  18  -12.549 -12.530  -6.256 -33.448   0.000   2.114   1.270   0.000   0.000   9.639 1.00  -0.00000    -31.33485
 -0.50000  0.50000  0.50000  19   -5.887  -1.630  -4.915 -13.695   0.000   1.263   5.211   0.000   0.000  11.390 1.00  -0.00000    -12.43224
 -0.50000  0.50000  0.50000  20   -5.350  -3.149  -5.425 -16.014   0.000   2.090   6.181   0.000   0.000  13.696 1.00  -0.00000    -13.92453
 -0.50000  0.50000  0.50000  21   -9.677  -2.807  -6.251 -20.376   0.000   1.641  10.042   0.000   0.000  17.933 1.00  -0.00000    -18.73551
 -0.50000  0.50000  0.50000  22   -8.929  -1.577  -6.080 -18.047   0.000   1.460  10.356   0.000   0.000  17.895 1.00  -0.00000    -16.58656
 -0.50000  0.50000  0.50000  23   -8.312  -5.084  -4.376 -18.884   0.000   1.112  11.646   0.000   0.000  17.134 1.00  -0.00000    -17.77178
 -0.50000  0.50000  0.50000  24   -4.182  -1.935  -5.572 -14.080   0.000   2.391  13.703   0.000   0.000  21.667 1.00  -0.00000    -11.68910
 -0.50000  0.50000  0.50000  25   -4.257  -1.934  -5.503 -14.094   0.000   2.400  14.196   0.000   0.000  22.099 1.00  -0.00000    -11.69372
 -0.50000  0.50000  0.50000  26   -5.834  -2.166  -6.942 -16.844   0.000   1.902  16.713   0.000   0.000  25.557 1.00  -0.00000    -14.94181
 -0.50000  0.50000  0.50000  27   -5.910  -2.163  -6.956 -16.873   0.000   1.843  16.739   0.000   0.000  25.538 1.00  -0.00000    -15.02933
 -0.50000  0.50000  0.50000  28   -3.781  -3.015  -5.991 -14.876   0.000   2.089  21.052   0.000   0.000  29.132 1.00  -0.00000    -12.78765
 -0.50000  0.50000  0.50000  29   -3.472  -0.966  -5.952 -13.045   0.000   2.654  26.253   0.000   0.000  34.860 1.00  -0.00000    -10.39077
 -0.50000  0.50000  0.50000  30   -4.946  -2.425  -6.757 -15.877   0.000   1.749  26.598   0.000   0.000  35.105 1.00  -0.00000    -14.12774
 -0.50000  0.50000  0.50000  31   -4.926  -2.424  -6.862 -15.883   0.000   1.670  26.601   0.000   0.000  35.134 1.00  -0.00000    -14.21265
 -0.50000  0.50000  0.50000  32    0.000   0.000   0.000 -13.428   0.000   0.000  28.207   0.000   0.000   0.000 1.00   0.00000      0.00000
 -0.50000  0.50000  0.50000  33    0.000   0.000   0.000 -13.428   0.000   0.000  28.209   0.000   0.000   0.000 1.00   0.00000      0.00000
 -0.50000  0.50000  0.50000  34    0.000   0.000   0.000 -16.856   0.000   0.000  30.769   0.000   0.000   0.000 1.00   0.00000      0.00000
 -0.50000  0.50000  0.50000  35    0.000   0.000   0.000 -17.004   0.000   0.000  35.045   0.000   0.000   0.000 1.00   0.00000      0.00000
 -0.50000  0.50000  0.50000  36    0.000   0.000   0.000 -13.660   0.000   0.000  37.298   0.000   0.000   0.000 1.00   0.00000      0.00000
 -0.50000  0.50000  0.50000  37    0.000   0.000   0.000 -12.115   0.000   0.000  38.631   0.000   0.000   0.000 1.00   0.00000      0.00000

  0.25000  0.25000  0.25000   1  -30.056  -1.993  10.487 -20.698   0.000  -0.864 -20.613   0.000   0.000 -31.964 1.00  -0.00000    -21.56228
  0.25000  0.25000  0.25000   2  -30.073  -1.991  10.542 -20.692   0.000  -0.830 -20.600   0.000   0.000 -31.972 1.00  -0.00000    -21.52144
  0.25000  0.25000  0.25000   3  -22.738  -1.800   5.920 -19.016   0.000   0.397  -6.313   0.000   0.000 -11.835 1.00  -0.00000    -18.61890
  0.25000  0.25000  0.25000   4  -22.412  -1.612   5.259 -18.912   0.000   0.147  -6.296   0.000   0.000 -11.408 1.00  -0.00000    -18.76518
  0.25000  0.25000  0.25000   5  -27.188  -6.570   5.458 -26.083   0.000  -2.217  -5.531   0.000   0.000 -13.205 1.00  -0.00000    -28.30016
  0.25000  0.25000  0.25000   6  -27.189  -6.569   5.432 -26.082   0.000  -2.243  -5.531   0.000   0.000 -13.207 1.00  -0.00000    -28.32574
  0.25000  0.25000  0.25000   7  -23.706  -3.831   4.808 -22.764   0.000   0.035  -4.805   0.000   0.000  -9.578 1.00  -0.00000    -22.72876
  0.25000  0.25000  0.25000   8  -23.712  -3.824   4.823 -22.756   0.000   0.043  -4.803   0.000   0.000  -9.583 1.00  -0.00000    -22.71273
  0.25000  0.25000  0.25000   9  -30.334 -14.422  10.923 -35.167   0.000   1.335  -2.196   0.000   0.000 -11.784 1.00  -0.00000    -33.83245
  0.25000  0.25000  0.25000  10  -30.334 -14.422  10.924 -35.167   0.000   1.336  -2.195   0.000   0.000 -11.784 1.00  -0.00000    -33.83124
  0.25000  0.25000  0.25000  11  -29.459 -13.515  10.076 -34.018   0.000   1.121  -1.984   0.000   0.000 -10.940 1.00  -0.00000    -32.89721
  0.25000  0.25000  0.25000  12  -27.679 -13.695   9.325 -33.341   0.000   1.292  -1.248   0.000   0.000  -9.280 1.00  -0.00000    -32.04891
  0.25000  0.25000  0.25000  13  -27.681 -13.683   9.324 -33.321   0.000   1.280  -1.241   0.000   0.000  -9.285 1.00  -0.00000    -32.04081
  0.25000  0.25000  0.25000  14  -27.327 -12.887   9.152 -32.248   0.000   1.186  -1.224   0.000   0.000  -9.190 1.00  -0.00000    -31.06248
  0.25000  0.25000  0.25000  15  -28.745  -9.493   7.743 -31.283   0.000   0.787  -0.961   0.000   0.000  -7.917 1.00  -0.00000    -30.49599
  0.25000  0.25000  0.25000  16  -28.750  -9.494   7.747 -31.283   0.000   0.786  -0.961   0.000   0.000  -7.921 1.00  -0.00000    -30.49696
  0.25000  0.25000  0.25000  17  -11.146 -12.224  -6.534 -32.339   0.000   2.435   0.792   0.000   0.000   9.761 1.00  -0.00000    -29.90396
  0.25000  0.25000  0.25000  18  -11.126 -12.234  -6.553 -32.336   0.000   2.423   0.801   0.000   0.000   9.778 1.00  -0.00000    -29.91297
  0.25000  0.25000  0.25000  19   -9.587  -2.329  -4.737 -17.888   0.000   1.235   3.984   0.000   0.000   9.956 1.00  -0.00000    -16.65280
  0.25000  0.25000  0.25000  20   -9.140  -2.345  -5.036 -17.829   0.000   1.308   4.135   0.000   0.000  10.479 1.00  -0.00000    -16.52057
  0.25000  0.25000  0.25000  21   -6.456  -2.672  -5.545 -16.073   0.000   1.400  12.157   0.000   0.000  19.103 1.00  -0.00000    -14.67362
  0.25000  0.25000  0.25000  22   -6.476  -2.883  -5.526 -16.347   0.000   1.462  12.275   0.000   0.000  19.263 1.00  -0.00000    -14.88543
  0.25000  0.25000  0.25000  23   -4.691  -2.668  -6.004 -15.608   0.000   2.245  16.593   0.000   0.000  24.842 1.00  -0.00000    -13.36276
  0.25000  0.25000  0.25000  24   -4.691  -2.669  -6.002 -15.609   0.000   2.246  16.593   0.000   0.000  24.842 1.00  -0.00000    -13.36279
  0.25000  0.25000  0.25000  25   -4.726  -2.517  -5.885 -15.248   0.000   2.120  16.634   0.000   0.000  24.639 1.00  -0.00000    -13.12838
  0.25000  0.25000  0.25000  26   -4.726  -2.517  -5.883 -15.248   0.000   2.122  16.634   0.000   0.000  24.639 1.00  -0.00000    -13.12616
  0.25000  0.25000  0.25000  27   -3.230  -2.125  -6.503 -13.839   0.000   1.981  19.931   0.000   0.000  28.416 1.00  -0.00000    -11.85768
  0.25000  0.25000  0.25000  28   -3.247  -2.112  -6.453 -13.823   0.000   2.011  19.939   0.000   0.000  28.403 1.00  -0.00000    -11.81237
  0.25000  0.25000  0.25000  29   -5.025  -2.557  -5.998 -15.609   0.000   2.029  22.194   0.000   0.000  30.221 1.00  -0.00000    -13.57990
  0.25000  0.25000  0.25000  30   -5.026  -2.557  -5.999 -15.609   0.000   2.028  22.194   0.000   0.000  30.221 1.00  -0.00000    -13.58107
  0.25000  0.25000  0.25000  31   -4.817  -2.705  -6.455 -15.811   0.000   1.835  22.285   0.000   0.000  30.574 1.00   0.00000    -13.97624
  0.25000  0.25000  0.25000  32   -4.818  -2.706  -6.456 -15.811   0.000   1.832  22.285   0.000   0.000  30.574 1.00  -0.00000    -13.97976
  0.25000  0.25000  0.25000  33    0.000   0.000   0.000 -13.624   0.000   0.000  28.619   0.000   0.000   0.000 1.00   0.00000      0.00000
  0.25000  0.25000  0.25000  34    0.000   0.000   0.000 -13.603   0.000   0.000  28.807   0.000   0.000   0.000 1.00   0.00000      0.00000
  0.25000  0.25000  0.25000  35    0.000   0.000   0.000 -16.335   0.000   0.000  32.159   0.000   0.000   0.000 1.00   0.00000      0.00000
  0.25000  0.25000  0.25000  36    0.000   0.000   0.000 -16.335   0.000   0.000  32.159   0.000   0.000   0.000 1.00   0.00000      0.00000
  0.25000  0.25000  0.25000  37    0.000   0.000   0.000 -16.441   0.000   0.000  32.244   0.000   0.000   0.000 1.00   0.00000      0.00000

