        0.00000        0.64290   2   1
        0.00000        0.64416   2   2
        0.00000        0.64417   2   3
        0.00000        0.64417   2   4
        0.00000        0.64461   2   5
        0.00000        0.64462   2   6
        0.00000        0.64469   2   7
        0.04762        0.64291   2   1
        0.04762        0.64417   2   2
        0.04762        0.64417   2   3
        0.04762        0.64418   2   4
        0.04762        0.64461   2   5
        0.04762        0.64462   2   6
        0.04762        0.64468   2   7
        0.09524        0.64293   2   1
        0.09524        0.64417   2   2
        0.09524        0.64417   2   3
        0.09524        0.64418   2   4
        0.09524        0.64461   2   5
        0.09524        0.64461   2   6
        0.09524        0.64468   2   7
        0.14286        0.64296   2   1
        0.14286        0.64417   2   2
        0.14286        0.64417   2   3
        0.14286        0.64419   2   4
        0.14286        0.64460   2   5
        0.14286        0.64460   2   6
        0.14286        0.64467   2   7
        0.19048        0.64300   2   1
        0.19048        0.64417   2   2
        0.19048        0.64417   2   3
        0.19048        0.64420   2   4
        0.19048        0.64459   2   5
        0.19048        0.64459   2   6
        0.19048        0.64466   2   7
        0.23810        0.64306   2   1
        0.23810        0.64416   2   2
        0.23810        0.64417   2   3
        0.23810        0.64422   2   4
        0.23810        0.64456   2   5
        0.23810        0.64458   2   6
        0.23810        0.64464   2   7
        0.28571        0.64313   2   1
        0.28571        0.64416   2   2
        0.28571        0.64416   2   3
        0.28571        0.64424   2   4
        0.28571        0.64453   2   5
        0.28571        0.64457   2   6
        0.28571        0.64462   2   7
        0.33333        0.64321   2   1
        0.33333        0.64415   2   2
        0.33333        0.64416   2   3
        0.33333        0.64426   2   4
        0.33333        0.64450   2   5
        0.33333        0.64455   2   6
        0.33333        0.64460   2   7
        0.38095        0.64330   2   1
        0.38095        0.64414   2   2
        0.38095        0.64415   2   3
        0.38095        0.64428   2   4
        0.38095        0.64445   2   5
        0.38095        0.64453   2   6
        0.38095        0.64458   2   7
        0.42857        0.64339   2   1
        0.42857        0.64413   2   2
        0.42857        0.64413   2   3
        0.42857        0.64429   2   4
        0.42857        0.64440   2   5
        0.42857        0.64450   2   6
        0.42857        0.64455   2   7
        0.47619        0.64349   2   1
        0.47619        0.64411   2   2
        0.47619        0.64412   2   3
        0.47619        0.64430   2   4
        0.47619        0.64435   2   5
        0.47619        0.64447   2   6
        0.47619        0.64452   2   7
        0.52381        0.64360   2   1
        0.52381        0.64409   2   2
        0.52381        0.64410   2   3
        0.52381        0.64426   2   4
        0.52381        0.64434   2   5
        0.52381        0.64443   2   6
        0.52381        0.64448   2   7
        0.57143        0.64370   2   1
        0.57143        0.64407   2   2
        0.57143        0.64408   2   3
        0.57143        0.64419   2   4
        0.57143        0.64434   2   5
        0.57143        0.64439   2   6
        0.57143        0.64445   2   7
        0.61905        0.64381   2   1
        0.61905        0.64405   2   2
        0.61905        0.64405   2   3
        0.61905        0.64413   2   4
        0.61905        0.64435   2   5
        0.61905        0.64435   2   6
        0.61905        0.64441   2   7
        0.66667        0.64391   2   1
        0.66667        0.64402   2   2
        0.66667        0.64403   2   3
        0.66667        0.64406   2   4
        0.66667        0.64431   2   5
        0.66667        0.64434   2   6
        0.66667        0.64438   2   7
        0.71429        0.64399   2   1
        0.71429        0.64400   2   2
        0.71429        0.64400   2   3
        0.71429        0.64401   2   4
        0.71429        0.64427   2   5
        0.71429        0.64432   2   6
        0.71429        0.64437   2   7
        0.76190        0.64393   2   1
        0.76190        0.64397   2   2
        0.76190        0.64398   2   3
        0.76190        0.64409   2   4
        0.76190        0.64423   2   5
        0.76190        0.64428   2   6
        0.76190        0.64437   2   7
        0.80952        0.64388   2   1
        0.80952        0.64395   2   2
        0.80952        0.64396   2   3
        0.80952        0.64416   2   4
        0.80952        0.64420   2   5
        0.80952        0.64425   2   6
        0.80952        0.64437   2   7
        0.85714        0.64383   2   1
        0.85714        0.64393   2   2
        0.85714        0.64394   2   3
        0.85714        0.64417   2   4
        0.85714        0.64422   2   5
        0.85714        0.64423   2   6
        0.85714        0.64437   2   7
        0.90476        0.64380   2   1
        0.90476        0.64392   2   2
        0.90476        0.64393   2   3
        0.90476        0.64415   2   4
        0.90476        0.64421   2   5
        0.90476        0.64427   2   6
        0.90476        0.64437   2   7
        0.95238        0.64378   2   1
        0.95238        0.64391   2   2
        0.95238        0.64392   2   3
        0.95238        0.64414   2   4
        0.95238        0.64419   2   5
        0.95238        0.64429   2   6
        0.95238        0.64437   2   7
        1.00000        0.64377   2   1
        1.00000        0.64390   2   2
        1.00000        0.64391   2   3
        1.00000        0.64413   2   4
        1.00000        0.64419   2   5
        1.00000        0.64430   2   6
        1.00000        0.64437   2   7
        1.00000        0.64377   2   1
        1.00000        0.64390   2   2
        1.00000        0.64391   2   3
        1.00000        0.64413   2   4
        1.00000        0.64419   2   5
        1.00000        0.64430   2   6
        1.00000        0.64437   2   7
        1.05893        0.64378   2   1
        1.05893        0.64391   2   2
        1.05893        0.64392   2   3
        1.05893        0.64413   2   4
        1.05893        0.64419   2   5
        1.05893        0.64430   2   6
        1.05893        0.64436   2   7
        1.11785        0.64380   2   1
        1.11785        0.64391   2   2
        1.11785        0.64393   2   3
        1.11785        0.64412   2   4
        1.11785        0.64421   2   5
        1.11785        0.64429   2   6
        1.11785        0.64436   2   7
        1.17678        0.64382   2   1
        1.17678        0.64392   2   2
        1.17678        0.64396   2   3
        1.17678        0.64410   2   4
        1.17678        0.64425   2   5
        1.17678        0.64429   2   6
        1.17678        0.64435   2   7
        1.23570        0.64386   2   1
        1.23570        0.64394   2   2
        1.23570        0.64399   2   3
        1.23570        0.64407   2   4
        1.23570        0.64428   2   5
        1.23570        0.64430   2   6
        1.23570        0.64434   2   7
        1.29463        0.64389   2   1
        1.29463        0.64395   2   2
        1.29463        0.64399   2   3
        1.29463        0.64407   2   4
        1.29463        0.64427   2   5
        1.29463        0.64432   2   6
        1.29463        0.64437   2   7
        1.35355        0.64391   2   1
        1.35355        0.64395   2   2
        1.35355        0.64397   2   3
        1.35355        0.64411   2   4
        1.35355        0.64427   2   5
        1.35355        0.64431   2   6
        1.35355        0.64445   2   7
        1.35355        0.64388   2   1
        1.35355        0.64396   2   2
        1.35355        0.64399   2   3
        1.35355        0.64413   2   4
        1.35355        0.64426   2   5
        1.35355        0.64431   2   6
        1.35355        0.64445   2   7
        1.40177        0.64390   2   1
        1.40177        0.64392   2   2
        1.40177        0.64400   2   3
        1.40177        0.64417   2   4
        1.40177        0.64426   2   5
        1.40177        0.64430   2   6
        1.40177        0.64451   2   7
        1.44998        0.64389   2   1
        1.44998        0.64390   2   2
        1.44998        0.64401   2   3
        1.44998        0.64422   2   4
        1.44998        0.64427   2   5
        1.44998        0.64430   2   6
        1.44998        0.64458   2   7
        1.49819        0.64386   2   1
        1.49819        0.64389   2   2
        1.49819        0.64402   2   3
        1.49819        0.64426   2   4
        1.49819        0.64426   2   5
        1.49819        0.64431   2   6
        1.49819        0.64464   2   7
        1.54640        0.64384   2   1
        1.54640        0.64387   2   2
        1.54640        0.64404   2   3
        1.54640        0.64425   2   4
        1.54640        0.64429   2   5
        1.54640        0.64433   2   6
        1.54640        0.64469   2   7
        1.59461        0.64383   2   1
        1.59461        0.64383   2   2
        1.59461        0.64405   2   3
        1.59461        0.64424   2   4
        1.59461        0.64433   2   5
        1.59461        0.64436   2   6
        1.59461        0.64475   2   7
        1.64282        0.64379   2   1
        1.64282        0.64383   2   2
        1.64282        0.64407   2   3
        1.64282        0.64423   2   4
        1.64282        0.64435   2   5
        1.64282        0.64439   2   6
        1.64282        0.64479   2   7
        1.69104        0.64374   2   1
        1.69104        0.64385   2   2
        1.69104        0.64408   2   3
        1.69104        0.64422   2   4
        1.69104        0.64438   2   5
        1.69104        0.64442   2   6
        1.69104        0.64482   2   7
        1.73925        0.64369   2   1
        1.73925        0.64387   2   2
        1.73925        0.64410   2   3
        1.73925        0.64421   2   4
        1.73925        0.64439   2   5
        1.73925        0.64445   2   6
        1.73925        0.64485   2   7
        1.78746        0.64362   2   1
        1.78746        0.64391   2   2
        1.78746        0.64411   2   3
        1.78746        0.64420   2   4
        1.78746        0.64440   2   5
        1.78746        0.64447   2   6
        1.78746        0.64486   2   7
        1.83567        0.64356   2   1
        1.83567        0.64396   2   2
        1.83567        0.64412   2   3
        1.83567        0.64419   2   4
        1.83567        0.64440   2   5
        1.83567        0.64449   2   6
        1.83567        0.64486   2   7
        1.88388        0.64349   2   1
        1.88388        0.64401   2   2
        1.88388        0.64413   2   3
        1.88388        0.64419   2   4
        1.88388        0.64440   2   5
        1.88388        0.64451   2   6
        1.88388        0.64486   2   7
        1.93210        0.64341   2   1
        1.93210        0.64407   2   2
        1.93210        0.64414   2   3
        1.93210        0.64418   2   4
        1.93210        0.64439   2   5
        1.93210        0.64453   2   6
        1.93210        0.64485   2   7
        1.98031        0.64334   2   1
        1.98031        0.64413   2   2
        1.98031        0.64415   2   3
        1.98031        0.64418   2   4
        1.98031        0.64438   2   5
        1.98031        0.64454   2   6
        1.98031        0.64483   2   7
        2.02852        0.64326   2   1
        2.02852        0.64415   2   2
        2.02852        0.64418   2   3
        2.02852        0.64418   2   4
        2.02852        0.64439   2   5
        2.02852        0.64456   2   6
        2.02852        0.64481   2   7
        2.07673        0.64319   2   1
        2.07673        0.64416   2   2
        2.07673        0.64418   2   3
        2.07673        0.64421   2   4
        2.07673        0.64441   2   5
        2.07673        0.64457   2   6
        2.07673        0.64478   2   7
        2.12494        0.64312   2   1
        2.12494        0.64416   2   2
        2.12494        0.64417   2   3
        2.12494        0.64422   2   4
        2.12494        0.64445   2   5
        2.12494        0.64458   2   6
        2.12494        0.64475   2   7
        2.17315        0.64306   2   1
        2.17315        0.64417   2   2
        2.17315        0.64417   2   3
        2.17315        0.64421   2   4
        2.17315        0.64450   2   5
        2.17315        0.64459   2   6
        2.17315        0.64473   2   7
        2.22137        0.64300   2   1
        2.22137        0.64417   2   2
        2.22137        0.64417   2   3
        2.22137        0.64420   2   4
        2.22137        0.64454   2   5
        2.22137        0.64460   2   6
        2.22137        0.64471   2   7
        2.26958        0.64296   2   1
        2.26958        0.64417   2   2
        2.26958        0.64417   2   3
        2.26958        0.64419   2   4
        2.26958        0.64458   2   5
        2.26958        0.64460   2   6
        2.26958        0.64469   2   7
        2.31779        0.64293   2   1
        2.31779        0.64417   2   2
        2.31779        0.64417   2   3
        2.31779        0.64418   2   4
        2.31779        0.64461   2   5
        2.31779        0.64461   2   6
        2.31779        0.64468   2   7
        2.36600        0.64291   2   1
        2.36600        0.64417   2   2
        2.36600        0.64417   2   3
        2.36600        0.64418   2   4
        2.36600        0.64461   2   5
        2.36600        0.64462   2   6
        2.36600        0.64468   2   7
        2.41421        0.64290   2   1
        2.41421        0.64416   2   2
        2.41421        0.64417   2   3
        2.41421        0.64417   2   4
        2.41421        0.64461   2   5
        2.41421        0.64462   2   6
        2.41421        0.64469   2   7
        2.41421        0.64290   2   1
        2.41421        0.64416   2   2
        2.41421        0.64417   2   3
        2.41421        0.64417   2   4
        2.41421        0.64461   2   5
        2.41421        0.64462   2   6
        2.41421        0.64469   2   7
        2.46233        0.64291   2   1
        2.46233        0.64417   2   2
        2.46233        0.64417   2   3
        2.46233        0.64418   2   4
        2.46233        0.64461   2   5
        2.46233        0.64462   2   6
        2.46233        0.64468   2   7
        2.51044        0.64293   2   1
        2.51044        0.64416   2   2
        2.51044        0.64418   2   3
        2.51044        0.64418   2   4
        2.51044        0.64459   2   5
        2.51044        0.64462   2   6
        2.51044        0.64468   2   7
        2.55855        0.64296   2   1
        2.55855        0.64416   2   2
        2.55855        0.64418   2   3
        2.55855        0.64419   2   4
        2.55855        0.64456   2   5
        2.55855        0.64463   2   6
        2.55855        0.64469   2   7
        2.60666        0.64300   2   1
        2.60666        0.64415   2   2
        2.60666        0.64419   2   3
        2.60666        0.64420   2   4
        2.60666        0.64450   2   5
        2.60666        0.64465   2   6
        2.60666        0.64470   2   7
        2.65478        0.64305   2   1
        2.65478        0.64415   2   2
        2.65478        0.64420   2   3
        2.65478        0.64421   2   4
        2.65478        0.64444   2   5
        2.65478        0.64466   2   6
        2.65478        0.64471   2   7
        2.70289        0.64311   2   1
        2.70289        0.64414   2   2
        2.70289        0.64421   2   3
        2.70289        0.64422   2   4
        2.70289        0.64437   2   5
        2.70289        0.64469   2   6
        2.70289        0.64473   2   7
        2.75100        0.64317   2   1
        2.75100        0.64413   2   2
        2.75100        0.64422   2   3
        2.75100        0.64424   2   4
        2.75100        0.64429   2   5
        2.75100        0.64471   2   6
        2.75100        0.64476   2   7
        2.79911        0.64323   2   1
        2.79911        0.64412   2   2
        2.79911        0.64420   2   3
        2.79911        0.64425   2   4
        2.79911        0.64426   2   5
        2.79911        0.64474   2   6
        2.79911        0.64478   2   7
        2.84723        0.64328   2   1
        2.84723        0.64410   2   2
        2.84723        0.64413   2   3
        2.84723        0.64425   2   4
        2.84723        0.64427   2   5
        2.84723        0.64477   2   6
        2.84723        0.64481   2   7
        2.89534        0.64331   2   1
        2.89534        0.64408   2   2
        2.89534        0.64409   2   3
        2.89534        0.64426   2   4
        2.89534        0.64428   2   5
        2.89534        0.64479   2   6
        2.89534        0.64484   2   7
        2.94345        0.64333   2   1
        2.94345        0.64404   2   2
        2.94345        0.64408   2   3
        2.94345        0.64427   2   4
        2.94345        0.64429   2   5
        2.94345        0.64482   2   6
        2.94345        0.64487   2   7
        2.99156        0.64332   2   1
        2.99156        0.64403   2   2
        2.99156        0.64407   2   3
        2.99156        0.64428   2   4
        2.99156        0.64430   2   5
        2.99156        0.64485   2   6
        2.99156        0.64490   2   7
        3.03968        0.64330   2   1
        3.03968        0.64404   2   2
        3.03968        0.64406   2   3
        3.03968        0.64429   2   4
        3.03968        0.64431   2   5
        3.03968        0.64488   2   6
        3.03968        0.64493   2   7
        3.08779        0.64327   2   1
        3.08779        0.64405   2   2
        3.08779        0.64406   2   3
        3.08779        0.64429   2   4
        3.08779        0.64432   2   5
        3.08779        0.64490   2   6
        3.08779        0.64495   2   7
        3.13590        0.64323   2   1
        3.13590        0.64405   2   2
        3.13590        0.64407   2   3
        3.13590        0.64430   2   4
        3.13590        0.64433   2   5
        3.13590        0.64492   2   6
        3.13590        0.64497   2   7
        3.18401        0.64321   2   1
        3.18401        0.64404   2   2
        3.18401        0.64409   2   3
        3.18401        0.64430   2   4
        3.18401        0.64433   2   5
        3.18401        0.64493   2   6
        3.18401        0.64498   2   7
        3.23213        0.64319   2   1
        3.23213        0.64404   2   2
        3.23213        0.64411   2   3
        3.23213        0.64430   2   4
        3.23213        0.64433   2   5
        3.23213        0.64494   2   6
        3.23213        0.64499   2   7
        3.28024        0.64318   2   1
        3.28024        0.64404   2   2
        3.28024        0.64411   2   3
        3.28024        0.64430   2   4
        3.28024        0.64433   2   5
        3.28024        0.64494   2   6
        3.28024        0.64500   2   7
        3.28024        0.64318   2   1
        3.28024        0.64404   2   2
        3.28024        0.64411   2   3
        3.28024        0.64430   2   4
        3.28024        0.64433   2   5
        3.28024        0.64494   2   6
        3.28024        0.64500   2   7
        3.33075        0.64319   2   1
        3.33075        0.64404   2   2
        3.33075        0.64411   2   3
        3.33075        0.64430   2   4
        3.33075        0.64433   2   5
        3.33075        0.64494   2   6
        3.33075        0.64499   2   7
        3.38125        0.64321   2   1
        3.38125        0.64404   2   2
        3.38125        0.64412   2   3
        3.38125        0.64429   2   4
        3.38125        0.64433   2   5
        3.38125        0.64491   2   6
        3.38125        0.64496   2   7
        3.43176        0.64325   2   1
        3.43176        0.64404   2   2
        3.43176        0.64412   2   3
        3.43176        0.64428   2   4
        3.43176        0.64432   2   5
        3.43176        0.64486   2   6
        3.43176        0.64493   2   7
        3.48227        0.64330   2   1
        3.48227        0.64404   2   2
        3.48227        0.64413   2   3
        3.48227        0.64427   2   4
        3.48227        0.64431   2   5
        3.48227        0.64480   2   6
        3.48227        0.64488   2   7
        3.53278        0.64336   2   1
        3.53278        0.64404   2   2
        3.53278        0.64414   2   3
        3.53278        0.64425   2   4
        3.53278        0.64429   2   5
        3.53278        0.64471   2   6
        3.53278        0.64483   2   7
        3.58328        0.64344   2   1
        3.58328        0.64404   2   2
        3.58328        0.64415   2   3
        3.58328        0.64423   2   4
        3.58328        0.64428   2   5
        3.58328        0.64462   2   6
        3.58328        0.64478   2   7
        3.63379        0.64351   2   1
        3.63379        0.64403   2   2
        3.63379        0.64417   2   3
        3.63379        0.64422   2   4
        3.63379        0.64426   2   5
        3.63379        0.64452   2   6
        3.63379        0.64471   2   7
        3.68430        0.64360   2   1
        3.68430        0.64402   2   2
        3.68430        0.64418   2   3
        3.68430        0.64421   2   4
        3.68430        0.64425   2   5
        3.68430        0.64443   2   6
        3.68430        0.64464   2   7
        3.73481        0.64368   2   1
        3.73481        0.64401   2   2
        3.73481        0.64419   2   3
        3.73481        0.64420   2   4
        3.73481        0.64424   2   5
        3.73481        0.64434   2   6
        3.73481        0.64457   2   7
        3.78532        0.64377   2   1
        3.78532        0.64400   2   2
        3.78532        0.64418   2   3
        3.78532        0.64420   2   4
        3.78532        0.64423   2   5
        3.78532        0.64426   2   6
        3.78532        0.64449   2   7
        3.83582        0.64385   2   1
        3.83582        0.64399   2   2
        3.83582        0.64414   2   3
        3.83582        0.64420   2   4
        3.83582        0.64422   2   5
        3.83582        0.64424   2   6
        3.83582        0.64442   2   7
        3.88633        0.64393   2   1
        3.88633        0.64398   2   2
        3.88633        0.64409   2   3
        3.88633        0.64420   2   4
        3.88633        0.64421   2   5
        3.88633        0.64424   2   6
        3.88633        0.64435   2   7
        3.93684        0.64398   2   1
        3.93684        0.64399   2   2
        3.93684        0.64406   2   3
        3.93684        0.64420   2   4
        3.93684        0.64421   2   5
        3.93684        0.64425   2   6
        3.93684        0.64428   2   7
        3.98735        0.64399   2   1
        3.98735        0.64400   2   2
        3.98735        0.64405   2   3
        3.98735        0.64421   2   4
        3.98735        0.64421   2   5
        3.98735        0.64425   2   6
        3.98735        0.64425   2   7
        3.98735        0.64399   2   1
        3.98735        0.64400   2   2
        3.98735        0.64405   2   3
        3.98735        0.64421   2   4
        3.98735        0.64421   2   5
        3.98735        0.64425   2   6
        3.98735        0.64425   2   7
        4.03735        0.64399   2   1
        4.03735        0.64402   2   2
        4.03735        0.64402   2   3
        4.03735        0.64418   2   4
        4.03735        0.64423   2   5
        4.03735        0.64425   2   6
        4.03735        0.64426   2   7
        4.08735        0.64398   2   1
        4.08735        0.64399   2   2
        4.08735        0.64404   2   3
        4.08735        0.64416   2   4
        4.08735        0.64424   2   5
        4.08735        0.64425   2   6
        4.08735        0.64427   2   7
        4.13735        0.64395   2   1
        4.13735        0.64397   2   2
        4.13735        0.64404   2   3
        4.13735        0.64414   2   4
        4.13735        0.64423   2   5
        4.13735        0.64426   2   6
        4.13735        0.64430   2   7
        4.18735        0.64391   2   1
        4.18735        0.64396   2   2
        4.18735        0.64402   2   3
        4.18735        0.64413   2   4
        4.18735        0.64423   2   5
        4.18735        0.64426   2   6
        4.18735        0.64432   2   7
        4.23735        0.64387   2   1
        4.23735        0.64395   2   2
        4.23735        0.64400   2   3
        4.23735        0.64413   2   4
        4.23735        0.64422   2   5
        4.23735        0.64427   2   6
        4.23735        0.64433   2   7
        4.28735        0.64384   2   1
        4.28735        0.64393   2   2
        4.28735        0.64397   2   3
        4.28735        0.64413   2   4
        4.28735        0.64421   2   5
        4.28735        0.64428   2   6
        4.28735        0.64434   2   7
        4.33735        0.64381   2   1
        4.33735        0.64392   2   2
        4.33735        0.64395   2   3
        4.33735        0.64413   2   4
        4.33735        0.64420   2   5
        4.33735        0.64429   2   6
        4.33735        0.64435   2   7
        4.38735        0.64379   2   1
        4.38735        0.64391   2   2
        4.38735        0.64393   2   3
        4.38735        0.64413   2   4
        4.38735        0.64420   2   5
        4.38735        0.64430   2   6
        4.38735        0.64436   2   7
        4.43735        0.64378   2   1
        4.43735        0.64391   2   2
        4.43735        0.64392   2   3
        4.43735        0.64413   2   4
        4.43735        0.64419   2   5
        4.43735        0.64430   2   6
        4.43735        0.64436   2   7
        4.48735        0.64377   2   1
        4.48735        0.64390   2   2
        4.48735        0.64391   2   3
        4.48735        0.64413   2   4
        4.48735        0.64419   2   5
        4.48735        0.64430   2   6
        4.48735        0.64437   2   7
