        0.00000       -0.85571   1   1
        0.00000       -0.64786   1   2
        0.00000       -0.64786   1   3
        0.00000       -0.64786   1   4
        0.00000       -0.63090   1   5
        0.00000       -0.63090   1   6
        0.00000       -0.04234   1   7
        0.00000       -0.04234   1   8
        0.00000       -0.04234   1   9
        0.00000       -0.01035   1  10
        0.00000        0.29163   1  11
        0.00000        0.29163   1  12
        0.00000        0.29163   1  13
        0.00000        0.66172   1  14
        0.00000        0.66172   1  15
        0.00000        1.24384   1  16
        0.00000        1.24384   1  17
        0.00000        1.24384   1  18
        0.00725       -0.85551   1   1
        0.00725       -0.64780   1   2
        0.00725       -0.64780   1   3
        0.00725       -0.64774   1   4
        0.00725       -0.63088   1   5
        0.00725       -0.63088   1   6
        0.00725       -0.05354   1   7
        0.00725       -0.04342   1   8
        0.00725       -0.04342   1   9
        0.00725        0.00108   1  10
        0.00725        0.29088   1  11
        0.00725        0.29322   1  12
        0.00725        0.29322   1  13
        0.00725        0.66008   1  14
        0.00725        0.66212   1  15
        0.00725        1.23892   1  16
        0.00725        1.23892   1  17
        0.00725        1.24355   1  18
        0.01451       -0.85490   1   1
        0.01451       -0.64764   1   2
        0.01451       -0.64764   1   3
        0.01451       -0.64739   1   4
        0.01451       -0.63086   1   5
        0.01451       -0.63084   1   6
        0.01451       -0.07294   1   7
        0.01451       -0.04657   1   8
        0.01451       -0.04657   1   9
        0.01451        0.02113   1  10
        0.01451        0.28862   1  11
        0.01451        0.29793   1  12
        0.01451        0.29793   1  13
        0.01451        0.65515   1  14
        0.01451        0.66333   1  15
        0.01451        1.22499   1  16
        0.01451        1.22499   1  17
        0.01451        1.24261   1  18
        0.02176       -0.85391   1   1
        0.02176       -0.64737   1   2
        0.02176       -0.64737   1   3
        0.02176       -0.64680   1   4
        0.02176       -0.63087   1   5
        0.02176       -0.63078   1   6
        0.02176       -0.09350   1   7
        0.02176       -0.05160   1   8
        0.02176       -0.05160   1   9
        0.02176        0.04258   1  10
        0.02176        0.28484   1  11
        0.02176        0.30553   1  12
        0.02176        0.30553   1  13
        0.02176        0.64700   1  14
        0.02176        0.66539   1  15
        0.02176        1.20446   1  16
        0.02176        1.20446   1  17
        0.02176        1.24086   1  18
        0.02902       -0.85257   1   1
        0.02902       -0.64701   1   2
        0.02902       -0.64701   1   3
        0.02902       -0.64596   1   4
        0.02902       -0.63093   1   5
        0.02902       -0.63071   1   6
        0.02902       -0.11420   1   7
        0.02902       -0.05824   1   8
        0.02902       -0.05824   1   9
        0.02902        0.06418   1  10
        0.02902        0.27952   1  11
        0.02902        0.31574   1  12
        0.02902        0.31574   1  13
        0.02902        0.63581   1  14
        0.02902        0.66833   1  15
        0.02902        1.18031   1  16
        0.02902        1.18031   1  17
        0.02902        1.23808   1  18
        0.03627       -0.85092   1   1
        0.03627       -0.64657   1   2
        0.03627       -0.64657   1   3
        0.03627       -0.64488   1   4
        0.03627       -0.63106   1   5
        0.03627       -0.63063   1   6
        0.03627       -0.13471   1   7
        0.03627       -0.06611   1   8
        0.03627       -0.06611   1   9
        0.03627        0.08521   1  10
        0.03627        0.27273   1  11
        0.03627        0.32818   1  12
        0.03627        0.32818   1  13
        0.03627        0.62215   1  14
        0.03627        0.67217   1  15
        0.03627        1.15546   1  16
        0.03627        1.15546   1  17
        0.03627        1.23413   1  18
        0.04353       -0.84898   1   1
        0.04353       -0.64606   1   2
        0.04353       -0.64606   1   3
        0.04353       -0.64356   1   4
        0.04353       -0.63119   1   5
        0.04353       -0.63051   1   6
        0.04353       -0.15495   1   7
        0.04353       -0.07490   1   8
        0.04353       -0.07490   1   9
        0.04353        0.10510   1  10
        0.04353        0.26459   1  11
        0.04353        0.34259   1  12
        0.04353        0.34259   1  13
        0.04353        0.60700   1  14
        0.04353        0.67691   1  15
        0.04353        1.13184   1  16
        0.04353        1.13184   1  17
        0.04353        1.22890   1  18
        0.05078       -0.84679   1   1
        0.05078       -0.64546   1   2
        0.05078       -0.64546   1   3
        0.05078       -0.64201   1   4
        0.05078       -0.63125   1   5
        0.05078       -0.63035   1   6
        0.05078       -0.17477   1   7
        0.05078       -0.08425   1   8
        0.05078       -0.08425   1   9
        0.05078        0.12310   1  10
        0.05078        0.25536   1  11
        0.05078        0.35862   1  12
        0.05078        0.35862   1  13
        0.05078        0.59202   1  14
        0.05078        0.68251   1  15
        0.05078        1.11038   1  16
        0.05078        1.11038   1  17
        0.05078        1.22235   1  18
        0.05803       -0.84439   1   1
        0.05803       -0.64480   1   2
        0.05803       -0.64480   1   3
        0.05803       -0.64031   1   4
        0.05803       -0.63112   1   5
        0.05803       -0.63014   1   6
        0.05803       -0.19410   1   7
        0.05803       -0.09388   1   8
        0.05803       -0.09388   1   9
        0.05803        0.13846   1  10
        0.05803        0.24535   1  11
        0.05803        0.37603   1  12
        0.05803        0.37603   1  13
        0.05803        0.57914   1  14
        0.05803        0.68888   1  15
        0.05803        1.09100   1  16
        0.05803        1.09100   1  17
        0.05803        1.21438   1  18
        0.06529       -0.84185   1   1
        0.06529       -0.64406   1   2
        0.06529       -0.64406   1   3
        0.06529       -0.63863   1   4
        0.06529       -0.63063   1   5
        0.06529       -0.62992   1   6
        0.06529       -0.21290   1   7
        0.06529       -0.10355   1   8
        0.06529       -0.10355   1   9
        0.06529        0.15043   1  10
        0.06529        0.23497   1  11
        0.06529        0.39462   1  12
        0.06529        0.39462   1  13
        0.06529        0.57022   1  14
        0.06529        0.69594   1  15
        0.06529        1.07310   1  16
        0.06529        1.07310   1  17
        0.06529        1.20474   1  18
        0.07254       -0.83921   1   1
        0.07254       -0.64328   1   2
        0.07254       -0.64328   1   3
        0.07254       -0.63725   1   4
        0.07254       -0.62969   1   5
        0.07254       -0.62947   1   6
        0.07254       -0.23105   1   7
        0.07254       -0.11303   1   8
        0.07254       -0.11303   1   9
        0.07254        0.15842   1  10
        0.07254        0.22475   1  11
        0.07254        0.41413   1  12
        0.07254        0.41413   1  13
        0.07254        0.56656   1  14
        0.07254        0.70348   1  15
        0.07254        1.05613   1  16
        0.07254        1.05613   1  17
        0.07254        1.19300   1  18
        0.07980       -0.83656   1   1
        0.07980       -0.64246   1   2
        0.07980       -0.64246   1   3
        0.07980       -0.63645   1   4
        0.07980       -0.62951   1   5
        0.07980       -0.62743   1   6
        0.07980       -0.24853   1   7
        0.07980       -0.12218   1   8
        0.07980       -0.12218   1   9
        0.07980        0.16229   1  10
        0.07980        0.21514   1  11
        0.07980        0.43448   1  12
        0.07980        0.43448   1  13
        0.07980        0.56854   1  14
        0.07980        0.71132   1  15
        0.07980        1.03971   1  16
        0.07980        1.03971   1  17
        0.07980        1.17853   1  18
        0.08705       -0.83396   1   1
        0.08705       -0.64165   1   2
        0.08705       -0.64165   1   3
        0.08705       -0.63616   1   4
        0.08705       -0.62936   1   5
        0.08705       -0.62460   1   6
        0.08705       -0.26522   1   7
        0.08705       -0.13084   1   8
        0.08705       -0.13084   1   9
        0.08705        0.16247   1  10
        0.08705        0.20642   1  11
        0.08705        0.45550   1  12
        0.08705        0.45550   1  13
        0.08705        0.57574   1  14
        0.08705        0.71917   1  15
        0.08705        1.02392   1  16
        0.08705        1.02392   1  17
        0.08705        1.16083   1  18
        0.09431       -0.83147   1   1
        0.09431       -0.64087   1   2
        0.09431       -0.64087   1   3
        0.09431       -0.63618   1   4
        0.09431       -0.62925   1   5
        0.09431       -0.62121   1   6
        0.09431       -0.28108   1   7
        0.09431       -0.13892   1   8
        0.09431       -0.13892   1   9
        0.09431        0.16003   1  10
        0.09431        0.19844   1  11
        0.09431        0.47718   1  12
        0.09431        0.47718   1  13
        0.09431        0.58732   1  14
        0.09431        0.72681   1  15
        0.09431        1.00904   1  16
        0.09431        1.00904   1  17
        0.09431        1.13963   1  18
        0.10156       -0.82917   1   1
        0.10156       -0.64014   1   2
        0.10156       -0.64014   1   3
        0.10156       -0.63634   1   4
        0.10156       -0.62916   1   5
        0.10156       -0.61749   1   6
        0.10156       -0.29591   1   7
        0.10156       -0.14628   1   8
        0.10156       -0.14628   1   9
        0.10156        0.15630   1  10
        0.10156        0.19087   1  11
        0.10156        0.49941   1  12
        0.10156        0.49941   1  13
        0.10156        0.60237   1  14
        0.10156        0.73398   1  15
        0.10156        0.99542   1  16
        0.10156        0.99542   1  17
        0.10156        1.11530   1  18
        0.10881       -0.82709   1   1
        0.10881       -0.63946   1   2
        0.10881       -0.63946   1   3
        0.10881       -0.63654   1   4
        0.10881       -0.62907   1   5
        0.10881       -0.61362   1   6
        0.10881       -0.30954   1   7
        0.10881       -0.15284   1   8
        0.10881       -0.15284   1   9
        0.10881        0.15243   1  10
        0.10881        0.18344   1  11
        0.10881        0.52212   1  12
        0.10881        0.52212   1  13
        0.10881        0.62010   1  14
        0.10881        0.74050   1  15
        0.10881        0.98320   1  16
        0.10881        0.98320   1  17
        0.10881        1.08867   1  18
        0.11607       -0.82527   1   1
        0.11607       -0.63885   1   2
        0.11607       -0.63885   1   3
        0.11607       -0.63674   1   4
        0.11607       -0.62897   1   5
        0.11607       -0.60977   1   6
        0.11607       -0.32174   1   7
        0.11607       -0.15853   1   8
        0.11607       -0.15853   1   9
        0.11607        0.14913   1  10
        0.11607        0.17616   1  11
        0.11607        0.54504   1  12
        0.11607        0.54504   1  13
        0.11607        0.63975   1  14
        0.11607        0.74622   1  15
        0.11607        0.97220   1  16
        0.11607        0.97220   1  17
        0.11607        1.06095   1  18
        0.12332       -0.82373   1   1
        0.12332       -0.63832   1   2
        0.12332       -0.63832   1   3
        0.12332       -0.63692   1   4
        0.12332       -0.62888   1   5
        0.12332       -0.60616   1   6
        0.12332       -0.33221   1   7
        0.12332       -0.16325   1   8
        0.12332       -0.16325   1   9
        0.12332        0.14680   1  10
        0.12332        0.16928   1  11
        0.12332        0.56748   1  12
        0.12332        0.56748   1  13
        0.12332        0.66032   1  14
        0.12332        0.75102   1  15
        0.12332        0.96218   1  16
        0.12332        0.96218   1  17
        0.12332        1.03376   1  18
        0.13058       -0.82250   1   1
        0.13058       -0.63788   1   2
        0.13058       -0.63788   1   3
        0.13058       -0.63707   1   4
        0.13058       -0.62880   1   5
        0.13058       -0.60300   1   6
        0.13058       -0.34071   1   7
        0.13058       -0.16697   1   8
        0.13058       -0.16697   1   9
        0.13058        0.14557   1  10
        0.13058        0.16302   1  11
        0.13058        0.58832   1  12
        0.13058        0.58832   1  13
        0.13058        0.68043   1  14
        0.13058        0.75480   1  15
        0.13058        0.95303   1  16
        0.13058        0.95303   1  17
        0.13058        1.00873   1  18
        0.13783       -0.82159   1   1
        0.13783       -0.63755   1   2
        0.13783       -0.63755   1   3
        0.13783       -0.63719   1   4
        0.13783       -0.62875   1   5
        0.13783       -0.60055   1   6
        0.13783       -0.34697   1   7
        0.13783       -0.16965   1   8
        0.13783       -0.16965   1   9
        0.13783        0.14545   1  10
        0.13783        0.15765   1  11
        0.13783        0.60573   1  12
        0.13783        0.60573   1  13
        0.13783        0.69800   1  14
        0.13783        0.75751   1  15
        0.13783        0.94521   1  16
        0.13783        0.94521   1  17
        0.13783        0.98796   1  18
        0.14509       -0.82104   1   1
        0.14509       -0.63735   1   2
        0.14509       -0.63735   1   3
        0.14509       -0.63728   1   4
        0.14509       -0.62873   1   5
        0.14509       -0.59898   1   6
        0.14509       -0.35082   1   7
        0.14509       -0.17126   1   8
        0.14509       -0.17126   1   9
        0.14509        0.14632   1  10
        0.14509        0.15343   1  11
        0.14509        0.61753   1  12
        0.14509        0.61753   1  13
        0.14509        0.71038   1  14
        0.14509        0.75914   1  15
        0.14509        0.93969   1  16
        0.14509        0.93969   1  17
        0.14509        0.97382   1  18
        0.15234       -0.82085   1   1
        0.15234       -0.63730   1   2
        0.15234       -0.63728   1   3
        0.15234       -0.63728   1   4
        0.15234       -0.62872   1   5
        0.15234       -0.59844   1   6
        0.15234       -0.35211   1   7
        0.15234       -0.17180   1   8
        0.15234       -0.17180   1   9
        0.15234        0.14724   1  10
        0.15234        0.15138   1  11
        0.15234        0.62173   1  12
        0.15234        0.62173   1  13
        0.15234        0.71489   1  14
        0.15234        0.75968   1  15
        0.15234        0.93768   1  16
        0.15234        0.93768   1  17
        0.15234        0.96876   1  18
        0.15234       -0.82085   1   1
        0.15234       -0.63730   1   2
        0.15234       -0.63728   1   3
        0.15234       -0.63728   1   4
        0.15234       -0.62872   1   5
        0.15234       -0.59844   1   6
        0.15234       -0.35211   1   7
        0.15234       -0.17180   1   8
        0.15234       -0.17180   1   9
        0.15234        0.14724   1  10
        0.15234        0.15138   1  11
        0.15234        0.62173   1  12
        0.15234        0.62173   1  13
        0.15234        0.71489   1  14
        0.15234        0.75968   1  15
        0.15234        0.93768   1  16
        0.15234        0.93768   1  17
        0.15234        0.96876   1  18
        0.16132       -0.82085   1   1
        0.16132       -0.63778   1   2
        0.16132       -0.63732   1   3
        0.16132       -0.63679   1   4
        0.16132       -0.62876   1   5
        0.16132       -0.59825   1   6
        0.16132       -0.35186   1   7
        0.16132       -0.17450   1   8
        0.16132       -0.17114   1   9
        0.16132        0.14902   1  10
        0.16132        0.15566   1  11
        0.16132        0.61490   1  12
        0.16132        0.61529   1  13
        0.16132        0.71565   1  14
        0.16132        0.76188   1  15
        0.16132        0.92661   1  16
        0.16132        0.93913   1  17
        0.16132        0.98515   1  18
        0.17029       -0.82087   1   1
        0.17029       -0.63829   1   2
        0.17029       -0.63744   1   3
        0.17029       -0.63627   1   4
        0.17029       -0.62886   1   5
        0.17029       -0.59772   1   6
        0.17029       -0.35110   1   7
        0.17029       -0.18187   1   8
        0.17029       -0.16918   1   9
        0.17029        0.15133   1  10
        0.17029        0.17073   1  11
        0.17029        0.59780   1  12
        0.17029        0.59851   1  13
        0.17029        0.71361   1  14
        0.17029        0.76582   1  15
        0.17029        0.91654   1  16
        0.17029        0.94388   1  17
        0.17029        1.01171   1  18
        0.17927       -0.82090   1   1
        0.17927       -0.63882   1   2
        0.17927       -0.63765   1   3
        0.17927       -0.63570   1   4
        0.17927       -0.62903   1   5
        0.17927       -0.59699   1   6
        0.17927       -0.34992   1   7
        0.17927       -0.19208   1   8
        0.17927       -0.16597   1   9
        0.17927        0.15433   1  10
        0.17927        0.19441   1  11
        0.17927        0.57604   1  12
        0.17927        0.57616   1  13
        0.17927        0.70271   1  14
        0.17927        0.76677   1  15
        0.17927        0.91842   1  16
        0.17927        0.95269   1  17
        0.17927        1.03685   1  18
        0.18825       -0.82101   1   1
        0.18825       -0.63936   1   2
        0.18825       -0.63796   1   3
        0.18825       -0.63508   1   4
        0.18825       -0.62925   1   5
        0.18825       -0.59623   1   6
        0.18825       -0.34841   1   7
        0.18825       -0.20309   1   8
        0.18825       -0.16157   1   9
        0.18825        0.15816   1  10
        0.18825        0.22403   1  11
        0.18825        0.55125   1  12
        0.18825        0.55411   1  13
        0.18825        0.68247   1  14
        0.18825        0.76174   1  15
        0.18825        0.93146   1  16
        0.18825        0.96604   1  17
        0.18825        1.05656   1  18
        0.19722       -0.82122   1   1
        0.19722       -0.63990   1   2
        0.19722       -0.63836   1   3
        0.19722       -0.63443   1   4
        0.19722       -0.62951   1   5
        0.19722       -0.59567   1   6
        0.19722       -0.34671   1   7
        0.19722       -0.21300   1   8
        0.19722       -0.15607   1   9
        0.19722        0.16266   1  10
        0.19722        0.25679   1  11
        0.19722        0.52611   1  12
        0.19722        0.53490   1  13
        0.19722        0.65677   1  14
        0.19722        0.74995   1  15
        0.19722        0.95099   1  16
        0.19722        0.98368   1  17
        0.19722        1.06802   1  18
        0.20620       -0.82161   1   1
        0.20620       -0.64040   1   2
        0.20620       -0.63882   1   3
        0.20620       -0.63376   1   4
        0.20620       -0.62978   1   5
        0.20620       -0.59555   1   6
        0.20620       -0.34487   1   7
        0.20620       -0.22040   1   8
        0.20620       -0.14958   1   9
        0.20620        0.16752   1  10
        0.20620        0.28931   1  11
        0.20620        0.50155   1  12
        0.20620        0.52157   1  13
        0.20620        0.63029   1  14
        0.20620        0.73201   1  15
        0.20620        0.97261   1  16
        0.20620        1.00489   1  17
        0.20620        1.06938   1  18
        0.20620       -0.82161   1   1
        0.20620       -0.64040   1   2
        0.20620       -0.63882   1   3
        0.20620       -0.63376   1   4
        0.20620       -0.62978   1   5
        0.20620       -0.59555   1   6
        0.20620       -0.34488   1   7
        0.20620       -0.22039   1   8
        0.20620       -0.14959   1   9
        0.20620        0.16752   1  10
        0.20620        0.28927   1  11
        0.20620        0.50158   1  12
        0.20620        0.52159   1  13
        0.20620        0.63033   1  14
        0.20620        0.73204   1  15
        0.20620        0.97258   1  16
        0.20620        1.00486   1  17
        0.20620        1.06938   1  18
        0.21355       -0.82206   1   1
        0.21355       -0.64076   1   2
        0.21355       -0.63925   1   3
        0.21355       -0.63322   1   4
        0.21355       -0.62999   1   5
        0.21355       -0.59595   1   6
        0.21355       -0.34317   1   7
        0.21355       -0.22393   1   8
        0.21355       -0.14361   1   9
        0.21355        0.17148   1  10
        0.21355        0.31262   1  11
        0.21355        0.48222   1  12
        0.21355        0.51665   1  13
        0.21355        0.61174   1  14
        0.21355        0.71364   1  15
        0.21355        0.98985   1  16
        0.21355        1.02425   1  17
        0.21355        1.06234   1  18
        0.22089       -0.82265   1   1
        0.22089       -0.64108   1   2
        0.22089       -0.63971   1   3
        0.22089       -0.63271   1   4
        0.22089       -0.63021   1   5
        0.22089       -0.59690   1   6
        0.22089       -0.34105   1   7
        0.22089       -0.22492   1   8
        0.22089       -0.13715   1   9
        0.22089        0.17509   1  10
        0.22089        0.33028   1  11
        0.22089        0.46371   1  12
        0.22089        0.51547   1  13
        0.22089        0.60130   1  14
        0.22089        0.69294   1  15
        0.22089        1.00572   1  16
        0.22089        1.04482   1  17
        0.22089        1.04807   1  18
        0.22824       -0.82341   1   1
        0.22824       -0.64137   1   2
        0.22824       -0.64021   1   3
        0.22824       -0.63227   1   4
        0.22824       -0.63042   1   5
        0.22824       -0.59849   1   6
        0.22824       -0.33821   1   7
        0.22824       -0.22338   1   8
        0.22824       -0.13027   1   9
        0.22824        0.17799   1  10
        0.22824        0.34136   1  11
        0.22824        0.44610   1  12
        0.22824        0.51107   1  13
        0.22824        0.60690   1  14
        0.22824        0.67101   1  15
        0.22824        1.01751   1  16
        0.22824        1.02944   1  17
        0.22824        1.06597   1  18
        0.23558       -0.82435   1   1
        0.23558       -0.64163   1   2
        0.23558       -0.64074   1   3
        0.23558       -0.63189   1   4
        0.23558       -0.63063   1   5
        0.23558       -0.60075   1   6
        0.23558       -0.33431   1   7
        0.23558       -0.21943   1   8
        0.23558       -0.12307   1   9
        0.23558        0.17980   1  10
        0.23558        0.34732   1  11
        0.23558        0.42945   1  12
        0.23558        0.49914   1  13
        0.23558        0.63072   1  14
        0.23558        0.64908   1  15
        0.23558        0.99691   1  16
        0.23558        1.03559   1  17
        0.23558        1.08707   1  18
        0.24292       -0.82552   1   1
        0.24292       -0.64189   1   2
        0.24292       -0.64129   1   3
        0.24292       -0.63159   1   4
        0.24292       -0.63083   1   5
        0.24292       -0.60363   1   6
        0.24292       -0.32909   1   7
        0.24292       -0.21334   1   8
        0.24292       -0.11569   1   9
        0.24292        0.18016   1  10
        0.24292        0.35055   1  11
        0.24292        0.41391   1  12
        0.24292        0.48258   1  13
        0.24292        0.62850   1  14
        0.24292        0.66590   1  15
        0.24292        0.96442   1  16
        0.24292        1.04754   1  17
        0.24292        1.10740   1  18
        0.25027       -0.82693   1   1
        0.25027       -0.64215   1   2
        0.25027       -0.64185   1   3
        0.25027       -0.63138   1   4
        0.25027       -0.63101   1   5
        0.25027       -0.60705   1   6
        0.25027       -0.32234   1   7
        0.25027       -0.20535   1   8
        0.25027       -0.10822   1   9
        0.25027        0.17884   1  10
        0.25027        0.35288   1  11
        0.25027        0.39949   1  12
        0.25027        0.46433   1  13
        0.25027        0.61045   1  14
        0.25027        0.70566   1  15
        0.25027        0.92847   1  16
        0.25027        1.05890   1  17
        0.25027        1.12641   1  18
        0.25761       -0.82858   1   1
        0.25761       -0.64242   1   2
        0.25761       -0.64242   1   3
        0.25761       -0.63123   1   4
        0.25761       -0.63114   1   5
        0.25761       -0.61086   1   6
        0.25761       -0.31390   1   7
        0.25761       -0.19572   1   8
        0.25761       -0.10077   1   9
        0.25761        0.17574   1  10
        0.25761        0.35504   1  11
        0.25761        0.38616   1  12
        0.25761        0.44591   1  13
        0.25761        0.59585   1  14
        0.25761        0.74501   1  15
        0.25761        0.89207   1  16
        0.25761        1.06970   1  17
        0.25761        1.14369   1  18
        0.26496       -0.83044   1   1
        0.26496       -0.64297   1   2
        0.26496       -0.64270   1   3
        0.26496       -0.63122   1   4
        0.26496       -0.63116   1   5
        0.26496       -0.61487   1   6
        0.26496       -0.30373   1   7
        0.26496       -0.18476   1   8
        0.26496       -0.09347   1   9
        0.26496        0.17096   1  10
        0.26496        0.35682   1  11
        0.26496        0.37394   1  12
        0.26496        0.42847   1  13
        0.26496        0.58542   1  14
        0.26496        0.77720   1  15
        0.26496        0.86166   1  16
        0.26496        1.08019   1  17
        0.26496        1.15888   1  18
        0.27230       -0.83250   1   1
        0.27230       -0.64350   1   2
        0.27230       -0.64301   1   3
        0.27230       -0.63127   1   4
        0.27230       -0.63117   1   5
        0.27230       -0.61893   1   6
        0.27230       -0.29174   1   7
        0.27230       -0.17267   1   8
        0.27230       -0.08642   1   9
        0.27230        0.16467   1  10
        0.27230        0.35722   1  11
        0.27230        0.36268   1  12
        0.27230        0.41303   1  13
        0.27230        0.57941   1  14
        0.27230        0.78329   1  15
        0.27230        0.85702   1  16
        0.27230        1.09079   1  17
        0.27230        1.17193   1  18
        0.27965       -0.83471   1   1
        0.27965       -0.64401   1   2
        0.27965       -0.64335   1   3
        0.27965       -0.63132   1   4
        0.27965       -0.63129   1   5
        0.27965       -0.62281   1   6
        0.27965       -0.27804   1   7
        0.27965       -0.15976   1   8
        0.27965       -0.07973   1   9
        0.27965        0.15712   1  10
        0.27965        0.35236   1  11
        0.27965        0.35480   1  12
        0.27965        0.40070   1  13
        0.27965        0.57775   1  14
        0.27965        0.76127   1  15
        0.27965        0.88166   1  16
        0.27965        1.10175   1  17
        0.27965        1.18285   1  18
        0.28699       -0.83705   1   1
        0.28699       -0.64450   1   2
        0.28699       -0.64373   1   3
        0.28699       -0.63176   1   4
        0.28699       -0.63129   1   5
        0.28699       -0.62625   1   6
        0.28699       -0.26268   1   7
        0.28699       -0.14624   1   8
        0.28699       -0.07349   1   9
        0.28699        0.14849   1  10
        0.28699        0.34287   1  11
        0.28699        0.34878   1  12
        0.28699        0.39166   1  13
        0.28699        0.58002   1  14
        0.28699        0.73491   1  15
        0.28699        0.91354   1  16
        0.28699        1.11309   1  17
        0.28699        1.19190   1  18
        0.29434       -0.83948   1   1
        0.29434       -0.64499   1   2
        0.29434       -0.64416   1   3
        0.29434       -0.63300   1   4
        0.29434       -0.63127   1   5
        0.29434       -0.62866   1   6
        0.29434       -0.24578   1   7
        0.29434       -0.13236   1   8
        0.29434       -0.06775   1   9
        0.29434        0.13889   1  10
        0.29434        0.33419   1  11
        0.29434        0.34022   1  12
        0.29434        0.38421   1  13
        0.29434        0.58562   1  14
        0.29434        0.71141   1  15
        0.29434        0.94709   1  16
        0.29434        1.12453   1  17
        0.29434        1.19948   1  18
        0.30168       -0.84194   1   1
        0.30168       -0.64547   1   2
        0.30168       -0.64463   1   3
        0.30168       -0.63529   1   4
        0.30168       -0.63122   1   5
        0.30168       -0.62972   1   6
        0.30168       -0.22757   1   7
        0.30168       -0.11845   1   8
        0.30168       -0.06261   1   9
        0.30168        0.12836   1  10
        0.30168        0.32632   1  11
        0.30168        0.33098   1  12
        0.30168        0.37616   1  13
        0.30168        0.59373   1  14
        0.30168        0.69257   1  15
        0.30168        0.98162   1  16
        0.30168        1.13561   1  17
        0.30168        1.20599   1  18
        0.30903       -0.84438   1   1
        0.30903       -0.64592   1   2
        0.30903       -0.64513   1   3
        0.30903       -0.63787   1   4
        0.30903       -0.63115   1   5
        0.30903       -0.63015   1   6
        0.30903       -0.20815   1   7
        0.30903       -0.10481   1   8
        0.30903       -0.05807   1   9
        0.30903        0.11685   1  10
        0.30903        0.31926   1  11
        0.30903        0.32225   1  12
        0.30903        0.36626   1  13
        0.30903        0.60353   1  14
        0.30903        0.67872   1  15
        0.30903        1.01731   1  16
        0.30903        1.14615   1  17
        0.30903        1.21191   1  18
        0.31637       -0.84673   1   1
        0.31637       -0.64635   1   2
        0.31637       -0.64563   1   3
        0.31637       -0.64028   1   4
        0.31637       -0.63105   1   5
        0.31637       -0.63037   1   6
        0.31637       -0.18760   1   7
        0.31637       -0.09175   1   8
        0.31637       -0.05414   1   9
        0.31637        0.10418   1  10
        0.31637        0.31297   1  11
        0.31637        0.31454   1  12
        0.31637        0.35442   1  13
        0.31637        0.61422   1  14
        0.31637        0.66951   1  15
        0.31637        1.05429   1  16
        0.31637        1.15654   1  17
        0.31637        1.21756   1  18
        0.32372       -0.84891   1   1
        0.32372       -0.64674   1   2
        0.32372       -0.64612   1   3
        0.32372       -0.64236   1   4
        0.32372       -0.63095   1   5
        0.32372       -0.63051   1   6
        0.32372       -0.16615   1   7
        0.32372       -0.07966   1   8
        0.32372       -0.05084   1   9
        0.32372        0.09023   1  10
        0.32372        0.30748   1  11
        0.32372        0.30804   1  12
        0.32372        0.34143   1  13
        0.32372        0.62496   1  14
        0.32372        0.66418   1  15
        0.32372        1.09212   1  16
        0.32372        1.16760   1  17
        0.32372        1.22308   1  18
        0.33106       -0.85085   1   1
        0.33106       -0.64707   1   2
        0.33106       -0.64659   1   3
        0.33106       -0.64409   1   4
        0.33106       -0.63086   1   5
        0.33106       -0.63061   1   6
        0.33106       -0.14393   1   7
        0.33106       -0.06885   1   8
        0.33106       -0.04813   1   9
        0.33106        0.07484   1  10
        0.33106        0.30275   1  11
        0.33106        0.30278   1  12
        0.33106        0.32832   1  13
        0.33106        0.63511   1  14
        0.33106        0.66164   1  15
        0.33106        1.12995   1  16
        0.33106        1.18037   1  17
        0.33106        1.22844   1  18
        0.33840       -0.85252   1   1
        0.33840       -0.64736   1   2
        0.33840       -0.64700   1   3
        0.33840       -0.64548   1   4
        0.33840       -0.63081   1   5
        0.33840       -0.63069   1   6
        0.33840       -0.12114   1   7
        0.33840       -0.05959   1   8
        0.33840       -0.04598   1   9
        0.33840        0.05790   1  10
        0.33840        0.29857   1  11
        0.33840        0.29885   1  12
        0.33840        0.31616   1  13
        0.33840        0.64414   1  14
        0.33840        0.66085   1  15
        0.33840        1.16614   1  16
        0.33840        1.19537   1  17
        0.33840        1.23343   1  18
        0.34575       -0.85388   1   1
        0.34575       -0.64758   1   2
        0.34575       -0.64736   1   3
        0.34575       -0.64653   1   4
        0.34575       -0.63081   1   5
        0.34575       -0.63077   1   6
        0.34575       -0.09819   1   7
        0.34575       -0.05217   1   8
        0.34575       -0.04436   1   9
        0.34575        0.03959   1  10
        0.34575        0.29545   1  11
        0.34575        0.29574   1  12
        0.34575        0.30587   1  13
        0.34575        0.65158   1  14
        0.34575        0.66094   1  15
        0.34575        1.19807   1  16
        0.34575        1.21181   1  17
        0.34575        1.23774   1  18
        0.35309       -0.85488   1   1
        0.35309       -0.64773   1   2
        0.35309       -0.64763   1   3
        0.35309       -0.64727   1   4
        0.35309       -0.63085   1   5
        0.35309       -0.63083   1   6
        0.35309       -0.07555   1   7
        0.35309       -0.04675   1   8
        0.35309       -0.04323   1   9
        0.35309        0.02024   1  10
        0.35309        0.29330   1  11
        0.35309        0.29348   1  12
        0.35309        0.29810   1  13
        0.35309        0.65713   1  14
        0.35309        0.66130   1  15
        0.35309        1.22301   1  16
        0.35309        1.22754   1  17
        0.35309        1.24105   1  18
        0.36044       -0.85550   1   1
        0.36044       -0.64783   1   2
        0.36044       -0.64780   1   3
        0.36044       -0.64771   1   4
        0.36044       -0.63088   1   5
        0.36044       -0.63088   1   6
        0.36044       -0.05443   1   7
        0.36044       -0.04345   1   8
        0.36044       -0.04256   1   9
        0.36044        0.00109   1  10
        0.36044        0.29204   1  11
        0.36044        0.29209   1  12
        0.36044        0.29326   1  13
        0.36044        0.66056   1  14
        0.36044        0.66161   1  15
        0.36044        1.23865   1  16
        0.36044        1.23934   1  17
        0.36044        1.24313   1  18
        0.36778       -0.85571   1   1
        0.36778       -0.64786   1   2
        0.36778       -0.64786   1   3
        0.36778       -0.64786   1   4
        0.36778       -0.63090   1   5
        0.36778       -0.63090   1   6
        0.36778       -0.04234   1   7
        0.36778       -0.04234   1   8
        0.36778       -0.04234   1   9
        0.36778       -0.01035   1  10
        0.36778        0.29163   1  11
        0.36778        0.29163   1  12
        0.36778        0.29163   1  13
        0.36778        0.66172   1  14
        0.36778        0.66172   1  15
        0.36778        1.24384   1  16
        0.36778        1.24384   1  17
        0.36778        1.24384   1  18
        0.36778       -0.85571   1   1
        0.36778       -0.64786   1   2
        0.36778       -0.64786   1   3
        0.36778       -0.64786   1   4
        0.36778       -0.63090   1   5
        0.36778       -0.63090   1   6
        0.36778       -0.04234   1   7
        0.36778       -0.04234   1   8
        0.36778       -0.04234   1   9
        0.36778       -0.01035   1  10
        0.36778        0.29163   1  11
        0.36778        0.29163   1  12
        0.36778        0.29163   1  13
        0.36778        0.66172   1  14
        0.36778        0.66172   1  15
        0.36778        1.24384   1  16
        0.36778        1.24384   1  17
        0.36778        1.24384   1  18
        0.37511       -0.85550   1   1
        0.37511       -0.64782   1   2
        0.37511       -0.64782   1   3
        0.37511       -0.64770   1   4
        0.37511       -0.63088   1   5
        0.37511       -0.63088   1   6
        0.37511       -0.05463   1   7
        0.37511       -0.04285   1   8
        0.37511       -0.04285   1   9
        0.37511        0.00099   1  10
        0.37511        0.29244   1  11
        0.37511        0.29248   1  12
        0.37511        0.29248   1  13
        0.37511        0.66109   1  14
        0.37511        0.66109   1  15
        0.37511        1.23777   1  16
        0.37511        1.24170   1  17
        0.37511        1.24170   1  18
        0.38244       -0.85488   1   1
        0.38244       -0.64770   1   2
        0.38244       -0.64770   1   3
        0.38244       -0.64724   1   4
        0.38244       -0.63084   1   5
        0.38244       -0.63084   1   6
        0.38244       -0.07620   1   7
        0.38244       -0.04435   1   8
        0.38244       -0.04435   1   9
        0.38244        0.01962   1  10
        0.38244        0.29495   1  11
        0.38244        0.29495   1  12
        0.38244        0.29498   1  13
        0.38244        0.65924   1  14
        0.38244        0.65924   1  15
        0.38244        1.22056   1  16
        0.38244        1.23561   1  17
        0.38244        1.23561   1  18
        0.38977       -0.85389   1   1
        0.38977       -0.64751   1   2
        0.38977       -0.64751   1   3
        0.38977       -0.64645   1   4
        0.38977       -0.63078   1   5
        0.38977       -0.63078   1   6
        0.38977       -0.09972   1   7
        0.38977       -0.04677   1   8
        0.38977       -0.04677   1   9
        0.38977        0.03791   1  10
        0.38977        0.29885   1  11
        0.38977        0.29885   1  12
        0.38977        0.29958   1  13
        0.38977        0.65633   1  14
        0.38977        0.65633   1  15
        0.38977        1.19481   1  16
        0.38977        1.22647   1  17
        0.38977        1.22647   1  18
        0.39710       -0.85254   1   1
        0.39710       -0.64726   1   2
        0.39710       -0.64726   1   3
        0.39710       -0.64533   1   4
        0.39710       -0.63073   1   5
        0.39710       -0.63073   1   6
        0.39710       -0.12384   1   7
        0.39710       -0.04997   1   8
        0.39710       -0.04997   1   9
        0.39710        0.05417   1  10
        0.39710        0.30387   1  11
        0.39710        0.30387   1  12
        0.39710        0.30665   1  13
        0.39710        0.65269   1  14
        0.39710        0.65269   1  15
        0.39710        1.16413   1  16
        0.39710        1.21544   1  17
        0.39710        1.21544   1  18
        0.40443       -0.85090   1   1
        0.40443       -0.64696   1   2
        0.40443       -0.64696   1   3
        0.40443       -0.64387   1   4
        0.40443       -0.63070   1   5
        0.40443       -0.63070   1   6
        0.40443       -0.14813   1   7
        0.40443       -0.05379   1   8
        0.40443       -0.05379   1   9
        0.40443        0.06763   1  10
        0.40443        0.30966   1  11
        0.40443        0.30966   1  12
        0.40443        0.31661   1  13
        0.40443        0.64881   1  14
        0.40443        0.64881   1  15
        0.40443        1.13177   1  16
        0.40443        1.20340   1  17
        0.40443        1.20340   1  18
        0.41176       -0.84898   1   1
        0.41176       -0.64663   1   2
        0.41176       -0.64663   1   3
        0.41176       -0.64205   1   4
        0.41176       -0.63070   1   5
        0.41176       -0.63070   1   6
        0.41176       -0.17228   1   7
        0.41176       -0.05808   1   8
        0.41176       -0.05808   1   9
        0.41176        0.07781   1  10
        0.41176        0.31583   1  11
        0.41176        0.31583   1  12
        0.41176        0.32973   1  13
        0.41176        0.64536   1  14
        0.41176        0.64536   1  15
        0.41176        1.10005   1  16
        0.41176        1.19078   1  17
        0.41176        1.19078   1  18
        0.41909       -0.84686   1   1
        0.41909       -0.64626   1   2
        0.41909       -0.64626   1   3
        0.41909       -0.63985   1   4
        0.41909       -0.63072   1   5
        0.41909       -0.63072   1   6
        0.41909       -0.19600   1   7
        0.41909       -0.06266   1   8
        0.41909       -0.06266   1   9
        0.41909        0.08464   1  10
        0.41909        0.32196   1  11
        0.41909        0.32196   1  12
        0.41909        0.34606   1  13
        0.41909        0.64314   1  14
        0.41909        0.64314   1  15
        0.41909        1.07007   1  16
        0.41909        1.17749   1  17
        0.41909        1.17749   1  18
        0.42642       -0.84459   1   1
        0.42642       -0.64589   1   2
        0.42642       -0.64589   1   3
        0.42642       -0.63726   1   4
        0.42642       -0.63073   1   5
        0.42642       -0.63073   1   6
        0.42642       -0.21905   1   7
        0.42642       -0.06736   1   8
        0.42642       -0.06736   1   9
        0.42642        0.08844   1  10
        0.42642        0.32762   1  11
        0.42642        0.32762   1  12
        0.42642        0.36539   1  13
        0.42642        0.64296   1  14
        0.42642        0.64296   1  15
        0.42642        1.04189   1  16
        0.42642        1.16310   1  17
        0.42642        1.16310   1  18
        0.43375       -0.84225   1   1
        0.43375       -0.64551   1   2
        0.43375       -0.64551   1   3
        0.43375       -0.63428   1   4
        0.43375       -0.63074   1   5
        0.43375       -0.63074   1   6
        0.43375       -0.24126   1   7
        0.43375       -0.07204   1   8
        0.43375       -0.07204   1   9
        0.43375        0.08978   1  10
        0.43375        0.33243   1  11
        0.43375        0.33243   1  12
        0.43375        0.38749   1  13
        0.43375        0.64547   1  14
        0.43375        0.64547   1  15
        0.43375        1.01497   1  16
        0.43375        1.14703   1  17
        0.43375        1.14703   1  18
        0.44108       -0.83992   1   1
        0.44108       -0.64515   1   2
        0.44108       -0.64515   1   3
        0.44108       -0.63095   1   4
        0.44108       -0.63071   1   5
        0.44108       -0.63071   1   6
        0.44108       -0.26233   1   7
        0.44108       -0.07655   1   8
        0.44108       -0.07655   1   9
        0.44108        0.08935   1  10
        0.44108        0.33610   1  11
        0.44108        0.33610   1  12
        0.44108        0.41193   1  13
        0.44108        0.65105   1  14
        0.44108        0.65105   1  15
        0.44108        0.98895   1  16
        0.44108        1.12899   1  17
        0.44108        1.12899   1  18
        0.44841       -0.83768   1   1
        0.44841       -0.64481   1   2
        0.44841       -0.64481   1   3
        0.44841       -0.63064   1   4
        0.44841       -0.63064   1   5
        0.44841       -0.62731   1   6
        0.44841       -0.28210   1   7
        0.44841       -0.08077   1   8
        0.44841       -0.08077   1   9
        0.44841        0.08782   1  10
        0.44841        0.33858   1  11
        0.44841        0.33858   1  12
        0.44841        0.43851   1  13
        0.44841        0.65976   1  14
        0.44841        0.65976   1  15
        0.44841        0.96347   1  16
        0.44841        1.10883   1  17
        0.44841        1.10883   1  18
        0.45574       -0.83558   1   1
        0.45574       -0.64451   1   2
        0.45574       -0.64451   1   3
        0.45574       -0.63055   1   4
        0.45574       -0.63055   1   5
        0.45574       -0.62348   1   6
        0.45574       -0.30030   1   7
        0.45574       -0.08462   1   8
        0.45574       -0.08462   1   9
        0.45574        0.08573   1  10
        0.45574        0.33995   1  11
        0.45574        0.33995   1  12
        0.45574        0.46700   1  13
        0.45574        0.67145   1  14
        0.45574        0.67145   1  15
        0.45574        0.93846   1  16
        0.45574        1.08674   1  17
        0.45574        1.08674   1  18
        0.46307       -0.83369   1   1
        0.46307       -0.64425   1   2
        0.46307       -0.64425   1   3
        0.46307       -0.63044   1   4
        0.46307       -0.63044   1   5
        0.46307       -0.61960   1   6
        0.46307       -0.31662   1   7
        0.46307       -0.08800   1   8
        0.46307       -0.08800   1   9
        0.46307        0.08347   1  10
        0.46307        0.34046   1  11
        0.46307        0.34046   1  12
        0.46307        0.49711   1  13
        0.46307        0.68580   1  14
        0.46307        0.68580   1  15
        0.46307        0.91395   1  16
        0.46307        1.06312   1  17
        0.46307        1.06312   1  18
        0.47040       -0.83207   1   1
        0.47040       -0.64404   1   2
        0.47040       -0.64404   1   3
        0.47040       -0.63033   1   4
        0.47040       -0.63033   1   5
        0.47040       -0.61588   1   6
        0.47040       -0.33071   1   7
        0.47040       -0.09086   1   8
        0.47040       -0.09086   1   9
        0.47040        0.08133   1  10
        0.47040        0.34037   1  11
        0.47040        0.34037   1  12
        0.47040        0.52820   1  13
        0.47040        0.70231   1  14
        0.47040        0.70231   1  15
        0.47040        0.89000   1  16
        0.47040        1.03865   1  17
        0.47040        1.03865   1  18
        0.47773       -0.83075   1   1
        0.47773       -0.64388   1   2
        0.47773       -0.64388   1   3
        0.47773       -0.63024   1   4
        0.47773       -0.63024   1   5
        0.47773       -0.61256   1   6
        0.47773       -0.34219   1   7
        0.47773       -0.09314   1   8
        0.47773       -0.09314   1   9
        0.47773        0.07950   1  10
        0.47773        0.33996   1  11
        0.47773        0.33996   1  12
        0.47773        0.55902   1  13
        0.47773        0.72008   1  14
        0.47773        0.72008   1  15
        0.47773        0.86689   1  16
        0.47773        1.01445   1  17
        0.47773        1.01445   1  18
        0.48506       -0.82978   1   1
        0.48506       -0.64376   1   2
        0.48506       -0.64376   1   3
        0.48506       -0.63017   1   4
        0.48506       -0.63017   1   5
        0.48506       -0.60992   1   6
        0.48506       -0.35067   1   7
        0.48506       -0.09480   1   8
        0.48506       -0.09480   1   9
        0.48506        0.07812   1  10
        0.48506        0.33947   1  11
        0.48506        0.33947   1  12
        0.48506        0.58688   1  13
        0.48506        0.73712   1  14
        0.48506        0.73712   1  15
        0.48506        0.84596   1  16
        0.48506        0.99274   1  17
        0.48506        0.99274   1  18
        0.49238       -0.82920   1   1
        0.49238       -0.64369   1   2
        0.49238       -0.64369   1   3
        0.49238       -0.63013   1   4
        0.49238       -0.63013   1   5
        0.49238       -0.60822   1   6
        0.49238       -0.35588   1   7
        0.49238       -0.09580   1   8
        0.49238       -0.09580   1   9
        0.49238        0.07726   1  10
        0.49238        0.33908   1  11
        0.49238        0.33908   1  12
        0.49238        0.60752   1  13
        0.49238        0.75019   1  14
        0.49238        0.75019   1  15
        0.49238        0.83016   1  16
        0.49238        0.97684   1  17
        0.49238        0.97684   1  18
        0.49971       -0.82900   1   1
        0.49971       -0.64367   1   2
        0.49971       -0.64367   1   3
        0.49971       -0.63012   1   4
        0.49971       -0.63012   1   5
        0.49971       -0.60763   1   6
        0.49971       -0.35764   1   7
        0.49971       -0.09614   1   8
        0.49971       -0.09614   1   9
        0.49971        0.07698   1  10
        0.49971        0.33894   1  11
        0.49971        0.33894   1  12
        0.49971        0.61539   1  13
        0.49971        0.75523   1  14
        0.49971        0.75523   1  15
        0.49971        0.82403   1  16
        0.49971        0.97086   1  17
        0.49971        0.97086   1  18
        0.49971       -0.82900   1   1
        0.49971       -0.64367   1   2
        0.49971       -0.64367   1   3
        0.49971       -0.63012   1   4
        0.49971       -0.63012   1   5
        0.49971       -0.60763   1   6
        0.49971       -0.35764   1   7
        0.49971       -0.09614   1   8
        0.49971       -0.09614   1   9
        0.49971        0.07698   1  10
        0.49971        0.33894   1  11
        0.49971        0.33894   1  12
        0.49971        0.61539   1  13
        0.49971        0.75523   1  14
        0.49971        0.75523   1  15
        0.49971        0.82403   1  16
        0.49971        0.97086   1  17
        0.49971        0.97086   1  18
        0.50741       -0.82890   1   1
        0.50741       -0.64363   1   2
        0.50741       -0.64361   1   3
        0.50741       -0.63017   1   4
        0.50741       -0.63012   1   5
        0.50741       -0.60749   1   6
        0.50741       -0.35731   1   7
        0.50741       -0.10001   1   8
        0.50741       -0.09687   1   9
        0.50741        0.08118   1  10
        0.50741        0.33830   1  11
        0.50741        0.34069   1  12
        0.50741        0.60999   1  13
        0.50741        0.75344   1  14
        0.50741        0.75597   1  15
        0.50741        0.82408   1  16
        0.50741        0.97506   1  17
        0.50741        0.97815   1  18
        0.51510       -0.82859   1   1
        0.51510       -0.64353   1   2
        0.51510       -0.64343   1   3
        0.51510       -0.63031   1   4
        0.51510       -0.63013   1   5
        0.51510       -0.60705   1   6
        0.51510       -0.35635   1   7
        0.51510       -0.11045   1   8
        0.51510       -0.09904   1   9
        0.51510        0.09256   1  10
        0.51510        0.33644   1  11
        0.51510        0.34587   1  12
        0.51510        0.59569   1  13
        0.51510        0.74576   1  14
        0.51510        0.75808   1  15
        0.51510        0.82712   1  16
        0.51510        0.98648   1  17
        0.51510        0.99697   1  18
        0.52280       -0.82810   1   1
        0.52280       -0.64335   1   2
        0.52280       -0.64315   1   3
        0.52280       -0.63053   1   4
        0.52280       -0.63016   1   5
        0.52280       -0.60634   1   6
        0.52280       -0.35480   1   7
        0.52280       -0.12500   1   8
        0.52280       -0.10264   1   9
        0.52280        0.10855   1  10
        0.52280        0.33348   1  11
        0.52280        0.35428   1  12
        0.52280        0.57636   1  13
        0.52280        0.73060   1  14
        0.52280        0.76136   1  15
        0.52280        0.83527   1  16
        0.52280        1.00177   1  17
        0.52280        1.02165   1  18
        0.53049       -0.82746   1   1
        0.53049       -0.64311   1   2
        0.53049       -0.64276   1   3
        0.53049       -0.63081   1   4
        0.53049       -0.63019   1   5
        0.53049       -0.60537   1   6
        0.53049       -0.35277   1   7
        0.53049       -0.14142   1   8
        0.53049       -0.10764   1   9
        0.53049        0.12679   1  10
        0.53049        0.32974   1  11
        0.53049        0.36545   1  12
        0.53049        0.55555   1  13
        0.53049        0.71000   1  14
        0.53049        0.76559   1  15
        0.53049        0.84640   1  16
        0.53049        1.01668   1  17
        0.53049        1.04781   1  18
        0.53819       -0.82669   1   1
        0.53819       -0.64281   1   2
        0.53819       -0.64230   1   3
        0.53819       -0.63112   1   4
        0.53819       -0.63023   1   5
        0.53819       -0.60418   1   6
        0.53819       -0.35041   1   7
        0.53819       -0.15807   1   8
        0.53819       -0.11397   1   9
        0.53819        0.14564   1  10
        0.53819        0.32574   1  11
        0.53819        0.37830   1  12
        0.53819        0.53631   1  13
        0.53819        0.68636   1  14
        0.53819        0.77049   1  15
        0.53819        0.85795   1  16
        0.53819        1.02788   1  17
        0.53819        1.07268   1  18
        0.54588       -0.82584   1   1
        0.54588       -0.64246   1   2
        0.54588       -0.64179   1   3
        0.54588       -0.63145   1   4
        0.54588       -0.63027   1   5
        0.54588       -0.60279   1   6
        0.54588       -0.34793   1   7
        0.54588       -0.17378   1   8
        0.54588       -0.12154   1   9
        0.54588        0.16405   1  10
        0.54588        0.32215   1  11
        0.54588        0.39043   1  12
        0.54588        0.52180   1  13
        0.54588        0.66171   1  14
        0.54588        0.77584   1  15
        0.54588        0.86818   1  16
        0.54588        1.03425   1  17
        0.54588        1.09454   1  18
        0.55357       -0.82495   1   1
        0.55357       -0.64208   1   2
        0.55357       -0.64125   1   3
        0.55357       -0.63176   1   4
        0.55357       -0.63032   1   5
        0.55357       -0.60126   1   6
        0.55357       -0.34560   1   7
        0.55357       -0.18769   1   8
        0.55357       -0.13021   1   9
        0.55357        0.18137   1  10
        0.55357        0.31967   1  11
        0.55357        0.39776   1  12
        0.55357        0.51520   1  13
        0.55357        0.63859   1  14
        0.55357        0.78148   1  15
        0.55357        0.87581   1  16
        0.55357        1.03670   1  17
        0.55357        1.11245   1  18
        0.56127       -0.82406   1   1
        0.56127       -0.64168   1   2
        0.56127       -0.64074   1   3
        0.56127       -0.63205   1   4
        0.56127       -0.63037   1   5
        0.56127       -0.59965   1   6
        0.56127       -0.34367   1   7
        0.56127       -0.19905   1   8
        0.56127       -0.13976   1   9
        0.56127        0.19726   1  10
        0.56127        0.31891   1  11
        0.56127        0.39698   1  12
        0.56127        0.51592   1  13
        0.56127        0.62159   1  14
        0.56127        0.78731   1  15
        0.56127        0.87963   1  16
        0.56127        1.03715   1  17
        0.56127        1.12623   1  18
        0.56896       -0.82322   1   1
        0.56896       -0.64129   1   2
        0.56896       -0.64027   1   3
        0.56896       -0.63229   1   4
        0.56896       -0.63043   1   5
        0.56896       -0.59804   1   6
        0.56896       -0.34240   1   7
        0.56896       -0.20732   1   8
        0.56896       -0.14994   1   9
        0.56896        0.21154   1  10
        0.56896        0.32018   1  11
        0.56896        0.38936   1  12
        0.56896        0.51505   1  13
        0.56896        0.61828   1  14
        0.56896        0.79324   1  15
        0.56896        0.87841   1  16
        0.56896        1.03750   1  17
        0.56896        1.13620   1  18
        0.57666       -0.82247   1   1
        0.57666       -0.64092   1   2
        0.57666       -0.63990   1   3
        0.57666       -0.63248   1   4
        0.57666       -0.63049   1   5
        0.57666       -0.59652   1   6
        0.57666       -0.34190   1   7
        0.57666       -0.21218   1   8
        0.57666       -0.16044   1   9
        0.57666        0.22418   1  10
        0.57666        0.32338   1  11
        0.57666        0.37861   1  12
        0.57666        0.50492   1  13
        0.57666        0.63222   1  14
        0.57666        0.79908   1  15
        0.57666        0.87117   1  16
        0.57666        1.03904   1  17
        0.57666        1.14295   1  18
        0.58435       -0.82184   1   1
        0.58435       -0.64058   1   2
        0.58435       -0.63963   1   3
        0.58435       -0.63262   1   4
        0.58435       -0.63054   1   5
        0.58435       -0.59519   1   6
        0.58435       -0.34208   1   7
        0.58435       -0.21360   1   8
        0.58435       -0.17091   1   9
        0.58435        0.23509   1  10
        0.58435        0.32768   1  11
        0.58435        0.36796   1  12
        0.58435        0.48892   1  13
        0.58435        0.65688   1  14
        0.58435        0.80439   1  15
        0.58435        0.85774   1  16
        0.58435        1.04206   1  17
        0.58435        1.14706   1  18
        0.59205       -0.82136   1   1
        0.59205       -0.64031   1   2
        0.59205       -0.63947   1   3
        0.59205       -0.63271   1   4
        0.59205       -0.63058   1   5
        0.59205       -0.59415   1   6
        0.59205       -0.34264   1   7
        0.59205       -0.21192   1   8
        0.59205       -0.18093   1   9
        0.59205        0.24398   1  10
        0.59205        0.33110   1  11
        0.59205        0.36040   1  12
        0.59205        0.47276   1  13
        0.59205        0.68487   1  14
        0.59205        0.80824   1  15
        0.59205        0.83981   1  16
        0.59205        1.04591   1  17
        0.59205        1.14916   1  18
        0.59974       -0.82107   1   1
        0.59974       -0.64011   1   2
        0.59974       -0.63940   1   3
        0.59974       -0.63276   1   4
        0.59974       -0.63061   1   5
        0.59974       -0.59348   1   6
        0.59974       -0.34320   1   7
        0.59974       -0.20792   1   8
        0.59974       -0.18983   1   9
        0.59974        0.25009   1  10
        0.59974        0.33158   1  11
        0.59974        0.35797   1  12
        0.59974        0.46064   1  13
        0.59974        0.70999   1  14
        0.59974        0.80764   1  15
        0.59974        0.82393   1  16
        0.59974        1.04919   1  17
        0.59974        1.14994   1  18
        0.60744       -0.82096   1   1
        0.60744       -0.64004   1   2
        0.60744       -0.63939   1   3
        0.60744       -0.63277   1   4
        0.60744       -0.63061   1   5
        0.60744       -0.59325   1   6
        0.60744       -0.34343   1   7
        0.60744       -0.20457   1   8
        0.60744       -0.19479   1   9
        0.60744        0.25233   1  10
        0.60744        0.33100   1  11
        0.60744        0.35808   1  12
        0.60744        0.45606   1  13
        0.60744        0.72167   1  14
        0.60744        0.80284   1  15
        0.60744        0.81992   1  16
        0.60744        1.05049   1  17
        0.60744        1.15009   1  18
        0.60744       -0.82096   1   1
        0.60744       -0.64004   1   2
        0.60744       -0.63939   1   3
        0.60744       -0.63277   1   4
        0.60744       -0.63061   1   5
        0.60744       -0.59325   1   6
        0.60744       -0.34343   1   7
        0.60744       -0.20457   1   8
        0.60744       -0.19479   1   9
        0.60744        0.25233   1  10
        0.60744        0.33100   1  11
        0.60744        0.35808   1  12
        0.60744        0.45606   1  13
        0.60744        0.72167   1  14
        0.60744        0.80284   1  15
        0.60744        0.81992   1  16
        0.60744        1.05049   1  17
        0.60744        1.15009   1  18
        0.61505       -0.82096   1   1
        0.61505       -0.63998   1   2
        0.61505       -0.63936   1   3
        0.61505       -0.63291   1   4
        0.61505       -0.63052   1   5
        0.61505       -0.59337   1   6
        0.61505       -0.34367   1   7
        0.61505       -0.20381   1   8
        0.61505       -0.19429   1   9
        0.61505        0.24858   1  10
        0.61505        0.30948   1  11
        0.61505        0.38127   1  12
        0.61505        0.46074   1  13
        0.61505        0.72178   1  14
        0.61505        0.80060   1  15
        0.61505        0.82325   1  16
        0.61505        1.04764   1  17
        0.61505        1.14676   1  18
        0.62267       -0.82095   1   1
        0.62267       -0.63980   1   2
        0.62267       -0.63930   1   3
        0.62267       -0.63325   1   4
        0.62267       -0.63027   1   5
        0.62267       -0.59372   1   6
        0.62267       -0.34435   1   7
        0.62267       -0.20161   1   8
        0.62267       -0.19282   1   9
        0.62267        0.23842   1  10
        0.62267        0.28051   1  11
        0.62267        0.41515   1  12
        0.62267        0.47374   1  13
        0.62267        0.72205   1  14
        0.62267        0.79623   1  15
        0.62267        0.83081   1  16
        0.62267        1.03943   1  17
        0.62267        1.13707   1  18
        0.63029       -0.82093   1   1
        0.63029       -0.63951   1   2
        0.63029       -0.63919   1   3
        0.63029       -0.63371   1   4
        0.63029       -0.62998   1   5
        0.63029       -0.59427   1   6
        0.63029       -0.34539   1   7
        0.63029       -0.19813   1   8
        0.63029       -0.19048   1   9
        0.63029        0.22415   1  10
        0.63029        0.25311   1  11
        0.63029        0.45033   1  12
        0.63029        0.49281   1  13
        0.63029        0.72233   1  14
        0.63029        0.79158   1  15
        0.63029        0.84054   1  16
        0.63029        1.02673   1  17
        0.63029        1.12182   1  18
        0.63790       -0.82092   1   1
        0.63790       -0.63913   1   2
        0.63790       -0.63904   1   3
        0.63790       -0.63424   1   4
        0.63790       -0.62967   1   5
        0.63790       -0.59497   1   6
        0.63790       -0.34668   1   7
        0.63790       -0.19371   1   8
        0.63790       -0.18745   1   9
        0.63790        0.20810   1  10
        0.63790        0.22818   1  11
        0.63790        0.48535   1  12
        0.63790        0.51561   1  13
        0.63790        0.72242   1  14
        0.63790        0.78690   1  15
        0.63790        0.85186   1  16
        0.63790        1.01088   1  17
        0.63790        1.10216   1  18
        0.64552       -0.82090   1   1
        0.64552       -0.63884   1   2
        0.64552       -0.63870   1   3
        0.64552       -0.63478   1   4
        0.64552       -0.62939   1   5
        0.64552       -0.59575   1   6
        0.64552       -0.34806   1   7
        0.64552       -0.18873   1   8
        0.64552       -0.18398   1   9
        0.64552        0.19206   1  10
        0.64552        0.20615   1  11
        0.64552        0.51912   1  12
        0.64552        0.54006   1  13
        0.64552        0.72211   1  14
        0.64552        0.78204   1  15
        0.64552        0.86455   1  16
        0.64552        0.99347   1  17
        0.64552        1.07937   1  18
        0.65314       -0.82088   1   1
        0.65314       -0.63861   1   2
        0.65314       -0.63827   1   3
        0.65314       -0.63532   1   4
        0.65314       -0.62915   1   5
        0.65314       -0.59656   1   6
        0.65314       -0.34937   1   7
        0.65314       -0.18364   1   8
        0.65314       -0.18037   1   9
        0.65314        0.17728   1  10
        0.65314        0.18730   1  11
        0.65314        0.55062   1  12
        0.65314        0.56436   1  13
        0.65314        0.72125   1  14
        0.65314        0.77681   1  15
        0.65314        0.87852   1  16
        0.65314        0.97614   1  17
        0.65314        1.05463   1  18
        0.66075       -0.82087   1   1
        0.66075       -0.63834   1   2
        0.66075       -0.63787   1   3
        0.66075       -0.63586   1   4
        0.66075       -0.62896   1   5
        0.66075       -0.59730   1   6
        0.66075       -0.35051   1   7
        0.66075       -0.17895   1   8
        0.66075       -0.17700   1   9
        0.66075        0.16475   1  10
        0.66075        0.17202   1  11
        0.66075        0.57853   1  12
        0.66075        0.58664   1  13
        0.66075        0.71972   1  14
        0.66075        0.77122   1  15
        0.66075        0.89374   1  16
        0.66075        0.96057   1  17
        0.66075        1.02912   1  18
        0.66837       -0.82086   1   1
        0.66837       -0.63803   1   2
        0.66837       -0.63755   1   3
        0.66837       -0.63637   1   4
        0.66837       -0.62882   1   5
        0.66837       -0.59790   1   6
        0.66837       -0.35138   1   7
        0.66837       -0.17514   1   8
        0.66837       -0.17425   1   9
        0.66837        0.15523   1  10
        0.66837        0.16070   1  11
        0.66837        0.60116   1  12
        0.66837        0.60498   1  13
        0.66837        0.71768   1  14
        0.66837        0.76572   1  15
        0.66837        0.91017   1  16
        0.66837        0.94825   1  17
        0.66837        1.00408   1  18
        0.67599       -0.82085   1   1
        0.67599       -0.63769   1   2
        0.67599       -0.63735   1   3
        0.67599       -0.63685   1   4
        0.67599       -0.62875   1   5
        0.67599       -0.59830   1   6
        0.67599       -0.35193   1   7
        0.67599       -0.17267   1   8
        0.67599       -0.17244   1   9
        0.67599        0.14928   1  10
        0.67599        0.15374   1  11
        0.67599        0.61631   1  12
        0.67599        0.61731   1  13
        0.67599        0.71573   1  14
        0.67599        0.76138   1  15
        0.67599        0.92707   1  16
        0.67599        0.94039   1  17
        0.67599        0.98141   1  18
        0.68361       -0.82085   1   1
        0.68361       -0.63730   1   2
        0.68361       -0.63728   1   3
        0.68361       -0.63728   1   4
        0.68361       -0.62872   1   5
        0.68361       -0.59844   1   6
        0.68361       -0.35211   1   7
        0.68361       -0.17180   1   8
        0.68361       -0.17180   1   9
        0.68361        0.14724   1  10
        0.68361        0.15138   1  11
        0.68361        0.62173   1  12
        0.68361        0.62173   1  13
        0.68361        0.71489   1  14
        0.68361        0.75968   1  15
        0.68361        0.93768   1  16
        0.68361        0.93768   1  17
        0.68361        0.96876   1  18
