        0.00000       -0.67415   1   1
        0.00000       -0.45459   1   2
        0.00000       -0.45459   1   3
        0.00000       -0.45459   1   4
        0.00000       -0.37923   1   5
        0.00000       -0.37923   1   6
        0.00000        1.34090   1   7
        0.00000        1.34090   1   8
        0.00000        1.34090   1   9
        0.01160       -0.67253   1   1
        0.01160       -0.45526   1   2
        0.01160       -0.45394   1   3
        0.01160       -0.45394   1   4
        0.01160       -0.37990   1   5
        0.01160       -0.37895   1   6
        0.01160        1.33676   1   7
        0.01160        1.33676   1   8
        0.01160        1.34436   1   9
        0.02320       -0.66759   1   1
        0.02320       -0.45727   1   2
        0.02320       -0.45203   1   3
        0.02320       -0.45203   1   4
        0.02320       -0.38187   1   5
        0.02320       -0.37811   1   6
        0.02320        1.32489   1   7
        0.02320        1.32489   1   8
        0.02320        1.35466   1   9
        0.03481       -0.65919   1   1
        0.03481       -0.46057   1   2
        0.03481       -0.44890   1   3
        0.03481       -0.44890   1   4
        0.03481       -0.38504   1   5
        0.03481       -0.37668   1   6
        0.03481        1.30639   1   7
        0.03481        1.30639   1   8
        0.03481        1.37102   1   9
        0.04641       -0.64731   1   1
        0.04641       -0.46506   1   2
        0.04641       -0.44458   1   3
        0.04641       -0.44458   1   4
        0.04641       -0.38920   1   5
        0.04641       -0.37468   1   6
        0.04641        1.28188   1   7
        0.04641        1.28188   1   8
        0.04641        1.39090   1   9
        0.05801       -0.63231   1   1
        0.05801       -0.47062   1   2
        0.05801       -0.43910   1   3
        0.05801       -0.43910   1   4
        0.05801       -0.39399   1   5
        0.05801       -0.37214   1   6
        0.05801        1.25090   1   7
        0.05801        1.25090   1   8
        0.05801        1.40943   1   9
        0.06961       -0.61496   1   1
        0.06961       -0.47708   1   2
        0.06961       -0.43248   1   3
        0.06961       -0.43248   1   4
        0.06961       -0.39881   1   5
        0.06961       -0.36914   1   6
        0.06961        1.21251   1   7
        0.06961        1.21251   1   8
        0.06961        1.41976   1   9
        0.08121       -0.59628   1   1
        0.08121       -0.48423   1   2
        0.08121       -0.42475   1   3
        0.08121       -0.42475   1   4
        0.08121       -0.40274   1   5
        0.08121       -0.36577   1   6
        0.08121        1.16665   1   7
        0.08121        1.16665   1   8
        0.08121        1.41450   1   9
        0.09282       -0.57745   1   1
        0.09282       -0.49188   1   2
        0.09282       -0.41604   1   3
        0.09282       -0.41604   1   4
        0.09282       -0.40439   1   5
        0.09282       -0.36211   1   6
        0.09282        1.11489   1   7
        0.09282        1.11489   1   8
        0.09282        1.38749   1   9
        0.10442       -0.56005   1   1
        0.10442       -0.49980   1   2
        0.10442       -0.40656   1   3
        0.10442       -0.40656   1   4
        0.10442       -0.40164   1   5
        0.10442       -0.35823   1   6
        0.10442        1.06037   1   7
        0.10442        1.06037   1   8
        0.10442        1.33547   1   9
        0.11602       -0.54632   1   1
        0.11602       -0.50784   1   2
        0.11602       -0.39648   1   3
        0.11602       -0.39648   1   4
        0.11602       -0.39176   1   5
        0.11602       -0.35420   1   6
        0.11602        1.00618   1   7
        0.11602        1.00618   1   8
        0.11602        1.25886   1   9
        0.12762       -0.53831   1   1
        0.12762       -0.51583   1   2
        0.12762       -0.38596   1   3
        0.12762       -0.38596   1   4
        0.12762       -0.37255   1   5
        0.12762       -0.35009   1   6
        0.12762        0.95437   1   7
        0.12762        0.95437   1   8
        0.12762        1.16206   1   9
        0.13922       -0.53632   1   1
        0.13922       -0.52359   1   2
        0.13922       -0.37512   1   3
        0.13922       -0.37512   1   4
        0.13922       -0.34596   1   5
        0.13922       -0.34401   1   6
        0.13922        0.90561   1   7
        0.13922        0.90561   1   8
        0.13922        1.05272   1   9
        0.15083       -0.53883   1   1
        0.15083       -0.53098   1   2
        0.15083       -0.36404   1   3
        0.15083       -0.36404   1   4
        0.15083       -0.34192   1   5
        0.15083       -0.30800   1   6
        0.15083        0.85984   1   7
        0.15083        0.85984   1   8
        0.15083        0.93993   1   9
        0.16243       -0.54388   1   1
        0.16243       -0.53782   1   2
        0.16243       -0.35295   1   3
        0.16243       -0.35295   1   4
        0.16243       -0.33808   1   5
        0.16243       -0.26678   1   6
        0.16243        0.81731   1   7
        0.16243        0.81731   1   8
        0.16243        0.83232   1   9
        0.17403       -0.54997   1   1
        0.17403       -0.54401   1   2
        0.17403       -0.34219   1   3
        0.17403       -0.34219   1   4
        0.17403       -0.33453   1   5
        0.17403       -0.22198   1   6
        0.17403        0.73523   1   7
        0.17403        0.77873   1   8
        0.17403        0.77873   1   9
        0.18563       -0.55608   1   1
        0.18563       -0.54945   1   2
        0.18563       -0.33217   1   3
        0.18563       -0.33217   1   4
        0.18563       -0.33137   1   5
        0.18563       -0.17494   1   6
        0.18563        0.65004   1   7
        0.18563        0.74507   1   8
        0.18563        0.74507   1   9
        0.19724       -0.56155   1   1
        0.19724       -0.55405   1   2
        0.19724       -0.32867   1   3
        0.19724       -0.32335   1   4
        0.19724       -0.32335   1   5
        0.19724       -0.12697   1   6
        0.19724        0.57494   1   7
        0.19724        0.71698   1   8
        0.19724        0.71698   1   9
        0.20884       -0.56601   1   1
        0.20884       -0.55772   1   2
        0.20884       -0.32650   1   3
        0.20884       -0.31612   1   4
        0.20884       -0.31612   1   5
        0.20884       -0.07993   1   6
        0.20884        0.50781   1   7
        0.20884        0.69478   1   8
        0.20884        0.69478   1   9
        0.22044       -0.56925   1   1
        0.22044       -0.56039   1   2
        0.22044       -0.32489   1   3
        0.22044       -0.31076   1   4
        0.22044       -0.31076   1   5
        0.22044       -0.03681   1   6
        0.22044        0.44925   1   7
        0.22044        0.67854   1   8
        0.22044        0.67854   1   9
        0.23204       -0.57121   1   1
        0.23204       -0.56200   1   2
        0.23204       -0.32390   1   3
        0.23204       -0.30746   1   4
        0.23204       -0.30746   1   5
        0.23204       -0.00379   1   6
        0.23204        0.40577   1   7
        0.23204        0.66852   1   8
        0.23204        0.66852   1   9
        0.24364       -0.57187   1   1
        0.24364       -0.56253   1   2
        0.24364       -0.32356   1   3
        0.24364       -0.30635   1   4
        0.24364       -0.30635   1   5
        0.24364        0.00921   1   6
        0.24364        0.38896   1   7
        0.24364        0.66512   1   8
        0.24364        0.66512   1   9
        0.24364       -0.57187   1   1
        0.24364       -0.56253   1   2
        0.24364       -0.32356   1   3
        0.24364       -0.30635   1   4
        0.24364       -0.30635   1   5
        0.24364        0.00921   1   6
        0.24364        0.38896   1   7
        0.24364        0.66512   1   8
        0.24364        0.66512   1   9
        0.25800       -0.57040   1   1
        0.25800       -0.56120   1   2
        0.25800       -0.32496   1   3
        0.25800       -0.31105   1   4
        0.25800       -0.30697   1   5
        0.25800        0.01643   1   6
        0.25800        0.38896   1   7
        0.25800        0.64736   1   8
        0.25800        0.66995   1   9
        0.27236       -0.56657   1   1
        0.27236       -0.55697   1   2
        0.27236       -0.32904   1   3
        0.27236       -0.32383   1   4
        0.27236       -0.30880   1   5
        0.27236        0.03709   1   6
        0.27236        0.38876   1   7
        0.27236        0.59882   1   8
        0.27236        0.68442   1   9
        0.28671       -0.56142   1   1
        0.28671       -0.54947   1   2
        0.28671       -0.34174   1   3
        0.28671       -0.33549   1   4
        0.28671       -0.31182   1   5
        0.28671        0.06894   1   6
        0.28671        0.38747   1   7
        0.28671        0.53144   1   8
        0.28671        0.70836   1   9
        0.30107       -0.55547   1   1
        0.30107       -0.53878   1   2
        0.30107       -0.36192   1   3
        0.30107       -0.34374   1   4
        0.30107       -0.31592   1   5
        0.30107        0.10947   1   6
        0.30107        0.38033   1   7
        0.30107        0.46233   1   8
        0.30107        0.74111   1   9
        0.31543       -0.54871   1   1
        0.31543       -0.52538   1   2
        0.31543       -0.38246   1   3
        0.31543       -0.35315   1   4
        0.31543       -0.32103   1   5
        0.31543        0.15646   1   6
        0.31543        0.34305   1   7
        0.31543        0.42417   1   8
        0.31543        0.78164   1   9
        0.32978       -0.54111   1   1
        0.32978       -0.51008   1   2
        0.32978       -0.40225   1   3
        0.32978       -0.36304   1   4
        0.32978       -0.32708   1   5
        0.32978        0.20810   1   6
        0.32978        0.27405   1   7
        0.32978        0.42195   1   8
        0.32978        0.82888   1   9
        0.32978       -0.54111   1   1
        0.32978       -0.51007   1   2
        0.32978       -0.40226   1   3
        0.32978       -0.36304   1   4
        0.32978       -0.32709   1   5
        0.32978        0.20812   1   6
        0.32978        0.27402   1   7
        0.32978        0.42195   1   8
        0.32978        0.82889   1   9
        0.34153       -0.53432   1   1
        0.34153       -0.49716   1   2
        0.34153       -0.41740   1   3
        0.34153       -0.37105   1   4
        0.34153       -0.33269   1   5
        0.34153        0.21263   1   6
        0.34153        0.25298   1   7
        0.34153        0.42868   1   8
        0.34153        0.87195   1   9
        0.35328       -0.52714   1   1
        0.35328       -0.48494   1   2
        0.35328       -0.43133   1   3
        0.35328       -0.37873   1   4
        0.35328       -0.33886   1   5
        0.35328        0.15084   1   6
        0.35328        0.30006   1   7
        0.35328        0.43926   1   8
        0.35328        0.91877   1   9
        0.36502       -0.51979   1   1
        0.36502       -0.47426   1   2
        0.36502       -0.44379   1   3
        0.36502       -0.38586   1   4
        0.36502       -0.34557   1   5
        0.36502        0.09005   1   6
        0.36502        0.34942   1   7
        0.36502        0.45337   1   8
        0.36502        0.96917   1   9
        0.37677       -0.51255   1   1
        0.37677       -0.46551   1   2
        0.37677       -0.45463   1   3
        0.37677       -0.39227   1   4
        0.37677       -0.35274   1   5
        0.37677        0.03112   1   6
        0.37677        0.40119   1   7
        0.37677        0.47184   1   8
        0.37677        1.02308   1   9
        0.38852       -0.50579   1   1
        0.38852       -0.46376   1   2
        0.38852       -0.45866   1   3
        0.38852       -0.39781   1   4
        0.38852       -0.36030   1   5
        0.38852       -0.02567   1   6
        0.38852        0.45550   1   7
        0.38852        0.49603   1   8
        0.38852        1.08090   1   9
        0.40026       -0.50002   1   1
        0.40026       -0.47113   1   2
        0.40026       -0.45357   1   3
        0.40026       -0.40232   1   4
        0.40026       -0.36811   1   5
        0.40026       -0.07991   1   6
        0.40026        0.51195   1   7
        0.40026        0.52700   1   8
        0.40026        1.14314   1   9
        0.41201       -0.49602   1   1
        0.41201       -0.47676   1   2
        0.41201       -0.45004   1   3
        0.41201       -0.40569   1   4
        0.41201       -0.37609   1   5
        0.41201       -0.13124   1   6
        0.41201        0.56514   1   7
        0.41201        0.57030   1   8
        0.41201        1.21083   1   9
        0.42376       -0.49504   1   1
        0.42376       -0.48071   1   2
        0.42376       -0.44767   1   3
        0.42376       -0.40785   1   4
        0.42376       -0.38409   1   5
        0.42376       -0.17873   1   6
        0.42376        0.60974   1   7
        0.42376        0.63023   1   8
        0.42376        1.28434   1   9
        0.43550       -0.49871   1   1
        0.43550       -0.48306   1   2
        0.43550       -0.44560   1   3
        0.43550       -0.40879   1   4
        0.43550       -0.39203   1   5
        0.43550       -0.22122   1   6
        0.43550        0.65934   1   7
        0.43550        0.69182   1   8
        0.43550        1.36245   1   9
        0.44725       -0.50795   1   1
        0.44725       -0.48397   1   2
        0.44725       -0.44305   1   3
        0.44725       -0.40862   1   4
        0.44725       -0.39985   1   5
        0.44725       -0.25797   1   6
        0.44725        0.71260   1   7
        0.44725        0.75571   1   8
        0.44725        1.44164   1   9
        0.45900       -0.52198   1   1
        0.45900       -0.48359   1   2
        0.45900       -0.44000   1   3
        0.45900       -0.40748   1   4
        0.45900       -0.40745   1   5
        0.45900       -0.28875   1   6
        0.45900        0.76854   1   7
        0.45900        0.82232   1   8
        0.45900        1.51508   1   9
        0.47074       -0.53901   1   1
        0.47074       -0.48212   1   2
        0.47074       -0.43705   1   3
        0.47074       -0.41478   1   4
        0.47074       -0.40551   1   5
        0.47074       -0.31419   1   6
        0.47074        0.82729   1   7
        0.47074        0.89189   1   8
        0.47074        1.57440   1   9
        0.48249       -0.55733   1   1
        0.48249       -0.47973   1   2
        0.48249       -0.43490   1   3
        0.48249       -0.42172   1   4
        0.48249       -0.40289   1   5
        0.48249       -0.33485   1   6
        0.48249        0.88935   1   7
        0.48249        0.96350   1   8
        0.48249        1.61122   1   9
        0.49424       -0.57607   1   1
        0.49424       -0.47664   1   2
        0.49424       -0.43415   1   3
        0.49424       -0.42816   1   4
        0.49424       -0.39976   1   5
        0.49424       -0.35099   1   6
        0.49424        0.95504   1   7
        0.49424        1.03514   1   8
        0.49424        1.62035   1   9
        0.50598       -0.59494   1   1
        0.50598       -0.47305   1   2
        0.50598       -0.43515   1   3
        0.50598       -0.43404   1   4
        0.50598       -0.39630   1   5
        0.50598       -0.36272   1   6
        0.50598        1.02389   1   7
        0.50598        1.10417   1   8
        0.50598        1.60178   1   9
        0.51773       -0.61350   1   1
        0.51773       -0.46921   1   2
        0.51773       -0.43925   1   3
        0.51773       -0.43778   1   4
        0.51773       -0.39268   1   5
        0.51773       -0.37038   1   6
        0.51773        1.09364   1   7
        0.51773        1.16735   1   8
        0.51773        1.56112   1   9
        0.52948       -0.63101   1   1
        0.52948       -0.46538   1   2
        0.52948       -0.44378   1   3
        0.52948       -0.44144   1   4
        0.52948       -0.38912   1   5
        0.52948       -0.37488   1   6
        0.52948        1.16103   1   7
        0.52948        1.22213   1   8
        0.52948        1.50787   1   9
        0.54122       -0.64638   1   1
        0.54122       -0.46183   1   2
        0.54122       -0.44757   1   3
        0.54122       -0.44541   1   4
        0.54122       -0.38584   1   5
        0.54122       -0.37729   1   6
        0.54122        1.22193   1   7
        0.54122        1.26664   1   8
        0.54122        1.45280   1   9
        0.55297       -0.65867   1   1
        0.55297       -0.45880   1   2
        0.55297       -0.45058   1   3
        0.55297       -0.44908   1   4
        0.55297       -0.38307   1   5
        0.55297       -0.37847   1   6
        0.55297        1.27253   1   7
        0.55297        1.30023   1   8
        0.55297        1.40484   1   9
        0.56471       -0.66739   1   1
        0.56471       -0.45650   1   2
        0.56471       -0.45279   1   3
        0.56471       -0.45203   1   4
        0.56471       -0.38098   1   5
        0.56471       -0.37899   1   6
        0.56471        1.31017   1   7
        0.56471        1.32328   1   8
        0.56471        1.36922   1   9
        0.57646       -0.67248   1   1
        0.57646       -0.45507   1   2
        0.57646       -0.45413   1   3
        0.57646       -0.45393   1   4
        0.57646       -0.37967   1   5
        0.57646       -0.37919   1   6
        0.57646        1.33317   1   7
        0.57646        1.33657   1   8
        0.57646        1.34792   1   9
        0.58821       -0.67415   1   1
        0.58821       -0.45459   1   2
        0.58821       -0.45459   1   3
        0.58821       -0.45459   1   4
        0.58821       -0.37923   1   5
        0.58821       -0.37923   1   6
        0.58821        1.34090   1   7
        0.58821        1.34090   1   8
        0.58821        1.34090   1   9
        0.58821       -0.67415   1   1
        0.58821       -0.45459   1   2
        0.58821       -0.45459   1   3
        0.58821       -0.45459   1   4
        0.58821       -0.37923   1   5
        0.58821       -0.37923   1   6
        0.58821        1.34090   1   7
        0.58821        1.34090   1   8
        0.58821        1.34090   1   9
        0.59993       -0.67249   1   1
        0.59993       -0.45500   1   2
        0.59993       -0.45407   1   3
        0.59993       -0.45407   1   4
        0.59993       -0.37943   1   5
        0.59993       -0.37943   1   6
        0.59993        1.32948   1   7
        0.59993        1.34408   1   8
        0.59993        1.34408   1   9
        0.61165       -0.66741   1   1
        0.61165       -0.45618   1   2
        0.61165       -0.45258   1   3
        0.61165       -0.45258   1   4
        0.61165       -0.37997   1   5
        0.61165       -0.37997   1   6
        0.61165        1.29580   1   7
        0.61165        1.35323   1   8
        0.61165        1.35323   1   9
        0.62337       -0.65880   1   1
        0.62337       -0.45795   1   2
        0.62337       -0.45030   1   3
        0.62337       -0.45030   1   4
        0.62337       -0.38073   1   5
        0.62337       -0.38073   1   6
        0.62337        1.24180   1   7
        0.62337        1.36698   1   8
        0.62337        1.36698   1   9
        0.63510       -0.64684   1   1
        0.63510       -0.45996   1   2
        0.63510       -0.44748   1   3
        0.63510       -0.44748   1   4
        0.63510       -0.38144   1   5
        0.63510       -0.38144   1   6
        0.63510        1.17077   1   7
        0.63510        1.38288   1   8
        0.63510        1.38288   1   9
        0.64682       -0.63221   1   1
        0.64682       -0.46165   1   2
        0.64682       -0.44451   1   3
        0.64682       -0.44451   1   4
        0.64682       -0.38172   1   5
        0.64682       -0.38172   1   6
        0.64682        1.08760   1   7
        0.64682        1.39729   1   8
        0.64682        1.39729   1   9
        0.65854       -0.61595   1   1
        0.65854       -0.46205   1   2
        0.65854       -0.44183   1   3
        0.65854       -0.44183   1   4
        0.65854       -0.38109   1   5
        0.65854       -0.38109   1   6
        0.65854        0.99764   1   7
        0.65854        1.40607   1   8
        0.65854        1.40607   1   9
        0.67026       -0.59934   1   1
        0.67026       -0.45967   1   2
        0.67026       -0.43995   1   3
        0.67026       -0.43995   1   4
        0.67026       -0.37908   1   5
        0.67026       -0.37908   1   6
        0.67026        0.90562   1   7
        0.67026        1.40573   1   8
        0.67026        1.40573   1   9
        0.68199       -0.58414   1   1
        0.68199       -0.45236   1   2
        0.68199       -0.43922   1   3
        0.68199       -0.43922   1   4
        0.68199       -0.37539   1   5
        0.68199       -0.37539   1   6
        0.68199        0.81497   1   7
        0.68199        1.39469   1   8
        0.68199        1.39469   1   9
        0.69371       -0.57236   1   1
        0.69371       -0.43973   1   2
        0.69371       -0.43973   1   3
        0.69371       -0.43777   1   4
        0.69371       -0.37007   1   5
        0.69371       -0.37007   1   6
        0.69371        0.72708   1   7
        0.69371        1.37387   1   8
        0.69371        1.37387   1   9
        0.70543       -0.56525   1   1
        0.70543       -0.44128   1   2
        0.70543       -0.44128   1   3
        0.70543       -0.41478   1   4
        0.70543       -0.36351   1   5
        0.70543       -0.36351   1   6
        0.70543        0.64248   1   7
        0.70543        1.34640   1   8
        0.70543        1.34640   1   9
        0.71715       -0.56237   1   1
        0.71715       -0.44351   1   2
        0.71715       -0.44351   1   3
        0.71715       -0.38428   1   4
        0.71715       -0.35620   1   5
        0.71715       -0.35620   1   6
        0.71715        0.56093   1   7
        0.71715        1.31628   1   8
        0.71715        1.31628   1   9
        0.72888       -0.56233   1   1
        0.72888       -0.44606   1   2
        0.72888       -0.44606   1   3
        0.72888       -0.34867   1   4
        0.72888       -0.34867   1   5
        0.72888       -0.34818   1   6
        0.72888        0.48228   1   7
        0.72888        1.28693   1   8
        0.72888        1.28693   1   9
        0.74060       -0.56381   1   1
        0.74060       -0.44863   1   2
        0.74060       -0.44863   1   3
        0.74060       -0.34137   1   4
        0.74060       -0.34137   1   5
        0.74060       -0.30801   1   6
        0.74060        0.40647   1   7
        0.74060        1.26011   1   8
        0.74060        1.26011   1   9
        0.75232       -0.56583   1   1
        0.75232       -0.45099   1   2
        0.75232       -0.45099   1   3
        0.75232       -0.33473   1   4
        0.75232       -0.33473   1   5
        0.75232       -0.26515   1   6
        0.75232        0.33445   1   7
        0.75232        1.23638   1   8
        0.75232        1.23638   1   9
        0.76404       -0.56777   1   1
        0.76404       -0.45297   1   2
        0.76404       -0.45297   1   3
        0.76404       -0.32915   1   4
        0.76404       -0.32915   1   5
        0.76404       -0.22129   1   6
        0.76404        0.26803   1   7
        0.76404        1.21589   1   8
        0.76404        1.21589   1   9
        0.77576       -0.56928   1   1
        0.77576       -0.45446   1   2
        0.77576       -0.45446   1   3
        0.77576       -0.32493   1   4
        0.77576       -0.32493   1   5
        0.77576       -0.17968   1   6
        0.77576        0.21057   1   7
        0.77576        1.19940   1   8
        0.77576        1.19940   1   9
        0.78749       -0.57021   1   1
        0.78749       -0.45539   1   2
        0.78749       -0.45539   1   3
        0.78749       -0.32230   1   4
        0.78749       -0.32230   1   5
        0.78749       -0.14699   1   6
        0.78749        0.16860   1   7
        0.78749        1.18843   1   8
        0.78749        1.18843   1   9
        0.79921       -0.57051   1   1
        0.79921       -0.45570   1   2
        0.79921       -0.45570   1   3
        0.79921       -0.32141   1   4
        0.79921       -0.32141   1   5
        0.79921       -0.13382   1   6
        0.79921        0.15239   1   7
        0.79921        1.18454   1   8
        0.79921        1.18454   1   9
        0.79921       -0.57051   1   1
        0.79921       -0.45570   1   2
        0.79921       -0.45570   1   3
        0.79921       -0.32141   1   4
        0.79921       -0.32141   1   5
        0.79921       -0.13382   1   6
        0.79921        0.15239   1   7
        0.79921        1.18454   1   8
        0.79921        1.18454   1   9
        0.81152       -0.56923   1   1
        0.81152       -0.45647   1   2
        0.81152       -0.45470   1   3
        0.81152       -0.32593   1   4
        0.81152       -0.32156   1   5
        0.81152       -0.12759   1   6
        0.81152        0.15287   1   7
        0.81152        1.17294   1   8
        0.81152        1.17979   1   9
        0.82382       -0.56550   1   1
        0.82382       -0.45875   1   2
        0.82382       -0.45172   1   3
        0.82382       -0.33796   1   4
        0.82382       -0.32202   1   5
        0.82382       -0.11035   1   6
        0.82382        0.15424   1   7
        0.82382        1.13979   1   8
        0.82382        1.16475   1   9
        0.83613       -0.55958   1   1
        0.83613       -0.46241   1   2
        0.83613       -0.44679   1   3
        0.83613       -0.35438   1   4
        0.83613       -0.32277   1   5
        0.83613       -0.08498   1   6
        0.83613        0.15638   1   7
        0.83613        1.08929   1   8
        0.83613        1.13749   1   9
        0.84843       -0.55185   1   1
        0.84843       -0.46725   1   2
        0.84843       -0.43999   1   3
        0.84843       -0.37250   1   4
        0.84843       -0.32377   1   5
        0.84843       -0.05386   1   6
        0.84843        0.15936   1   7
        0.84843        1.02668   1   8
        0.84843        1.09628   1   9
        0.86074       -0.54272   1   1
        0.86074       -0.47305   1   2
        0.86074       -0.43144   1   3
        0.86074       -0.39052   1   4
        0.86074       -0.32495   1   5
        0.86074       -0.01841   1   6
        0.86074        0.16352   1   7
        0.86074        0.95652   1   8
        0.86074        1.04084   1   9
        0.87304       -0.53267   1   1
        0.87304       -0.47951   1   2
        0.87304       -0.42144   1   3
        0.87304       -0.40737   1   4
        0.87304       -0.32612   1   5
        0.87304        0.02049   1   6
        0.87304        0.16937   1   7
        0.87304        0.88233   1   8
        0.87304        0.97328   1   9
        0.88535       -0.52223   1   1
        0.88535       -0.48630   1   2
        0.88535       -0.42253   1   3
        0.88535       -0.41055   1   4
        0.88535       -0.32697   1   5
        0.88535        0.06236   1   6
        0.88535        0.17744   1   7
        0.88535        0.80663   1   8
        0.88535        0.89777   1   9
        0.89766       -0.51191   1   1
        0.89766       -0.49309   1   2
        0.89766       -0.43582   1   3
        0.89766       -0.39976   1   4
        0.89766       -0.32696   1   5
        0.89766        0.10668   1   6
        0.89766        0.18823   1   7
        0.89766        0.73164   1   8
        0.89766        0.81963   1   9
        0.90996       -0.50211   1   1
        0.90996       -0.49955   1   2
        0.90996       -0.44724   1   3
        0.90996       -0.39045   1   4
        0.90996       -0.32538   1   5
        0.90996        0.15276   1   6
        0.90996        0.20239   1   7
        0.90996        0.65934   1   8
        0.90996        0.74395   1   9
        0.92227       -0.50537   1   1
        0.92227       -0.49319   1   2
        0.92227       -0.45674   1   3
        0.92227       -0.38386   1   4
        0.92227       -0.32180   1   5
        0.92227        0.19938   1   6
        0.92227        0.22081   1   7
        0.92227        0.59139   1   8
        0.92227        0.67473   1   9
        0.93457       -0.51029   1   1
        0.93457       -0.48547   1   2
        0.93457       -0.46427   1   3
        0.93457       -0.38026   1   4
        0.93457       -0.31669   1   5
        0.93457        0.24458   1   6
        0.93457        0.24482   1   7
        0.93457        0.52853   1   8
        0.93457        0.61429   1   9
        0.94688       -0.51406   1   1
        0.94688       -0.47939   1   2
        0.94688       -0.46970   1   3
        0.94688       -0.37888   1   4
        0.94688       -0.31149   1   5
        0.94688        0.27424   1   6
        0.94688        0.28616   1   7
        0.94688        0.47118   1   8
        0.94688        0.56446   1   9
        0.95919       -0.51645   1   1
        0.95919       -0.47545   1   2
        0.95919       -0.47298   1   3
        0.95919       -0.37860   1   4
        0.95919       -0.30769   1   5
        0.95919        0.30819   1   6
        0.95919        0.31813   1   7
        0.95919        0.42092   1   8
        0.95919        0.52854   1   9
        0.97149       -0.51727   1   1
        0.97149       -0.47408   1   2
        0.97149       -0.47407   1   3
        0.97149       -0.37861   1   4
        0.97149       -0.30632   1   5
        0.97149        0.33110   1   6
        0.97149        0.33111   1   7
        0.97149        0.39264   1   8
        0.97149        0.51447   1   9
        0.97149       -0.51727   1   1
        0.97149       -0.47408   1   2
        0.97149       -0.47407   1   3
        0.97149       -0.37861   1   4
        0.97149       -0.30632   1   5
        0.97149        0.33110   1   6
        0.97149        0.33111   1   7
        0.97149        0.39264   1   8
        0.97149        0.51447   1   9
        0.98367       -0.51928   1   1
        0.98367       -0.49071   1   2
        0.98367       -0.45598   1   3
        0.98367       -0.37663   1   4
        0.98367       -0.30636   1   5
        0.98367        0.28699   1   6
        0.98367        0.37501   1   7
        0.98367        0.39247   1   8
        0.98367        0.51778   1   9
        0.99586       -0.52472   1   1
        0.99586       -0.50570   1   2
        0.99586       -0.43668   1   3
        0.99586       -0.37127   1   4
        0.99586       -0.30645   1   5
        0.99586        0.24286   1   6
        0.99586        0.39196   1   7
        0.99586        0.41909   1   8
        0.99586        0.52711   1   9
        1.00804       -0.53222   1   1
        1.00804       -0.51894   1   2
        1.00804       -0.41653   1   3
        1.00804       -0.36375   1   4
        1.00804       -0.30650   1   5
        1.00804        0.19939   1   6
        1.00804        0.39119   1   7
        1.00804        0.46385   1   8
        1.00804        0.54118   1   9
        1.02022       -0.54050   1   1
        1.02022       -0.53038   1   2
        1.02022       -0.39591   1   3
        1.02022       -0.35529   1   4
        1.02022       -0.30645   1   5
        1.02022        0.15749   1   6
        1.02022        0.39033   1   7
        1.02022        0.50908   1   8
        1.02022        0.55876   1   9
        1.03240       -0.54867   1   1
        1.03240       -0.54003   1   2
        1.03240       -0.37533   1   3
        1.03240       -0.34681   1   4
        1.03240       -0.30633   1   5
        1.03240        0.11830   1   6
        1.03240        0.38963   1   7
        1.03240        0.55298   1   8
        1.03240        0.57909   1   9
        1.04458       -0.55620   1   1
        1.04458       -0.54797   1   2
        1.04458       -0.35531   1   3
        1.04458       -0.33903   1   4
        1.04458       -0.30622   1   5
        1.04458        0.08297   1   6
        1.04458        0.38922   1   7
        1.04458        0.59261   1   8
        1.04458        0.60150   1   9
        1.05677       -0.56265   1   1
        1.05677       -0.55423   1   2
        1.05677       -0.33673   1   3
        1.05677       -0.33248   1   4
        1.05677       -0.30619   1   5
        1.05677        0.05285   1   6
        1.05677        0.38906   1   7
        1.05677        0.62450   1   8
        1.05677        0.62483   1   9
        1.06895       -0.56763   1   1
        1.06895       -0.55880   1   2
        1.06895       -0.32758   1   3
        1.06895       -0.32101   1   4
        1.06895       -0.30624   1   5
        1.06895        0.02944   1   6
        1.06895        0.38900   1   7
        1.06895        0.64521   1   8
        1.06895        0.64768   1   9
        1.08113       -0.57078   1   1
        1.08113       -0.56159   1   2
        1.08113       -0.32457   1   3
        1.08113       -0.31023   1   4
        1.08113       -0.30632   1   5
        1.08113        0.01442   1   6
        1.08113        0.38897   1   7
        1.08113        0.65983   1   8
        1.08113        0.66087   1   9
        1.09331       -0.57187   1   1
        1.09331       -0.56253   1   2
        1.09331       -0.32356   1   3
        1.09331       -0.30635   1   4
        1.09331       -0.30635   1   5
        1.09331        0.00921   1   6
        1.09331        0.38896   1   7
        1.09331        0.66512   1   8
        1.09331        0.66512   1   9
