        0.00000       -0.26291   1   1
        0.00000       -0.26291   1   2
        0.00000       -0.26291   1   3
        0.00000       -0.19952   1   4
        0.00000       -0.19952   1   5
        0.04762       -0.26384   1   1
        0.04762       -0.26292   1   2
        0.04762       -0.26292   1   3
        0.04762       -0.20138   1   4
        0.04762       -0.19861   1   5
        0.09524       -0.26617   1   1
        0.09524       -0.26228   1   2
        0.09524       -0.26228   1   3
        0.09524       -0.20559   1   4
        0.09524       -0.19656   1   5
        0.14286       -0.26914   1   1
        0.14286       -0.25977   1   2
        0.14286       -0.25977   1   3
        0.14286       -0.20905   1   4
        0.14286       -0.19509   1   5
        0.19048       -0.27265   1   1
        0.19048       -0.25520   1   2
        0.19048       -0.25520   1   3
        0.19048       -0.20935   1   4
        0.19048       -0.19542   1   5
        0.23810       -0.27719   1   1
        0.23810       -0.24953   1   2
        0.23810       -0.24953   1   3
        0.23810       -0.20736   1   4
        0.23810       -0.19649   1   5
        0.28571       -0.28302   1   1
        0.28571       -0.24378   1   2
        0.28571       -0.24378   1   3
        0.28571       -0.20807   1   4
        0.28571       -0.19563   1   5
        0.33333       -0.28987   1   1
        0.33333       -0.23812   1   2
        0.33333       -0.23812   1   3
        0.33333       -0.21586   1   4
        0.33333       -0.19170   1   5
        0.38095       -0.29738   1   1
        0.38095       -0.23210   1   2
        0.38095       -0.23210   1   3
        0.38095       -0.22666   1   4
        0.38095       -0.18686   1   5
        0.42857       -0.30530   1   1
        0.42857       -0.23023   1   2
        0.42857       -0.22535   1   3
        0.42857       -0.22535   1   4
        0.42857       -0.18427   1   5
        0.47619       -0.31336   1   1
        0.47619       -0.21928   1   2
        0.47619       -0.21773   1   3
        0.47619       -0.21773   1   4
        0.47619       -0.18376   1   5
        0.52381       -0.32119   1   1
        0.52381       -0.20919   1   2
        0.52381       -0.20919   1   3
        0.52381       -0.19748   1   4
        0.52381       -0.18185   1   5
        0.57143       -0.32859   1   1
        0.57143       -0.19996   1   2
        0.57143       -0.19996   1   3
        0.57143       -0.19509   1   4
        0.57143       -0.17658   1   5
        0.61905       -0.33562   1   1
        0.61905       -0.24450   1   2
        0.61905       -0.19063   1   3
        0.61905       -0.19063   1   4
        0.61905       -0.17019   1   5
        0.66667       -0.34238   1   1
        0.66667       -0.30721   1   2
        0.66667       -0.18184   1   3
        0.66667       -0.18184   1   4
        0.66667       -0.16640   1   5
        0.71429       -0.34871   1   1
        0.71429       -0.34748   1   2
        0.71429       -0.17376   1   3
        0.71429       -0.17376   1   4
        0.71429       -0.16552   1   5
        0.76190       -0.36860   1   1
        0.76190       -0.35431   1   2
        0.76190       -0.16625   1   3
        0.76190       -0.16625   1   4
        0.76190       -0.16444   1   5
        0.80952       -0.38001   1   1
        0.80952       -0.35898   1   2
        0.80952       -0.16123   1   3
        0.80952       -0.15942   1   4
        0.80952       -0.15942   1   5
        0.85714       -0.38774   1   1
        0.85714       -0.36267   1   2
        0.85714       -0.15755   1   3
        0.85714       -0.15369   1   4
        0.85714       -0.15369   1   5
        0.90476       -0.39410   1   1
        0.90476       -0.36537   1   2
        0.90476       -0.15614   1   3
        0.90476       -0.14953   1   4
        0.90476       -0.14953   1   5
        0.95238       -0.39854   1   1
        0.95238       -0.36702   1   2
        0.95238       -0.15709   1   3
        0.95238       -0.14707   1   4
        0.95238       -0.14707   1   5
        1.00000       -0.40011   1   1
        1.00000       -0.36757   1   2
        1.00000       -0.15791   1   3
        1.00000       -0.14626   1   4
        1.00000       -0.14626   1   5
        1.00000       -0.40011   1   1
        1.00000       -0.36757   1   2
        1.00000       -0.15791   1   3
        1.00000       -0.14626   1   4
        1.00000       -0.14626   1   5
        1.05893       -0.39891   1   1
        1.05893       -0.36692   1   2
        1.05893       -0.15963   1   3
        1.05893       -0.15104   1   4
        1.05893       -0.14690   1   5
        1.11785       -0.39515   1   1
        1.11785       -0.36441   1   2
        1.11785       -0.16372   1   3
        1.11785       -0.16283   1   4
        1.11785       -0.14884   1   5
        1.17678       -0.38849   1   1
        1.17678       -0.35948   1   2
        1.17678       -0.17835   1   3
        1.17678       -0.16857   1   4
        1.17678       -0.15164   1   5
        1.23570       -0.37906   1   1
        1.23570       -0.35325   1   2
        1.23570       -0.19790   1   3
        1.23570       -0.17420   1   4
        1.23570       -0.15425   1   5
        1.29463       -0.36814   1   1
        1.29463       -0.34753   1   2
        1.29463       -0.22117   1   3
        1.29463       -0.18147   1   4
        1.29463       -0.15634   1   5
        1.35355       -0.35770   1   1
        1.35355       -0.34155   1   2
        1.35355       -0.24301   1   3
        1.35355       -0.18982   1   4
        1.35355       -0.15942   1   5
        1.35355       -0.35770   1   1
        1.35355       -0.34155   1   2
        1.35355       -0.24301   1   3
        1.35355       -0.18982   1   4
        1.35355       -0.15942   1   5
        1.40177       -0.34991   1   1
        1.40177       -0.33422   1   2
        1.40177       -0.25611   1   3
        1.40177       -0.19620   1   4
        1.40177       -0.16396   1   5
        1.44998       -0.34193   1   1
        1.44998       -0.32384   1   2
        1.44998       -0.26502   1   3
        1.44998       -0.20168   1   4
        1.44998       -0.17009   1   5
        1.49819       -0.33341   1   1
        1.49819       -0.31170   1   2
        1.49819       -0.27287   1   3
        1.49819       -0.20683   1   4
        1.49819       -0.17632   1   5
        1.54640       -0.32577   1   1
        1.54640       -0.29989   1   2
        1.54640       -0.28289   1   3
        1.54640       -0.21252   1   4
        1.54640       -0.18124   1   5
        1.59461       -0.32044   1   1
        1.59461       -0.29485   1   2
        1.59461       -0.28844   1   3
        1.59461       -0.21868   1   4
        1.59461       -0.18488   1   5
        1.64282       -0.31469   1   1
        1.64282       -0.30514   1   2
        1.64282       -0.27616   1   3
        1.64282       -0.22404   1   4
        1.64282       -0.18876   1   5
        1.69104       -0.31030   1   1
        1.69104       -0.30402   1   2
        1.69104       -0.26069   1   3
        1.69104       -0.22711   1   4
        1.69104       -0.19458   1   5
        1.73925       -0.30951   1   1
        1.73925       -0.28913   1   2
        1.73925       -0.23429   1   3
        1.73925       -0.22749   1   4
        1.73925       -0.20249   1   5
        1.78746       -0.30481   1   1
        1.78746       -0.27575   1   2
        1.78746       -0.22626   1   3
        1.78746       -0.21078   1   4
        1.78746       -0.18932   1   5
        1.83567       -0.30034   1   1
        1.83567       -0.26559   1   2
        1.83567       -0.22521   1   3
        1.83567       -0.21749   1   4
        1.83567       -0.14186   1   5
        1.88388       -0.29919   1   1
        1.88388       -0.25846   1   2
        1.88388       -0.22524   1   3
        1.88388       -0.22206   1   4
        1.88388       -0.12801   1   5
        1.93210       -0.30021   1   1
        1.93210       -0.25478   1   2
        1.93210       -0.22571   1   3
        1.93210       -0.22549   1   4
        1.93210       -0.14997   1   5
        1.98031       -0.29960   1   1
        1.98031       -0.25433   1   2
        1.98031       -0.23032   1   3
        1.98031       -0.22427   1   4
        1.98031       -0.17647   1   5
        2.02852       -0.29484   1   1
        2.02852       -0.25482   1   2
        2.02852       -0.23667   1   3
        2.02852       -0.22075   1   4
        2.02852       -0.19106   1   5
        2.07673       -0.28664   1   1
        2.07673       -0.25350   1   2
        2.07673       -0.24369   1   3
        2.07673       -0.21575   1   4
        2.07673       -0.19515   1   5
        2.12494       -0.27853   1   1
        2.12494       -0.25105   1   2
        2.12494       -0.24956   1   3
        2.12494       -0.21122   1   4
        2.12494       -0.19440   1   5
        2.17315       -0.27394   1   1
        2.17315       -0.25336   1   2
        2.17315       -0.25068   1   3
        2.17315       -0.20853   1   4
        2.17315       -0.19364   1   5
        2.22137       -0.27268   1   1
        2.22137       -0.25559   1   2
        2.22137       -0.25388   1   3
        2.22137       -0.20724   1   4
        2.22137       -0.19479   1   5
        2.26958       -0.27166   1   1
        2.26958       -0.25864   1   2
        2.26958       -0.25750   1   3
        2.26958       -0.20581   1   4
        2.26958       -0.19680   1   5
        2.31779       -0.26873   1   1
        2.31779       -0.26192   1   2
        2.31779       -0.25981   1   3
        2.31779       -0.20338   1   4
        2.31779       -0.19841   1   5
        2.36600       -0.26480   1   1
        2.36600       -0.26290   1   2
        2.36600       -0.26199   1   3
        2.36600       -0.20071   1   4
        2.36600       -0.19927   1   5
        2.41421       -0.26291   1   1
        2.41421       -0.26291   1   2
        2.41421       -0.26291   1   3
        2.41421       -0.19952   1   4
        2.41421       -0.19952   1   5
        2.41421       -0.26291   1   1
        2.41421       -0.26291   1   2
        2.41421       -0.26291   1   3
        2.41421       -0.19952   1   4
        2.41421       -0.19952   1   5
        2.46233       -0.26503   1   1
        2.46233       -0.26232   1   2
        2.46233       -0.26232   1   3
        2.46233       -0.19998   1   4
        2.46233       -0.19998   1   5
        2.51044       -0.26870   1   1
        2.51044       -0.26086   1   2
        2.51044       -0.26086   1   3
        2.51044       -0.20085   1   4
        2.51044       -0.20085   1   5
        2.55855       -0.26957   1   1
        2.55855       -0.25907   1   2
        2.55855       -0.25907   1   3
        2.55855       -0.20128   1   4
        2.55855       -0.20128   1   5
        2.60666       -0.26706   1   1
        2.60666       -0.25716   1   2
        2.60666       -0.25716   1   3
        2.60666       -0.20126   1   4
        2.60666       -0.20126   1   5
        2.65478       -0.26552   1   1
        2.65478       -0.25500   1   2
        2.65478       -0.25500   1   3
        2.65478       -0.20138   1   4
        2.65478       -0.20138   1   5
        2.70289       -0.26974   1   1
        2.70289       -0.25263   1   2
        2.70289       -0.25263   1   3
        2.70289       -0.20152   1   4
        2.70289       -0.20152   1   5
        2.75100       -0.27775   1   1
        2.75100       -0.25072   1   2
        2.75100       -0.25072   1   3
        2.75100       -0.20034   1   4
        2.75100       -0.20034   1   5
        2.79911       -0.28257   1   1
        2.79911       -0.24992   1   2
        2.79911       -0.24992   1   3
        2.79911       -0.19692   1   4
        2.79911       -0.19692   1   5
        2.84723       -0.28014   1   1
        2.84723       -0.25032   1   2
        2.84723       -0.25032   1   3
        2.84723       -0.19211   1   4
        2.84723       -0.19211   1   5
        2.89534       -0.27382   1   1
        2.89534       -0.25173   1   2
        2.89534       -0.25173   1   3
        2.89534       -0.18748   1   4
        2.89534       -0.18748   1   5
        2.94345       -0.27660   1   1
        2.94345       -0.25402   1   2
        2.94345       -0.25402   1   3
        2.94345       -0.18339   1   4
        2.94345       -0.18339   1   5
        2.99156       -0.30141   1   1
        2.99156       -0.25674   1   2
        2.99156       -0.25674   1   3
        2.99156       -0.17890   1   4
        2.99156       -0.17890   1   5
        3.03968       -0.33910   1   1
        3.03968       -0.25911   1   2
        3.03968       -0.25911   1   3
        3.03968       -0.17335   1   4
        3.03968       -0.17335   1   5
        3.08779       -0.37094   1   1
        3.08779       -0.26069   1   2
        3.08779       -0.26069   1   3
        3.08779       -0.16728   1   4
        3.08779       -0.16728   1   5
        3.13590       -0.39132   1   1
        3.13590       -0.26181   1   2
        3.13590       -0.26181   1   3
        3.13590       -0.16199   1   4
        3.13590       -0.16199   1   5
        3.18401       -0.40281   1   1
        3.18401       -0.26297   1   2
        3.18401       -0.26297   1   3
        3.18401       -0.15861   1   4
        3.18401       -0.15861   1   5
        3.23213       -0.40854   1   1
        3.23213       -0.26407   1   2
        3.23213       -0.26407   1   3
        3.23213       -0.15714   1   4
        3.23213       -0.15714   1   5
        3.28024       -0.41027   1   1
        3.28024       -0.26456   1   2
        3.28024       -0.26456   1   3
        3.28024       -0.15680   1   4
        3.28024       -0.15680   1   5
        3.28024       -0.41027   1   1
        3.28024       -0.26456   1   2
        3.28024       -0.26456   1   3
        3.28024       -0.15680   1   4
        3.28024       -0.15680   1   5
        3.33075       -0.40838   1   1
        3.33075       -0.26556   1   2
        3.33075       -0.26385   1   3
        3.33075       -0.16032   1   4
        3.33075       -0.15698   1   5
        3.38125       -0.40310   1   1
        3.38125       -0.26839   1   2
        3.38125       -0.26173   1   3
        3.38125       -0.17014   1   4
        3.38125       -0.15748   1   5
        3.43176       -0.39554   1   1
        3.43176       -0.27260   1   2
        3.43176       -0.25807   1   3
        3.43176       -0.18450   1   4
        3.43176       -0.15814   1   5
        3.48227       -0.38702   1   1
        3.48227       -0.27785   1   2
        3.48227       -0.25264   1   3
        3.48227       -0.20161   1   4
        3.48227       -0.15886   1   5
        3.53278       -0.37816   1   1
        3.53278       -0.28412   1   2
        3.53278       -0.24530   1   3
        3.53278       -0.22000   1   4
        3.53278       -0.15960   1   5
        3.58328       -0.36854   1   1
        3.58328       -0.29168   1   2
        3.58328       -0.23834   1   3
        3.58328       -0.23641   1   4
        3.58328       -0.16051   1   5
        3.63379       -0.35749   1   1
        3.63379       -0.30080   1   2
        3.63379       -0.25510   1   3
        3.63379       -0.22698   1   4
        3.63379       -0.16157   1   5
        3.68430       -0.34510   1   1
        3.68430       -0.31120   1   2
        3.68430       -0.26894   1   3
        3.68430       -0.21837   1   4
        3.68430       -0.16232   1   5
        3.73481       -0.33257   1   1
        3.73481       -0.32162   1   2
        3.73481       -0.27946   1   3
        3.73481       -0.21171   1   4
        3.73481       -0.16165   1   5
        3.78532       -0.33043   1   1
        3.78532       -0.32146   1   2
        3.78532       -0.28717   1   3
        3.78532       -0.20725   1   4
        3.78532       -0.15873   1   5
        3.83582       -0.33666   1   1
        3.83582       -0.31261   1   2
        3.83582       -0.29281   1   3
        3.83582       -0.20428   1   4
        3.83582       -0.15413   1   5
        3.88633       -0.34032   1   1
        3.88633       -0.30602   1   2
        3.88633       -0.29684   1   3
        3.88633       -0.20202   1   4
        3.88633       -0.14951   1   5
        3.93684       -0.34201   1   1
        3.93684       -0.30173   1   2
        3.93684       -0.29933   1   3
        3.93684       -0.20040   1   4
        3.93684       -0.14628   1   5
        3.98735       -0.34246   1   1
        3.98735       -0.30019   1   2
        3.98735       -0.30019   1   3
        3.98735       -0.19979   1   4
        3.98735       -0.14514   1   5
        3.98735       -0.34246   1   1
        3.98735       -0.30019   1   2
        3.98735       -0.30019   1   3
        3.98735       -0.19979   1   4
        3.98735       -0.14514   1   5
        4.03735       -0.34503   1   1
        4.03735       -0.31344   1   2
        4.03735       -0.28522   1   3
        4.03735       -0.19938   1   4
        4.03735       -0.14547   1   5
        4.08735       -0.35168   1   1
        4.08735       -0.32493   1   2
        4.08735       -0.26867   1   3
        4.08735       -0.19677   1   4
        4.08735       -0.14618   1   5
        4.13735       -0.35998   1   1
        4.13735       -0.33479   1   2
        4.13735       -0.25060   1   3
        4.13735       -0.19057   1   4
        4.13735       -0.14661   1   5
        4.18735       -0.36814   1   1
        4.18735       -0.34329   1   2
        4.18735       -0.23114   1   3
        4.18735       -0.18246   1   4
        4.18735       -0.14641   1   5
        4.23735       -0.37610   1   1
        4.23735       -0.35072   1   2
        4.23735       -0.21094   1   3
        4.23735       -0.17537   1   4
        4.23735       -0.14604   1   5
        4.28735       -0.38408   1   1
        4.28735       -0.35713   1   2
        4.28735       -0.19138   1   3
        4.28735       -0.17024   1   4
        4.28735       -0.14623   1   5
        4.33735       -0.39123   1   1
        4.33735       -0.36217   1   2
        4.33735       -0.17391   1   3
        4.33735       -0.16615   1   4
        4.33735       -0.14689   1   5
        4.38735       -0.39638   1   1
        4.38735       -0.36548   1   2
        4.38735       -0.16232   1   3
        4.38735       -0.15963   1   4
        4.38735       -0.14712   1   5
        4.43735       -0.39923   1   1
        4.43735       -0.36712   1   2
        4.43735       -0.15917   1   3
        4.43735       -0.14983   1   4
        4.43735       -0.14663   1   5
        4.48735       -0.40011   1   1
        4.48735       -0.36757   1   2
        4.48735       -0.15791   1   3
        4.48735       -0.14626   1   4
        4.48735       -0.14626   1   5
